Gch_comingSoon999
0 2 5 0 0 0 0
N0 N1 
2 2 
N0 1 1
N1 
0 
0.25 0.75 
0.5181 0.4819 
N0 2
0.5091 0.4909 
N1 2
0.5 0.5 
5 100.0473 94.6806
###===
1 0 8 0 0 0 0
N0 0 1
N1 
1 
0.25 0.75 
0.2509 0.7491 
N0 2
0.3845 0.6155 
N1 2
0.5 0.5 
5 100.0473 94.6806
8 109.3649 0.5184
###===
2 3 0 0 0 0 0
N7 N5 N8 
2 3 2 
N7 0 2
N5 N8 
0 0 
0.25 0.75 
0.275 0.725 
N0 2
0.3845 0.6155 
N1 2
0.5 0.5 
N5 3
0.3333 0.3333 0.3333 
N7 2
0.4625 0.5375 
N8 2
0.5 0.5 
5 100.0473 94.6806
0 102.5242 13.7503
8 109.3649 0.5184
###===
3 0 9 30.3226 0 0 0
N7 0 1
N8 
0 
0.1722 0.767 
0.7373 0.2627 
N0 2
0.3845 0.6155 
N1 2
0.5 0.5 
N5 3
0.3014 0.3493 0.3493 
N7 2
0.6186 0.3813 
N8 2
0.5 0.5 
5 100.0473 94.6806
0 96.1013 13.7503
8 109.3649 0.5184
9 144.778 17.308
###===
4 0 8 0 0 0 0
N5 0 1
N8 
0 
0.2685 0.2721 
0.2686 0.3657 0.3657 
N0 2
0.3845 0.6155 
N1 2
0.5 0.5 
N5 3
0.301 0.3495 0.3495 
N7 2
0.6187 0.3813 
N8 2
0.5 0.5 
5 100.0473 94.6806
0 96.1134 13.7503
8 109.3651 0.0703
9 144.7942 17.308
###===
5 1 5 0 0 0 0
N9 
2 
N9 1 0
0.2594 0.7406 
0.2835 0.7165 
N0 2
0.3845 0.6155 
N1 2
0.5 0.5 
N5 3
0.301 0.3495 0.3495 
N7 2
0.6187 0.3813 
N8 2
0.5 0.5 
N9 2
0.2835 0.7165 
5 114.0297 12.8226
0 96.1134 13.7503
8 109.3651 0.0703
9 144.7942 17.308
###===
6 1 3 0 0 0 0
N6 
2 
N6 0 2
N5 N8 
2 1 
0.25 0.75 
0.275 0.725 
N0 2
0.3845 0.6155 
N1 2
0.5 0.5 
N5 3
0.301 0.3495 0.3495 
N6 2
0.4625 0.5375 
N7 2
0.6187 0.3813 
N8 2
0.5 0.5 
N9 2
0.2835 0.7165 
5 114.0297 12.8226
0 96.1134 13.7503
8 109.3651 0.0703
9 144.7942 17.308
3 102.5242 13.7504
###===
7 0 3 0 0 0 1
N9 1 0
0.6514 0.7423 
0.3441 0.6559 
N0 2
0.3845 0.6155 
N1 2
0.5 0.5 
N5 3
0.301 0.3495 0.3495 
N6 2
0.4625 0.5375 
N7 2
0.6187 0.3813 
N8 2
0.5 0.5 
N9 2
0.3441 0.6559 
5 105.9237 12.8226
0 96.1134 13.7503
8 109.3651 0.0703
9 144.7942 17.308
3 103.779 1.0013
1
5 100.0473 94.6806
0 100 100
8 100 100
9 130.3226 130.3226
3 100 100
N0 2
0.3845 0.6155 
N1 2
0.5 0.5 
N5 3
0.301 0.3495 0.3495 
N6 2
0.4625 0.5375 
N7 2
0.6187 0.3813 
N8 2
0.5 0.5 
N9 2
0.3441 0.6559 
###===
8 0 2 0 0 0 0
N7 1 1
N8 
1 
0.25 0.75 
0.275 0.725 
N0 2
0.3845 0.6155 
N1 2
0.5 0.5 
N5 3
0.301 0.3495 0.3495 
N6 2
0.4625 0.5375 
N7 2
0.5062 0.4938 
N8 2
0.5 0.5 
N9 2
0.3441 0.6559 
5 100.0473 94.6806
0 100 100
8 100 100
2 107.5726 13.7503
9 130.3226 130.3226
3 100 100
###===
9 0 6 0 0 0 0
N6 0 2
N5 N8 
2 0 
0.25 0.75 
0.275 0.725 
N0 2
0.3845 0.6155 
N1 2
0.5 0.5 
N5 3
0.301 0.3495 0.3495 
N6 2
0.4214 0.5786 
N7 2
0.5062 0.4938 
N8 2
0.5 0.5 
N9 2
0.3441 0.6559 
6 102.7693 13.7504
5 100.0473 94.6806
0 100 100
8 100 100
2 107.5726 13.7503
9 130.3226 130.3226
3 100 100
###===
10 0 3 0 0 0 1
N9 1 0
0.328 0.828 
0.647 0.353 
N0 2
0.3845 0.6155 
N1 2
0.5 0.5 
N5 3
0.301 0.3495 0.3495 
N6 2
0.4214 0.5786 
N7 2
0.5062 0.4938 
N8 2
0.5 0.5 
N9 2
0.647 0.353 
6 102.7693 13.7504
5 100.0473 94.6806
0 100 100
8 100 100
2 107.5726 13.7503
9 130.3226 130.3226
3 127.3863 10.6192
1
6 100 100
5 100.0473 94.6806
0 100 100
8 100 100
2 100 100
9 130.3226 130.3226
3 100 100
N0 2
0.3845 0.6155 
N1 2
0.5 0.5 
N5 3
0.301 0.3495 0.3495 
N6 2
0.4214 0.5786 
N7 2
0.5062 0.4938 
N8 2
0.5 0.5 
N9 2
0.647 0.353 
###===
11 3 1 0 0 0 0
N3 N2 N4 
2 2 2 
N3 0 2
N2 N4 
0 1 
0.25 0.75 
0.725 0.275 
N0 2
0.3845 0.6155 
N1 2
0.5 0.5 
N2 2
0.5 0.5 
N3 2
0.5562 0.4437 
N4 2
0.5 0.5 
N5 3
0.301 0.3495 0.3495 
N6 2
0.4214 0.5786 
N7 2
0.5062 0.4938 
N8 2
0.5 0.5 
N9 2
0.647 0.353 
6 100 100
5 100.0473 94.6806
0 100 100
8 100 100
2 100 100
9 130.3226 130.3226
1 103.7863 13.7504
3 100 100
###===
12 0 3 0 0 0 0
N4 1 1
N2 
1 
0.25 0.75 
0.7009 0.2991 
N0 2
0.3845 0.6155 
N1 2
0.5 0.5 
N2 2
0.5 0.5 
N3 2
0.5563 0.4438 
N4 2
0.6005 0.3996 
N5 3
0.301 0.3495 0.3495 
N6 2
0.4214 0.5786 
N7 2
0.5062 0.4938 
N8 2
0.5 0.5 
N9 2
0.647 0.353 
6 100 100
5 100.0473 94.6806
0 100 100
8 100 100
2 100 100
9 130.3226 130.3226
1 103.7863 13.7504
3 105.9906 25.87
###===
13 0 7 72.5006 0 0 0
N3 0 2
N2 N4 
1 0 
0.1512 0.8488 
0.8139 0.1861 
N0 2
0.3845 0.6155 
N1 2
0.5 0.5 
N2 2
0.5 0.5 
N3 2
0.6663 0.3337 
N4 2
0.6005 0.3996 
N5 3
0.301 0.3495 0.3495 
N6 2
0.4214 0.5786 
N7 2
0.5062 0.4938 
N8 2
0.5 0.5 
N9 2
0.647 0.353 
6 100 100
5 100.0473 94.6806
7 183.251 29.9156
0 100 100
8 100 100
2 100 100
9 130.3226 130.3226
1 103.7863 13.7504
3 105.9906 25.87
###===
14 0 5 0 0 0 0
N9 1 0
0.1831 0.6643 
0.7928 0.2072 
N0 2
0.3845 0.6155 
N1 2
0.5 0.5 
N2 2
0.5 0.5 
N3 2
0.6663 0.3337 
N4 2
0.6005 0.3996 
N5 3
0.301 0.3495 0.3495 
N6 2
0.4214 0.5786 
N7 2
0.5062 0.4938 
N8 2
0.5 0.5 
N9 2
0.7928 0.2072 
6 100 100
5 107.3652 17.8161
7 183.251 29.9156
0 100 100
8 100 100
2 100 100
9 130.3226 130.3226
1 103.7863 13.7504
3 105.9906 25.87
###===
15 0 2 0 0 1 0
N5 2 2
N7 N8 
0 0 
0.1963 0.6963 
0.1163 0.2124 0.6713 
N0 2
0.3845 0.6155 
N1 2
0.5 0.5 
N2 2
0.5 0.5 
N3 2
0.6663 0.3337 
N4 2
0.6005 0.3996 
N5 3
0.2646 0.2831 0.4523 
N6 2
0.3982 0.6018 
N7 2
0.5062 0.4938 
N8 2
0.5 0.5 
N9 2
0.7928 0.2072 
6 100 100
5 107.3652 17.8161
7 183.251 29.9156
0 100 100
8 100 100
2 108.4246 11.3728
9 130.3226 130.3226
1 103.7863 13.7504
3 105.9906 25.87
N5
2
N0 2
0.3845 0.6155 
N1 2
0.5 0.5 
N2 2
0.5 0.5 
N3 2
0.6663 0.3337 
N4 2
0.6005 0.3996 
N6 2
0.275 0.725 
N7 2
0.6486 0.3514 
N8 2
0.6315 0.3685 
N9 2
0.7928 0.2072 
6 100 100
5 107.3652 17.8161
7 183.251 29.9156
0 100 100
8 100 100
2 142.3689 100
9 130.3226 130.3226
1 103.7863 13.7504
3 105.9906 25.87
###===
16 0 2 35.0101 0 0 0
N0 0 1
N1 
1 
0.0984 0.7062 
0.1288 0.8712 
N0 2
0.3234 0.6765 
N1 2
0.5 0.5 
N2 2
0.5 0.5 
N3 2
0.6663 0.3337 
N4 2
0.6005 0.3996 
N6 2
0.275 0.725 
N7 2
0.6486 0.3514 
N8 2
0.6315 0.3685 
N9 2
0.7928 0.2072 
6 100 100
5 107.3651 17.8161
7 183.2509 29.9156
0 100 100
8 100 100
2 180.6732 38.8121
9 130.3226 130.3226
1 103.7863 13.7504
3 105.9906 25.87
###===
17 0 7 0 0 0 1
N3 1 1
N2 
0 
0.1172 0.8147 
0.8479 0.1521 
N0 2
0.3234 0.6765 
N1 2
0.5 0.5 
N2 2
0.5 0.5 
N3 2
0.784 0.216 
N4 2
0.5726 0.4274 
N6 2
0.275 0.725 
N7 2
0.6486 0.3514 
N8 2
0.6315 0.3685 
N9 2
0.7928 0.2072 
6 100 100
5 107.3651 17.8161
7 192.8815 29.9156
0 100 100
8 100 100
2 180.6732 38.8121
9 130.3226 130.3226
1 111.1226 13.7504
3 105.9906 25.87
1
6 100 100
5 100.0473 94.6806
7 172.5006 172.5006
0 100 100
8 100 100
2 135.0101 135.0101
9 130.3226 130.3226
1 100 100
3 100 100
N0 2
0.3234 0.6765 
N1 2
0.5 0.5 
N2 2
0.5 0.5 
N3 2
0.784 0.216 
N4 2
0.5726 0.4274 
N6 2
0.275 0.725 
N7 2
0.6486 0.3514 
N8 2
0.6315 0.3685 
N9 2
0.7928 0.2072 
###===
18 0 0 88.5783 0 0 0
N9 0 0
0.2145 0.9439 
0.251 0.749 
N0 2
0.3234 0.6765 
N1 2
0.5 0.5 
N2 2
0.5 0.5 
N3 2
0.784 0.216 
N4 2
0.5726 0.4274 
N6 2
0.275 0.725 
N7 2
0.6486 0.3514 
N8 2
0.6315 0.3685 
N9 2
0.251 0.749 
6 100 100
5 100.0473 94.6806
7 172.5006 172.5006
0 285.7908 22.6514
8 100 100
2 135.0101 135.0101
9 130.3226 130.3226
1 100 100
3 100 100
###===
19 0 4 0 0 0 0
N9 1 0
0.3745 0.8745 
0.2715 0.7285 
N0 2
0.3234 0.6765 
N1 2
0.5 0.5 
N2 2
0.5 0.5 
N3 2
0.784 0.216 
N4 2
0.5726 0.4274 
N6 2
0.275 0.725 
N7 2
0.6486 0.3514 
N8 2
0.6315 0.3685 
N9 2
0.2715 0.7285 
6 100 100
5 100.0473 94.6806
7 172.5006 172.5006
0 278.5887 22.6514
8 100 100
2 135.0101 135.0101
9 130.3226 130.3226
1 100 100
3 100 100
4 100.1584 95.9963
###===
20 0 7 0 0 0 0
N0 0 1
N1 
1 
0.039 0.7365 
0.7016 0.2984 
N0 2
0.6099 0.3902 
N1 2
0.5 0.5 
N2 2
0.5 0.5 
N3 2
0.784 0.216 
N4 2
0.5726 0.4274 
N6 2
0.275 0.725 
N7 2
0.6486 0.3514 
N8 2
0.6315 0.3685 
N9 2
0.2715 0.7285 
6 100 100
5 100.0473 94.6806
7 235.2266 17.925
0 278.5888 22.6514
8 100 100
2 135.0101 135.0101
9 130.3226 130.3226
1 100 100
3 100 100
4 100.1584 95.9963
###===
21 0 9 0 0 0 0
N9 1 0
0.2952 0.89 
0.6751 0.3249 
N0 2
0.6099 0.3902 
N1 2
0.5 0.5 
N2 2
0.5 0.5 
N3 2
0.784 0.216 
N4 2
0.5726 0.4274 
N6 2
0.275 0.725 
N7 2
0.6486 0.3514 
N8 2
0.6315 0.3685 
N9 2
0.6751 0.3249 
6 100 100
5 100.0473 94.6806
7 235.2267 17.925
0 136.7956 22.6514
8 100 100
2 135.0101 135.0101
9 181.1921 13.8293
1 100 100
3 100 100
4 106.3457 95.9963
###===
22 0 5 0 0 0 0
N8 1 1
N7 
1 
0.3944 0.8756 
0.5816 0.4184 
N0 2
0.6099 0.3902 
N1 2
0.5 0.5 
N2 2
0.5 0.5 
N3 2
0.784 0.216 
N4 2
0.5726 0.4274 
N6 2
0.275 0.725 
N7 2
0.6486 0.3514 
N8 2
0.7516 0.2484 
N9 2
0.6751 0.3249 
6 100 100
5 113.5047 8.5309
7 235.2267 17.925
0 136.7956 22.6514
8 100 100
2 135.0101 135.0101
9 181.1921 13.8293
1 100 100
3 100 100
4 106.3457 95.9963
###===
23 0 6 0 0 0 0
N9 1 0
0.1625 0.6625 
0.6621 0.3379 
N0 2
0.6099 0.3902 
N1 2
0.5 0.5 
N2 2
0.5 0.5 
N3 2
0.784 0.216 
N4 2
0.5726 0.4274 
N6 2
0.275 0.725 
N7 2
0.6486 0.3514 
N8 2
0.7516 0.2484 
N9 2
0.6621 0.3379 
6 100.0552 97.1948
5 113.5047 8.5309
7 235.2266 17.925
0 141.3628 22.6514
8 100 100
2 135.0101 135.0101
9 177.9693 13.8293
1 100 100
3 100 100
4 106.1464 95.9963
###===
24 0 3 0 0 0 0
N9 0 0
0.331 0.831 
0.356 0.644 
N0 2
0.6099 0.3902 
N1 2
0.5 0.5 
N2 2
0.5 0.5 
N3 2
0.784 0.216 
N4 2
0.5726 0.4274 
N6 2
0.275 0.725 
N7 2
0.6486 0.3514 
N8 2
0.7516 0.2484 
N9 2
0.356 0.644 
6 102.6464 97.1948
5 113.5047 8.5309
7 235.2266 17.925
0 248.9022 22.6514
8 100 100
2 135.0101 135.0101
9 102.0846 13.8293
1 100 100
3 128.0538 10.4828
4 101.4538 95.9963
###===
25 0 8 0 0 0 0
N6 0 1
N8 
1 
0.1375 0.6375 
0.2308 0.7692 
N0 2
0.6099 0.3902 
N1 2
0.5 0.5 
N2 2
0.5 0.5 
N3 2
0.784 0.216 
N4 2
0.5726 0.4274 
N6 2
0.264 0.736 
N7 2
0.6486 0.3514 
N8 2
0.7516 0.2484 
N9 2
0.356 0.644 
6 102.6464 97.1948
5 113.5047 8.5309
7 235.2267 17.925
0 248.9022 22.6514
8 100.182 74.7212
2 135.0101 135.0101
9 102.0846 13.8293
1 100 100
3 128.0538 10.4828
4 101.4539 95.9963
###===
26 0 8 0 0 0 1
N6 1 0
0.368 0.8427 
0.6083 0.3917 
N0 2
0.6099 0.3902 
N1 2
0.5 0.5 
N2 2
0.5 0.5 
N3 2
0.784 0.216 
N4 2
0.5726 0.4274 
N6 2
0.6083 0.3917 
N7 2
0.6533 0.3467 
N8 2
0.7663 0.2337 
N9 2
0.356 0.644 
6 102.6464 97.1948
5 114.7584 8.5309
7 235.2267 17.925
0 248.9022 22.6514
8 135.1351 9.0087
2 135.0101 135.0101
9 102.0846 13.8293
1 100 100
3 128.0538 10.4828
4 101.4539 95.9963
26
6 102.6464 97.1948
5 114.7584 8.5309
7 235.2267 17.925
0 248.9022 22.6514
8 97.5296 74.7212
2 135.0101 135.0101
9 102.0846 13.8293
1 100 100
3 128.0538 10.4828
4 101.4539 95.9963
N0 2
0.6099 0.3902 
N1 2
0.5 0.5 
N2 2
0.5 0.5 
N3 2
0.784 0.216 
N4 2
0.5726 0.4274 
N6 2
0.6083 0.3917 
N7 2
0.6533 0.3467 
N8 2
0.7663 0.2337 
N9 2
0.356 0.644 
###===
27 0 6 0 0 0 1
N1 1 1
N0 
1 
0.195 0.6851 
0.3627 0.6373 
N0 2
0.6098 0.3901 
N1 2
0.4006 0.5994 
N2 2
0.5 0.5 
N3 2
0.784 0.216 
N4 2
0.5726 0.4274 
N6 2
0.6083 0.3917 
N7 2
0.6533 0.3467 
N8 2
0.7663 0.2337 
N9 2
0.356 0.644 
6 110.1013 20.4091
5 115.2873 8.5309
7 219.8553 17.925
0 248.9022 22.6514
8 97.5296 74.7212
2 135.0101 135.0101
9 102.0846 13.8293
1 100 100
3 128.0538 10.4828
4 101.4539 95.9963
26
6 102.6464 97.1948
5 115.2873 8.5309
7 219.8553 17.925
0 248.9022 22.6514
8 97.5296 74.7212
2 135.0101 135.0101
9 102.0846 13.8293
1 100 100
3 128.0538 10.4828
4 101.4539 95.9963
N0 2
0.6098 0.3901 
N1 2
0.4006 0.5994 
N2 2
0.5 0.5 
N3 2
0.784 0.216 
N4 2
0.5726 0.4274 
N6 2
0.6083 0.3917 
N7 2
0.6533 0.3467 
N8 2
0.7663 0.2337 
N9 2
0.356 0.644 
###===
28 0 6 0 0 0 0
N6 1 0
0.1997 0.6899 
0.4837 0.5163 
N0 2
0.6098 0.3901 
N1 2
0.4006 0.5994 
N2 2
0.5 0.5 
N3 2
0.784 0.216 
N4 2
0.5726 0.4274 
N6 2
0.4837 0.5163 
N7 2
0.6516 0.3484 
N8 2
0.761 0.239 
N9 2
0.356 0.644 
6 107.2244 64.1277
5 114.8336 8.5309
7 219.8552 17.925
0 248.9022 22.6514
8 98.4895 74.7212
2 135.0101 135.0101
9 102.0846 13.8293
1 100 100
3 128.0538 10.4828
4 101.4539 95.9963
###===
29 0 4 0 0 0 0
N6 0 0
0.2487 0.7346 
0.273 0.727 
N0 2
0.6098 0.3901 
N1 2
0.4006 0.5994 
N2 2
0.5 0.5 
N3 2
0.784 0.216 
N4 2
0.5726 0.4274 
N6 2
0.273 0.727 
N7 2
0.6487 0.3513 
N8 2
0.752 0.248 
N9 2
0.356 0.644 
6 122.5872 64.1277
5 114.0663 8.5309
7 219.8552 17.925
0 248.9021 22.6514
8 100.1129 74.7212
2 135.0101 135.0101
9 102.0846 13.8293
1 100 100
3 128.0538 10.4828
4 114.8209 13.4752
###===
30 0 5 0 0 0 0
N3 0 1
N2 
1 
0.6787 0.7361 
0.7326 0.2674 
N0 2
0.6098 0.3901 
N1 2
0.4006 0.5994 
N2 2
0.5 0.5 
N3 2
0.7902 0.2097 
N4 2
0.5746 0.4254 
N6 2
0.273 0.727 
N7 2
0.6487 0.3513 
N8 2
0.752 0.248 
N9 2
0.356 0.644 
6 122.5872 64.1277
5 114.0949 1.8946
7 219.8552 17.925
0 248.9021 22.6514
8 100.1129 74.7212
2 135.0101 135.0101
9 102.0846 13.8293
1 100 100
3 128.0538 10.4828
4 114.8209 13.4752
###===
31 0 3 0 0 0 0
N9 0 0
0.331 0.831 
0.356 0.644 
N0 2
0.6098 0.3901 
N1 2
0.4006 0.5994 
N2 2
0.5 0.5 
N3 2
0.7902 0.2097 
N4 2
0.5746 0.4254 
N6 2
0.273 0.727 
N7 2
0.6487 0.3513 
N8 2
0.752 0.248 
N9 2
0.356 0.644 
6 122.5872 64.1277
5 114.0949 1.8946
7 219.8552 17.925
0 248.9021 22.6514
8 100.1129 74.7212
2 135.0101 135.0101
9 102.0846 13.8293
1 100 100
3 128.0538 10.4828
4 114.8209 13.4752
###===
32 0 3 0 0 0 0
N3 0 2
N2 N4 
1 1 
0.4797 0.5498 
0.5463 0.4537 
N0 2
0.6098 0.3901 
N1 2
0.4006 0.5994 
N2 2
0.5 0.5 
N3 2
0.7947 0.2053 
N4 2
0.5746 0.4254 
N6 2
0.273 0.727 
N7 2
0.6487 0.3513 
N8 2
0.752 0.248 
N9 2
0.356 0.644 
6 122.5872 64.1277
5 114.136 1.8946
7 219.8552 17.925
0 248.9021 22.6514
8 100.1129 74.7212
2 135.0101 135.0101
9 102.0846 13.8293
1 100 100
3 128.0934 1.1045
4 114.8209 13.4752
###===
33 0 9 0 0 0 1
N6 0 0
0.248 0.3395 
0.283 0.717 
N0 2
0.6098 0.3901 
N1 2
0.4006 0.5994 
N2 2
0.5 0.5 
N3 2
0.7947 0.2053 
N4 2
0.5746 0.4254 
N6 2
0.283 0.717 
N7 2
0.6488 0.3512 
N8 2
0.7524 0.2476 
N9 2
0.356 0.644 
6 121.8581 64.1277
5 114.1724 1.8946
7 219.8552 17.925
0 248.9022 22.6514
8 100.0358 74.7212
2 135.0101 135.0101
9 102.1207 11.8311
1 100 100
3 128.0934 1.1045
4 113.5019 13.4752
33
6 121.8581 64.1277
5 114.1724 1.8946
7 219.8552 17.925
0 248.9022 22.6514
8 100.0358 74.7212
2 135.0101 135.0101
9 102.0846 13.8293
1 100 100
3 128.0934 1.1045
4 113.5019 13.4752
N0 2
0.6098 0.3901 
N1 2
0.4006 0.5994 
N2 2
0.5 0.5 
N3 2
0.7947 0.2053 
N4 2
0.5746 0.4254 
N6 2
0.283 0.717 
N7 2
0.6488 0.3512 
N8 2
0.7524 0.2476 
N9 2
0.356 0.644 
###===
34 0 6 0 0 0 0
N4 1 1
N3 
1 
0.2933 0.6522 
0.6887 0.3113 
N0 2
0.6098 0.3901 
N1 2
0.4006 0.5994 
N2 2
0.5046 0.4954 
N3 2
0.7947 0.2053 
N4 2
0.6046 0.3954 
N6 2
0.283 0.717 
N7 2
0.6488 0.3512 
N8 2
0.7524 0.2476 
N9 2
0.356 0.644 
6 123.1752 8.5813
5 114.2029 1.8946
7 219.8552 17.925
0 248.9022 22.6514
8 100.0358 74.7212
2 135.0101 135.0101
9 102.0846 13.8293
1 100 100
3 128.294 1.1045
4 113.5019 13.4752
###===
35 0 6 33.6714 0 0 0
N8 0 1
N6 
0 
0.5841 0.838 
0.5968 0.4032 
N0 2
0.6098 0.3901 
N1 2
0.4006 0.5994 
N2 2
0.5046 0.4954 
N3 2
0.7947 0.2053 
N4 2
0.6046 0.3954 
N6 2
0.283 0.717 
N7 2
0.632 0.368 
N8 2
0.6998 0.3002 
N9 2
0.356 0.644 
6 160.4237 3.0965
5 109.6867 1.8946
7 219.8552 17.925
0 248.9021 22.6514
8 98.7046 74.7212
2 135.0101 135.0101
9 102.0846 13.8293
1 100 100
3 128.294 1.1045
4 113.5019 13.4752
###===
36 0 7 0 0 0 0
N8 1 0
0.2651 0.382 
0.7285 0.2715 
N0 2
0.6098 0.3901 
N1 2
0.4006 0.5994 
N2 2
0.5046 0.4954 
N3 2
0.7947 0.2053 
N4 2
0.6046 0.3954 
N6 2
0.279 0.721 
N7 2
0.6412 0.3588 
N8 2
0.7285 0.2715 
N9 2
0.356 0.644 
6 159.4679 3.0965
5 112.1496 1.8946
7 220.144 3.4182
0 248.9021 22.6514
8 98.8285 74.7212
2 135.0101 135.0101
9 102.0846 13.8293
1 100 100
3 128.294 1.1045
4 114.0274 13.4752
###===
37 0 6 0 0 0 0
N0 0 1
N1 
0 
0.633 0.6542 
0.6507 0.3493 
N0 2
0.6114 0.3886 
N1 2
0.4006 0.5994 
N2 2
0.5046 0.4954 
N3 2
0.7947 0.2053 
N4 2
0.6046 0.3954 
N6 2
0.279 0.721 
N7 2
0.6412 0.3588 
N8 2
0.7285 0.2715 
N9 2
0.356 0.644 
6 159.4699 1.4635
5 112.1663 1.8946
7 220.1439 3.4182
0 248.9021 22.6514
8 98.8285 74.7212
2 135.0101 135.0101
9 102.0846 13.8293
1 100 100
3 128.294 1.1045
4 114.0274 13.4752
###===
38 0 2 77.5315 0 0 0
N8 0 1
N7 
1 
0.1265 0.8973 
0.8588 0.1412 
N0 2
0.6114 0.3886 
N1 2
0.4006 0.5994 
N2 2
0.5046 0.4954 
N3 2
0.7947 0.2053 
N4 2
0.6046 0.3954 
N6 2
0.2637 0.7363 
N7 2
0.6412 0.3588 
N8 2
0.8386 0.1614 
N9 2
0.356 0.644 
6 155.8071 1.4635
5 135.7165 1.8946
7 222.3793 3.4182
0 248.9021 22.6514
8 99.3034 74.7212
2 223.7476 45.9857
9 102.0846 13.8293
1 100 100
3 128.294 1.1045
4 116.0412 13.4752
###===
39 0 9 0 0 0 1
N4 0 1
N3 
1 
0.6257 0.7172 
0.6303 0.3697 
N0 2
0.6114 0.3886 
N1 2
0.4006 0.5994 
N2 2
0.5028 0.4972 
N3 2
0.7947 0.2053 
N4 2
0.5926 0.4074 
N6 2
0.2637 0.7363 
N7 2
0.6412 0.3588 
N8 2
0.8386 0.1614 
N9 2
0.356 0.644 
6 154.7286 1.4635
5 135.7043 1.8946
7 222.3793 3.4182
0 248.9022 22.6514
8 99.3034 74.7212
2 223.7476 45.9857
9 102.313 1.0456
1 100 100
3 128.2139 1.1045
4 116.0412 13.4752
33
6 156.9332 97.7991
5 135.7043 1.8946
7 219.8552 17.925
0 248.9022 22.6514
8 99.3034 74.7212
2 212.5416 212.5416
9 102.0846 13.8293
1 100 100
3 128.2139 1.1045
4 116.0412 13.4752
N0 2
0.6114 0.3886 
N1 2
0.4006 0.5994 
N2 2
0.5028 0.4972 
N3 2
0.7947 0.2053 
N4 2
0.5926 0.4074 
N6 2
0.2637 0.7363 
N7 2
0.6412 0.3588 
N8 2
0.8386 0.1614 
N9 2
0.356 0.644 
###===
40 0 0 0 0 0 0
N2 0 2
N3 N4 
0 0 
0.3193 0.4646 
0.4573 0.5427 
N0 2
0.6114 0.3886 
N1 2
0.4006 0.5994 
N2 2
0.5416 0.4584 
N3 2
0.7947 0.2053 
N4 2
0.5926 0.4074 
N6 2
0.2637 0.7363 
N7 2
0.6412 0.3588 
N8 2
0.8386 0.1614 
N9 2
0.356 0.644 
6 156.9332 97.7991
5 135.6073 1.8946
7 219.8552 17.925
0 249.8799 1.9422
8 99.3034 74.7212
2 212.5416 212.5416
9 102.0846 13.8293
1 100 100
3 128.2139 1.1045
4 116.0412 13.4752
###===
41 0 2 0 0 0 0
N1 1 1
N0 
1 
0.1467 0.9175 
0.8148 0.1852 
N0 2
0.6114 0.3886 
N1 2
0.5772 0.4228 
N2 2
0.5416 0.4584 
N3 2
0.7947 0.2053 
N4 2
0.5926 0.4074 
N6 2
0.2637 0.7363 
N7 2
0.6412 0.3588 
N8 2
0.8386 0.1614 
N9 2
0.356 0.644 
6 156.9332 97.7991
5 134.6675 1.8946
7 247.1659 17.925
0 249.8799 1.9422
8 99.3034 74.7212
2 236.9675 33.6626
9 102.0846 13.8293
1 100 100
3 128.2139 1.1045
4 116.0412 13.4752
###===
42 0 2 0 0 0 0
N8 0 1
N6 
1 
0.6842 0.8924 
0.882 0.118 
N0 2
0.6114 0.3886 
N1 2
0.5772 0.4228 
N2 2
0.5416 0.4584 
N3 2
0.7947 0.2053 
N4 2
0.5926 0.4074 
N6 2
0.2637 0.7363 
N7 2
0.6405 0.3595 
N8 2
0.8518 0.1482 
N9 2
0.356 0.644 
6 156.9332 97.7991
5 135.6445 1.8946
7 247.166 17.925
0 249.8799 1.9422
8 99.1907 74.7212
2 237.1187 13.2551
9 102.0846 13.8293
1 100 100
3 128.2139 1.1045
4 116.0412 13.4752
###===
43 0 3 0 0 0 0
N4 1 1
N2 
1 
0.2915 0.3432 
0.6925 0.3075 
N0 2
0.6114 0.3886 
N1 2
0.5772 0.4228 
N2 2
0.5416 0.4584 
N3 2
0.7936 0.2064 
N4 2
0.5863 0.4137 
N6 2
0.2637 0.7363 
N7 2
0.6405 0.3595 
N8 2
0.8518 0.1482 
N9 2
0.356 0.644 
6 156.9332 97.7991
5 135.6342 1.8946
7 247.166 17.925
0 249.9815 1.9422
8 99.1907 74.7212
2 237.1187 13.2551
9 102.0846 13.8293
1 100 100
3 128.2513 7.6415
4 116.0412 13.4752
###===
44 0 0 0 0 0 0
N4 0 1
N2 
0 
0.4243 0.5696 
0.5001 0.4999 
N0 2
0.6114 0.3886 
N1 2
0.5772 0.4228 
N2 2
0.5416 0.4584 
N3 2
0.7934 0.2066 
N4 2
0.5883 0.4117 
N6 2
0.2637 0.7363 
N7 2
0.6405 0.3595 
N8 2
0.8518 0.1482 
N9 2
0.356 0.644 
6 156.9332 97.7991
5 135.6342 1.8946
7 247.166 17.925
0 250.0292 1.9422
8 99.1907 74.7212
2 237.1187 13.2551
9 102.0846 13.8293
1 100 100
3 128.2513 7.6415
4 116.0412 13.4752
###===
45 0 1 0 0 0 0
N3 1 2
N2 N4 
0 0 
0.106 0.606 
0.419 0.581 
N0 2
0.6114 0.3886 
N1 2
0.5772 0.4228 
N2 2
0.5416 0.4584 
N3 2
0.6934 0.3066 
N4 2
0.5883 0.4117 
N6 2
0.2637 0.7363 
N7 2
0.6405 0.3595 
N8 2
0.8518 0.1482 
N9 2
0.356 0.644 
6 156.9332 97.7991
5 135.6342 1.8946
7 247.166 17.925
0 247.1121 1.9422
8 99.1907 74.7212
2 237.1187 13.2551
9 102.0846 13.8293
1 112.5436 8.8811
3 128.2514 7.6415
4 116.0412 13.4752
###===
46 0 7 52.9322 0 0 0
N1 1 1
N0 
1 
0.1133 0.8292 
0.8509 0.1491 
N0 2
0.6114 0.3886 
N1 2
0.5913 0.4087 
N2 2
0.5416 0.4584 
N3 2
0.6934 0.3066 
N4 2
0.5883 0.4117 
N6 2
0.2637 0.7363 
N7 2
0.6405 0.3595 
N8 2
0.8518 0.1482 
N9 2
0.356 0.644 
6 156.9332 97.7991
5 135.5596 1.8946
7 302.5221 39.5768
0 247.1121 1.9422
8 99.1907 74.7212
2 241.2803 13.2551
9 102.0846 13.8293
1 112.5436 8.8811
3 128.2514 7.6415
4 116.0412 13.4752
###===
47 0 7 0 0 0 0
N8 1 0
0.1127 0.3526 
0.8753 0.1247 
N0 2
0.6114 0.3886 
N1 2
0.5913 0.4087 
N2 2
0.5416 0.4584 
N3 2
0.6934 0.3066 
N4 2
0.5883 0.4117 
N6 2
0.2596 0.7404 
N7 2
0.6392 0.3608 
N8 2
0.8753 0.1247 
N9 2
0.356 0.644 
6 157.2357 97.7991
5 137.3014 1.8946
7 302.8535 14.634
0 247.112 1.9422
8 99.3192 74.7212
2 241.6149 13.2551
9 102.0846 13.8293
1 112.5436 8.8811
3 128.2513 7.6415
4 116.5885 13.4752
###===
48 0 6 0 0 0 0
N7 0 0
0.3245 0.8168 
0.3491 0.6509 
N0 2
0.6114 0.3886 
N1 2
0.5913 0.4087 
N2 2
0.5416 0.4584 
N3 2
0.6934 0.3066 
N4 2
0.5883 0.4117 
N6 2
0.2583 0.7417 
N7 2
0.3491 0.6509 
N8 2
0.8827 0.1173 
N9 2
0.356 0.644 
6 182.2758 10.5342
5 167.6497 1.8946
7 303.0662 14.634
0 247.112 1.9422
8 99.3594 74.7212
2 241.7197 13.2551
9 102.0846 13.8293
1 112.5436 8.8811
3 128.2514 7.6415
4 116.7598 13.4752
###===
49 0 3 10.8012 0 0 0
N3 0 1
N4 
1 
0.6988 0.8328 
0.7656 0.2344 
N0 2
0.6114 0.3886 
N1 2
0.5913 0.4087 
N2 2
0.533 0.467 
N3 2
0.6752 0.3248 
N4 2
0.5883 0.4117 
N6 2
0.2583 0.7417 
N7 2
0.3491 0.6509 
N8 2
0.8827 0.1173 
N9 2
0.356 0.644 
6 182.2758 10.5342
5 167.5506 1.8946
7 303.0662 14.634
0 247.1211 1.9422
8 99.3594 74.7212
2 241.7197 13.2551
9 102.0846 13.8293
1 112.5436 8.8811
3 139.306 13.1671
4 116.7598 13.4752
###===
50 0 5 0 0 0 0
N2 1 1
N4 
0 
0.5326 0.5661 
0.4657 0.5343 
N0 2
0.6114 0.3886 
N1 2
0.5913 0.4087 
N2 2
0.5361 0.4639 
N3 2
0.6741 0.3259 
N4 2
0.5883 0.4117 
N6 2
0.2583 0.7417 
N7 2
0.3491 0.6509 
N8 2
0.8827 0.1173 
N9 2
0.356 0.644 
6 182.2758 10.5342
5 167.554 0.4635
7 303.0662 14.634
0 247.2131 1.9422
8 99.3594 74.7212
2 241.7197 13.2551
9 102.0846 13.8293
1 112.6888 8.8811
3 139.3149 13.1671
4 116.7598 13.4752
###===
51 0 1 0 0 0 0
N7 0 1
N8 
0 
0.3221 0.3818 
0.3223 0.6777 
N0 2
0.6114 0.3886 
N1 2
0.5913 0.4087 
N2 2
0.5361 0.4639 
N3 2
0.6741 0.3259 
N4 2
0.5883 0.4117 
N6 2
0.2583 0.7417 
N7 2
0.3312 0.6688 
N8 2
0.8827 0.1173 
N9 2
0.356 0.644 
6 185.3593 10.5342
5 169.8403 0.4635
7 303.0662 14.634
0 247.2131 1.9422
8 99.3594 74.7212
2 241.7197 13.2551
9 102.0846 13.8293
1 112.806 0.0839
3 139.3149 13.1671
4 116.7598 13.4752
###===
52 0 7 0 0 0 0
N7 1 0
0.6043 0.7007 
0.3909 0.6091 
N0 2
0.6114 0.3886 
N1 2
0.5913 0.4087 
N2 2
0.5361 0.4639 
N3 2
0.6741 0.3259 
N4 2
0.5883 0.4117 
N6 2
0.2587 0.7413 
N7 2
0.3909 0.6091 
N8 2
0.8805 0.1195 
N9 2
0.356 0.644 
6 175.0425 10.5342
5 163.5594 0.4635
7 304.1342 1.1472
0 247.2131 1.9422
8 99.3478 74.7212
2 241.6895 13.2551
9 102.0846 13.8293
1 112.1212 0.0839
3 139.3149 13.1671
4 116.7104 13.4752
###===
53 0 3 0 0 0 0
N6 1 1
N8 
1 
0.535 0.6222 
0.3822 0.6178 
N0 2
0.6114 0.3886 
N1 2
0.5913 0.4087 
N2 2
0.5361 0.4639 
N3 2
0.6741 0.3259 
N4 2
0.5883 0.4117 
N6 2
0.2549 0.7451 
N7 2
0.3909 0.6091 
N8 2
0.8805 0.1195 
N9 2
0.356 0.644 
6 175.3188 10.5342
5 163.5594 0.4635
7 304.1342 1.1472
0 247.2131 1.9422
8 99.476 74.7212
2 241.6122 13.2551
9 102.0846 13.8293
1 112.1212 0.0839
3 139.3509 1.6646
4 117.2102 13.4752
###===
54 0 0 0 0 0 0
N3 0 2
N2 N4 
1 0 
0.7661 0.809 
0.8068 0.1932 
N0 2
0.6114 0.3886 
N1 2
0.5913 0.4087 
N2 2
0.5361 0.4639 
N3 2
0.6836 0.3164 
N4 2
0.5883 0.4117 
N6 2
0.2549 0.7451 
N7 2
0.3909 0.6091 
N8 2
0.8805 0.1195 
N9 2
0.356 0.644 
6 175.3188 10.5342
5 163.6464 0.4635
7 304.1342 1.1472
0 247.14 1.6274
8 99.476 74.7212
2 241.6122 13.2551
9 102.0846 13.8293
1 112.1212 0.0839
3 139.3509 1.6646
4 117.2102 13.4752
###===
55 0 7 0 0 0 0
N7 1 1
N8 
0 
0.5025 0.761 
0.4243 0.5757 
N0 2
0.6114 0.3886 
N1 2
0.5913 0.4087 
N2 2
0.5361 0.4639 
N3 2
0.6836 0.3164 
N4 2
0.5883 0.4117 
N6 2
0.2549 0.7451 
N7 2
0.4288 0.5712 
N8 2
0.8805 0.1195 
N9 2
0.356 0.644 
6 168.7909 10.5342
5 158.8064 0.4635
7 306.0416 1.1472
0 247.14 1.6274
8 99.476 74.7212
2 241.6122 13.2551
9 102.0846 13.8293
1 111.6222 0.0839
3 139.3509 1.6646
4 117.2102 13.4752
###===
56 0 5 0 0 0 0
N1 1 1
N0 
1 
0.1432 0.1518 
0.8563 0.1437 
N0 2
0.6114 0.3886 
N1 2
0.5934 0.4066 
N2 2
0.5361 0.4639 
N3 2
0.6836 0.3164 
N4 2
0.5883 0.4117 
N6 2
0.2549 0.7451 
N7 2
0.4288 0.5712 
N8 2
0.8805 0.1195 
N9 2
0.356 0.644 
6 168.7909 10.5342
5 158.8017 0.461
7 306.4447 1.1472
0 247.14 1.6274
8 99.476 74.7212
2 242.2347 13.2551
9 102.0846 13.8293
1 111.6222 0.0839
3 139.3509 1.6646
4 117.2102 13.4752
###===
57 0 0 0 0 0 0
N3 1 1
N2 
0 
0.2985 0.4375 
0.6946 0.3054 
N0 2
0.6114 0.3886 
N1 2
0.5934 0.4066 
N2 2
0.5361 0.4639 
N3 2
0.7057 0.2943 
N4 2
0.5766 0.4234 
N6 2
0.2549 0.7451 
N7 2
0.4288 0.5712 
N8 2
0.8805 0.1195 
N9 2
0.356 0.644 
6 168.7909 10.5342
5 158.7823 0.461
7 306.4447 1.1472
0 247.6242 1.6274
8 99.476 74.7212
2 242.2347 13.2551
9 102.0846 13.8293
1 108.2036 0.0839
3 139.134 1.6646
4 117.2102 13.4752
###===
58 0 3 0 0 1 0
N2 0 2
N3 N4 
1 0 
0.652 0.712 
0.6875 0.3125 
N0 2
0.6114 0.3886 
N1 2
0.5934 0.4066 
N2 2
0.5341 0.4659 
N3 2
0.7057 0.2943 
N4 2
0.5766 0.4234 
N6 2
0.2549 0.7451 
N7 2
0.4288 0.5712 
N8 2
0.8805 0.1195 
N9 2
0.356 0.644 
6 168.7909 10.5342
5 158.7622 0.461
7 306.4447 1.1472
0 247.6164 1.6274
8 99.476 74.7212
2 242.2347 13.2551
9 102.0846 13.8293
1 107.903 0.0839
3 139.1353 1.6646
4 117.2102 13.4752
N2
1
N0 2
0.6114 0.3886 
N1 2
0.5934 0.4066 
N3 2
0.7154 0.2846 
N4 2
0.679 0.321 
N6 2
0.2549 0.7451 
N7 2
0.4288 0.5712 
N8 2
0.8805 0.1195 
N9 2
0.356 0.644 
6 168.7909 10.5342
5 157.7581 0.461
7 306.4447 1.1472
0 237.804 1.6274
8 99.476 74.7212
2 242.2347 13.2551
9 102.0846 13.8293
1 98.9335 91.2028
3 142.8862 6.9402
4 117.2102 13.4752
###===
59 0 4 98.3025 0 0 0
N7 0 1
N8 
0 
0.1955 0.7347 
0.7104 0.2896 
N0 2
0.6114 0.3886 
N1 2
0.5934 0.4066 
N3 2
0.7154 0.2846 
N4 2
0.679 0.321 
N6 2
0.2549 0.7451 
N7 2
0.6807 0.3193 
N8 2
0.8805 0.1195 
N9 2
0.356 0.644 
6 125.3611 10.5342
5 125.5572 0.461
7 322.3665 1.1472
0 237.804 1.6274
8 99.476 74.7212
2 242.2347 13.2551
9 102.0846 13.8293
1 95.6139 91.2028
3 142.8862 6.9402
4 236.7469 12.6521
###===
60 0 2 0 0 0 0
N8 0 1
N6 
1 
0.699 0.9097 
0.7095 0.2905 
N0 2
0.6114 0.3886 
N1 2
0.5934 0.4066 
N3 2
0.7154 0.2846 
N4 2
0.679 0.321 
N6 2
0.2549 0.7451 
N7 2
0.6452 0.3548 
N8 2
0.7379 0.2621 
N9 2
0.356 0.644 
6 131.4776 10.5342
5 113.6608 0.461
7 315.7876 1.1472
0 237.804 1.6274
8 100.6939 74.7212
2 254.2828 2.1603
9 102.0846 13.8293
1 96.3245 91.2028
3 143.971 6.9402
4 233.3068 12.6521
###===
61 0 6 0 0 0 0
N0 0 1
N1 
0 
0.4083 0.4787 
0.4752 0.5248 
N0 2
0.6328 0.3672 
N1 2
0.5934 0.4066 
N3 2
0.7154 0.2846 
N4 2
0.679 0.321 
N6 2
0.2549 0.7451 
N7 2
0.6452 0.3548 
N8 2
0.7379 0.2621 
N9 2
0.356 0.644 
6 131.7009 0.9784
5 113.8642 0.461
7 315.6543 1.1472
0 237.804 1.6274
8 100.6939 74.7212
2 251.7706 2.1603
9 102.0846 13.8293
1 96.3245 91.2028
3 143.971 6.9402
4 233.3068 12.6521
###===
62 0 0 0 0 0 0
N8 1 1
N6 
1 
0.2872 0.2985 
0.7112 0.2888 
N0 2
0.6328 0.3672 
N1 2
0.5934 0.4066 
N3 2
0.7154 0.2846 
N4 2
0.679 0.321 
N6 2
0.2549 0.7451 
N7 2
0.6455 0.3545 
N8 2
0.7392 0.2608 
N9 2
0.356 0.644 
6 131.6466 0.9784
5 113.9698 0.461
7 315.7127 1.1472
0 237.8048 0.7807
8 100.6831 74.7212
2 251.5599 2.1603
9 102.0846 13.8293
1 96.3182 91.2028
3 143.9613 6.9402
4 233.3373 12.6521
###===
63 0 9 0 0 0 0
N6 0 0
0.2316 0.323 
0.2533 0.7467 
N0 2
0.6328 0.3672 
N1 2
0.5934 0.4066 
N3 2
0.7154 0.2846 
N4 2
0.679 0.321 
N6 2
0.2533 0.7467 
N7 2
0.6455 0.3545 
N8 2
0.739 0.261 
N9 2
0.356 0.644 
6 131.7696 0.9784
5 113.9553 0.461
7 315.7047 1.1472
0 237.8048 0.7807
8 100.6942 74.7212
2 251.5861 2.1603
9 102.0855 12.9295
1 96.319 91.2028
3 143.9681 6.9402
4 233.5421 12.6521
###===
64 0 2 0 0 0 0
N7 1 0
0.3492 0.3641 
0.65 0.35 
N0 2
0.6328 0.3672 
N1 2
0.5934 0.4066 
N3 2
0.7154 0.2846 
N4 2
0.679 0.321 
N6 2
0.2534 0.7466 
N7 2
0.65 0.35 
N8 2
0.7399 0.2601 
N9 2
0.356 0.644 
6 130.9833 0.9784
5 113.761 0.461
7 315.986 1.1472
0 237.8057 0.7807
8 100.6917 74.7212
2 251.4657 0.3099
9 102.0854 12.9295
1 96.2748 91.2028
3 143.964 6.9402
4 234.0723 12.6521
###===
65 0 2 94.6543 0 0 0
N7 1 1
N8 
1 
0.222 0.8096 
0.7486 0.2514 
N0 2
0.6328 0.3672 
N1 2
0.5934 0.4066 
N3 2
0.7154 0.2846 
N4 2
0.679 0.321 
N6 2
0.2534 0.7466 
N7 2
0.7233 0.2767 
N8 2
0.7399 0.2601 
N9 2
0.356 0.644 
6 118.3407 0.9784
5 120.0789 0.461
7 318.7281 1.1472
0 237.8057 0.7807
8 100.6917 74.7212
2 352.5113 17.9474
9 102.0854 12.9295
1 96.2747 91.2028
3 143.964 6.9402
4 234.0722 12.6521
###===
66 0 5 0 0 0 0
N1 0 1
N0 
0 
0.4131 0.4674 
0.4159 0.5841 
N0 2
0.6328 0.3672 
N1 2
0.5746 0.4254 
N3 2
0.7154 0.2846 
N4 2
0.679 0.321 
N6 2
0.2534 0.7466 
N7 2
0.7233 0.2767 
N8 2
0.7399 0.2601 
N9 2
0.356 0.644 
6 118.1274 0.9784
5 120.1463 0.4609
7 323.3254 1.1472
0 237.8057 0.7807
8 100.6917 74.7212
2 352.5113 17.9474
9 102.0854 12.9295
1 96.2747 91.2028
3 143.964 6.9402
4 234.0722 12.6521
###===
67 0 2 0 0 0 0
N0 0 1
N1 
1 
0.222 0.8841 
0.5388 0.4612 
N0 2
0.4924 0.5076 
N1 2
0.5746 0.4254 
N3 2
0.7154 0.2846 
N4 2
0.679 0.321 
N6 2
0.2534 0.7466 
N7 2
0.7233 0.2767 
N8 2
0.7399 0.2601 
N9 2
0.356 0.644 
6 118.1274 0.9784
5 118.3421 0.4609
7 262.907 1.1472
0 237.8057 0.7807
8 100.6917 74.7212
2 347.1788 127.9062
9 102.0854 12.9295
1 96.2747 91.2028
3 143.964 6.9402
4 234.0723 12.6521
###===
68 0 6 0 0 0 1
N6 0 1
N8 
1 
0.1727 0.505 
0.4883 0.5117 
N0 2
0.4924 0.5076 
N1 2
0.5746 0.4254 
N3 2
0.7154 0.2846 
N4 2
0.679 0.321 
N6 2
0.3352 0.6648 
N7 2
0.7233 0.2767 
N8 2
0.7399 0.2601 
N9 2
0.356 0.644 
6 121.8899 0.9784
5 118.342 0.4609
7 262.907 1.1472
0 237.8749 0.7807
8 97.926 74.7212
2 336.1515 127.9062
9 101.9868 12.9295
1 96.2747 91.2028
3 142.4013 6.9402
4 223.285 12.6521
59
6 112.1541 10.5342
5 119.2354 0.461
7 262.907 1.1472
0 237.804 1.6274
8 97.926 74.7212
2 307.6433 107.9094
9 102.0846 13.8293
1 96.2747 91.2028
3 142.4013 6.9402
4 204.9211 111.7777
N0 2
0.4924 0.5076 
N1 2
0.5746 0.4254 
N3 2
0.7154 0.2846 
N4 2
0.679 0.321 
N6 2
0.3352 0.6648 
N7 2
0.7233 0.2767 
N8 2
0.7399 0.2601 
N9 2
0.356 0.644 
###===
69 0 5 0 0 0 0
N7 0 0
0.3968 0.7242 
0.7078 0.2922 
N0 2
0.4924 0.5076 
N1 2
0.5746 0.4254 
N3 2
0.7154 0.2846 
N4 2
0.679 0.321 
N6 2
0.3351 0.6649 
N7 2
0.7078 0.2922 
N8 2
0.7404 0.2596 
N9 2
0.356 0.644 
6 114.8402 10.5342
5 120.5217 8.3432
7 262.0424 1.1472
0 237.804 1.6274
8 97.93 74.7212
2 307.6498 107.9094
9 102.0846 13.8293
1 96.4266 91.2028
3 142.4022 6.9402
4 204.935 111.7777
###===
70 0 0 0 0 0 0
N9 1 0
0.0558 0.648 
0.9146 0.0854 
N0 2
0.4924 0.5076 
N1 2
0.5746 0.4254 
N3 2
0.7154 0.2846 
N4 2
0.679 0.321 
N6 2
0.3351 0.6649 
N7 2
0.7078 0.2922 
N8 2
0.7404 0.2596 
N9 2
0.9146 0.0854 
6 110.1115 10.5342
5 120.5217 8.3432
7 262.0424 1.1472
0 141.1652 61.4733
8 97.93 74.7212
2 307.6498 107.9094
9 240.5661 13.8293
1 96.4266 91.2028
3 40.4222 6.9402
4 213.4985 111.7777
###===
71 0 5 28.2717 0 0 0
N1 1 1
N0 
0 
0.3481 0.6143 
0.6386 0.3614 
N0 2
0.4924 0.5076 
N1 2
0.6258 0.3742 
N3 2
0.7154 0.2846 
N4 2
0.679 0.321 
N6 2
0.3351 0.6649 
N7 2
0.7078 0.2922 
N8 2
0.7404 0.2596 
N9 2
0.9146 0.0854 
6 110.1115 10.5342
5 150.6313 5.4085
7 249.5034 1.1472
0 141.1652 61.4733
8 97.93 74.7212
2 307.6498 107.9094
9 240.5661 13.8293
1 96.4266 91.2028
3 40.4222 6.9402
4 213.4985 111.7777
###===
72 0 1 0 0 0 0
N1 1 1
N0 
0 
0.1921 0.6606 
0.3628 0.6372 
N0 2
0.4924 0.5076 
N1 2
0.49 0.51 
N3 2
0.7154 0.2846 
N4 2
0.679 0.321 
N6 2
0.3351 0.6649 
N7 2
0.7078 0.2922 
N8 2
0.7404 0.2596 
N9 2
0.9146 0.0854 
6 110.1115 10.5342
5 141.4865 5.4085
7 282.7139 1.1472
0 141.1652 61.4733
8 97.93 74.7212
2 307.6498 107.9094
9 240.5661 13.8293
1 107.5239 9.629
3 40.4222 6.9402
4 213.4985 111.7777
###===
73 0 9 0 0 0 0
N0 0 1
N1 
1 
0.559 0.6504 
0.5636 0.4364 
N0 2
0.4661 0.5339 
N1 2
0.49 0.51 
N3 2
0.7154 0.2846 
N4 2
0.679 0.321 
N6 2
0.3351 0.6649 
N7 2
0.7078 0.2922 
N8 2
0.7404 0.2596 
N9 2
0.9146 0.0854 
6 110.1115 10.5342
5 142.3084 5.4085
7 271.3782 1.1472
0 141.1652 61.4733
8 97.93 74.7212
2 302.9386 107.9094
9 240.9746 1.1803
1 105.3691 9.629
3 40.4222 6.9402
4 213.4985 111.7777
###===
74 0 8 0 0 0 0
N6 1 0
0.3325 0.8004 
0.223 0.777 
N0 2
0.4661 0.5339 
N1 2
0.49 0.51 
N3 2
0.7154 0.2846 
N4 2
0.679 0.321 
N6 2
0.223 0.777 
N7 2
0.7071 0.2929 
N8 2
0.7604 0.2396 
N9 2
0.9146 0.0854 
6 118.4055 10.5342
5 143.5453 5.4085
7 272.0822 1.1472
0 141.1652 61.4733
8 103.5544 15.9741
2 302.7475 107.9094
9 240.9746 1.1803
1 105.2726 9.629
3 41.0801 6.9402
4 228.2816 111.7777
###===
75 0 8 0 0 0 0
N3 0 1
N4 
0 
0.7175 0.8223 
0.7904 0.2096 
N0 2
0.4661 0.5339 
N1 2
0.49 0.51 
N3 2
0.7079 0.2921 
N4 2
0.679 0.321 
N6 2
0.223 0.777 
N7 2
0.7071 0.2929 
N8 2
0.7604 0.2396 
N9 2
0.9146 0.0854 
6 118.4056 10.5342
5 143.4763 5.4085
7 272.0822 1.1472
0 141.1211 61.4733
8 103.5921 13.9569
2 302.7475 107.9094
9 240.9746 1.1803
1 105.2726 9.629
3 41.1166 6.9402
4 228.2816 111.7777
###===
76 0 8 0 0 0 0
N9 0 0
0.8303 0.9225 
0.9179 0.0821 
N0 2
0.4661 0.5339 
N1 2
0.49 0.51 
N3 2
0.7079 0.2921 
N4 2
0.679 0.321 
N6 2
0.223 0.777 
N7 2
0.7071 0.2929 
N8 2
0.7604 0.2396 
N9 2
0.9179 0.0821 
6 118.3776 10.5342
5 143.4763 5.4085
7 272.0822 1.1472
0 141.3728 61.4733
8 103.6022 8.2715
2 302.7475 107.9094
9 241.7926 1.1803
1 105.2726 9.629
3 40.5141 6.9402
4 228.3322 111.7777
###===
77 0 7 0 0 0 0
N4 1 1
N3 
0 
0.2399 0.2478 
0.7546 0.2454 
N0 2
0.4661 0.5339 
N1 2
0.49 0.51 
N3 2
0.7079 0.2921 
N4 2
0.6765 0.3235 
N6 2
0.223 0.777 
N7 2
0.7071 0.2929 
N8 2
0.7604 0.2396 
N9 2
0.9179 0.0821 
6 118.3776 10.5342
5 143.48 5.4085
7 272.0859 0.4547
0 141.4118 61.4733
8 103.6074 8.2715
2 302.7475 107.9094
9 241.7926 1.1803
1 105.2726 9.629
3 40.5389 6.9402
4 228.3322 111.7777
###===
78 0 0 41.9113 0 0 0
N4 0 1
N3 
0 
0.3539 0.8964 
0.7253 0.2747 
N0 2
0.4661 0.5339 
N1 2
0.49 0.51 
N3 2
0.7079 0.2921 
N4 2
0.6557 0.3443 
N6 2
0.223 0.777 
N7 2
0.7071 0.2929 
N8 2
0.7604 0.2396 
N9 2
0.9179 0.0821 
6 118.3776 10.5342
5 143.5097 5.4085
7 272.1449 0.4547
0 183.8689 103.3846
8 103.6492 8.2715
2 302.7475 107.9094
9 241.7926 1.1803
1 105.2726 9.629
3 40.7383 6.9402
4 228.3322 111.7777
###===
79 0 2 11.2028 0 0 0
N3 1 1
N4 
0 
0.0951 0.6571 
0.658 0.342 
N0 2
0.4661 0.5339 
N1 2
0.49 0.51 
N3 2
0.6259 0.3741 
N4 2
0.6557 0.3443 
N6 2
0.223 0.777 
N7 2
0.7071 0.2929 
N8 2
0.7604 0.2396 
N9 2
0.9179 0.0821 
6 118.3776 10.5342
5 142.7611 5.4085
7 272.2016 0.4547
0 183.8586 103.3846
8 104.4594 8.2715
2 317.8383 94.0291
9 241.7926 1.1803
1 105.2726 9.629
3 41.1339 6.9402
4 228.3322 111.7777
###===
80 0 5 0 0 0 0
N8 1 1
N7 
0 
0.1423 0.5701 
0.8363 0.1637 
N0 2
0.4661 0.5339 
N1 2
0.49 0.51 
N3 2
0.6259 0.3741 
N4 2
0.6557 0.3443 
N6 2
0.2128 0.7872 
N7 2
0.7071 0.2929 
N8 2
0.8205 0.1795 
N9 2
0.9179 0.0821 
6 119.1213 10.5342
5 144.9192 5.4085
7 274.8623 0.4547
0 183.8586 103.3846
8 105.4902 8.2715
2 318.7781 94.0291
9 241.7926 1.1803
1 104.7441 9.629
3 41.0813 6.9402
4 229.6774 111.7777
###===
81 0 4 0 0 0 0
N9 0 0
0.3803 0.9622 
0.6869 0.3131 
N0 2
0.4661 0.5339 
N1 2
0.49 0.51 
N3 2
0.6259 0.3741 
N4 2
0.6557 0.3443 
N6 2
0.2128 0.7872 
N7 2
0.7071 0.2929 
N8 2
0.8205 0.1795 
N9 2
0.6869 0.3131 
6 121.0768 10.5342
5 144.9192 5.4085
7 274.8623 0.4547
0 166.2378 103.3846
8 104.0569 8.2715
2 318.7781 94.0291
9 184.5259 1.1803
1 104.7441 9.629
3 83.2535 6.9402
4 257.8724 85.2842
###===
82 0 2 0 0 0 0
N4 0 1
N3 
0 
0.3592 0.8639 
0.3845 0.6155 
N0 2
0.4661 0.5339 
N1 2
0.49 0.51 
N3 2
0.6259 0.3741 
N4 2
0.4649 0.5351 
N6 2
0.2128 0.7872 
N7 2
0.7071 0.2929 
N8 2
0.8205 0.1795 
N9 2
0.6869 0.3131 
6 121.0768 10.5342
5 145.1923 5.4085
7 275.4048 0.4547
0 173.3301 103.3846
8 104.4417 8.2715
2 341.2969 9.8055
9 184.5259 1.1803
1 104.7441 9.629
3 85.0883 6.9402
4 257.8724 85.2842
###===
83 0 2 0 0 0 0
N1 1 1
N0 
1 
0.3894 0.9303 
0.0752 0.9248 
N0 2
0.4661 0.5339 
N1 2
0.2188 0.7812 
N3 2
0.6259 0.3741 
N4 2
0.4649 0.5351 
N6 2
0.2128 0.7872 
N7 2
0.7071 0.2929 
N8 2
0.8205 0.1795 
N9 2
0.6869 0.3131 
6 121.0768 10.5342
5 144.944 5.4085
7 223.2959 0.4547
0 173.3301 103.3846
8 104.4417 8.2715
2 305.7315 10.9754
9 189.4547 1.1803
1 104.7441 9.629
3 85.0883 6.9402
4 257.8724 85.2842
###===
84 0 8 0 0 0 0
N4 1 1
N3 
1 
0.3729 0.4714 
0.6221 0.3779 
N0 2
0.4661 0.5339 
N1 2
0.2188 0.7812 
N3 2
0.6259 0.3741 
N4 2
0.4734 0.5266 
N6 2
0.2128 0.7872 
N7 2
0.7071 0.2929 
N8 2
0.8205 0.1795 
N9 2
0.6869 0.3131 
6 121.0768 10.5342
5 144.9319 5.4085
7 223.2959 0.4547
0 173.1524 103.3846
8 104.5661 1.908
2 306.2862 10.9754
9 189.4547 1.1803
1 104.7441 9.629
3 84.873 6.9402
4 257.8724 85.2842
###===
85 0 6 46.1921 0 0 0
N7 0 0
0.4772 0.9402 
0.5004 0.4996 
N0 2
0.4661 0.5339 
N1 2
0.2188 0.7812 
N3 2
0.6259 0.3741 
N4 2
0.4734 0.5266 
N6 2
0.2147 0.7853 
N7 2
0.5004 0.4996 
N8 2
0.8094 0.1906 
N9 2
0.6869 0.3131 
6 216.2883 6.8445
5 163.3744 5.4085
7 210.9002 0.4547
0 173.1524 103.3846
8 104.375 1.908
2 306.112 10.9754
9 189.4548 1.1803
1 106.9731 9.629
3 84.8827 6.9402
4 257.623 85.2842
###===
86 0 6 0 0 0 0
N0 0 1
N1 
1 
0.3509 0.3972 
0.381 0.619 
N0 2
0.4763 0.5237 
N1 2
0.2188 0.7812 
N3 2
0.6259 0.3741 
N4 2
0.4734 0.5266 
N6 2
0.2147 0.7853 
N7 2
0.5004 0.4996 
N8 2
0.8094 0.1906 
N9 2
0.6869 0.3131 
6 216.3296 3.8257
5 163.0554 5.4085
7 215.3011 0.4547
0 173.1524 103.3846
8 104.375 1.908
2 306.7654 10.9754
9 189.1396 1.1803
1 107.8097 9.629
3 84.8828 6.9402
4 257.623 85.2842
###===
87 0 6 15.0589 0 0 0
N9 0 0
0.6026 0.741 
0.6245 0.3755 
N0 2
0.4763 0.5237 
N1 2
0.2188 0.7812 
N3 2
0.6259 0.3741 
N4 2
0.4734 0.5266 
N6 2
0.2147 0.7853 
N7 2
0.5004 0.4996 
N8 2
0.8094 0.1906 
N9 2
0.6245 0.3755 
6 233.1814 5.1448
5 163.0554 5.4085
7 215.3011 0.4547
0 168.3925 103.3846
8 103.9878 1.908
2 306.7654 10.9754
9 173.6702 1.1803
1 107.8097 9.629
3 96.2747 6.9402
4 271.3267 85.2842
###===
88 0 5 0 0 0 0
N9 0 0
0.6015 0.6383 
0.6365 0.3635 
N0 2
0.4763 0.5237 
N1 2
0.2188 0.7812 
N3 2
0.6259 0.3741 
N4 2
0.4734 0.5266 
N6 2
0.2147 0.7853 
N7 2
0.5004 0.4996 
N8 2
0.8094 0.1906 
N9 2
0.6365 0.3635 
6 232.6003 5.1448
5 163.0999 0.7228
7 215.3011 0.4547
0 169.3079 103.3846
8 104.0623 1.908
2 306.7654 10.9754
9 176.6451 1.1803
1 107.8097 9.629
3 94.084 6.9402
4 268.6914 85.2842
###===
89 0 7 0 0 0 0
N0 1 1
N1 
1 
0.6171 0.9808 
0.3648 0.6352 
N0 2
0.4636 0.5364 
N1 2
0.2188 0.7812 
N3 2
0.6259 0.3741 
N4 2
0.4734 0.5266 
N6 2
0.2147 0.7853 
N7 2
0.5004 0.4996 
N8 2
0.8094 0.1906 
N9 2
0.6365 0.3635 
6 232.4983 5.1448
5 163.4948 0.7228
7 209.9171 4.1818
0 169.3079 103.3846
8 104.0623 1.908
2 305.9567 10.9754
9 177.0351 1.1803
1 106.7742 9.629
3 94.084 6.9402
4 268.6914 85.2842
###===
90 0 0 0 0 0 0
N4 0 1
N3 
1 
0.3038 0.8405 
0.3307 0.6693 
N0 2
0.4636 0.5364 
N1 2
0.2188 0.7812 
N3 2
0.6259 0.3741 
N4 2
0.3644 0.6356 
N6 2
0.2147 0.7853 
N7 2
0.5004 0.4996 
N8 2
0.8094 0.1906 
N9 2
0.6365 0.3635 
6 232.4983 5.1448
5 163.6508 0.7228
7 209.9171 4.1818
0 180.969 12.2222
8 101.7087 1.908
2 298.8062 10.9754
9 177.0351 1.1803
1 106.7742 9.629
3 96.8608 6.9402
4 268.6914 85.2842
###===
91 0 6 0 0 0 0
N4 0 1
N3 
1 
0.3191 0.3541 
0.3209 0.6791 
N0 2
0.4636 0.5364 
N1 2
0.2188 0.7812 
N3 2
0.6259 0.3741 
N4 2
0.3607 0.6393 
N6 2
0.2147 0.7853 
N7 2
0.5004 0.4996 
N8 2
0.8094 0.1906 
N9 2
0.6365 0.3635 
6 232.51 0.8048
5 163.6561 0.7228
7 209.9171 4.1818
0 181.6826 12.2222
8 101.6296 1.908
2 298.5658 10.9754
9 177.0351 1.1803
1 106.7742 9.629
3 96.9542 6.9402
4 268.6914 85.2842
###===
92 0 1 21.9158 0 0 0
N3 1 1
N4 
0 
0.2674 0.4638 
0.7227 0.2773 
N0 2
0.4636 0.5364 
N1 2
0.2188 0.7812 
N3 2
0.6459 0.3541 
N4 2
0.3607 0.6393 
N6 2
0.2147 0.7853 
N7 2
0.5004 0.4996 
N8 2
0.8094 0.1906 
N9 2
0.6365 0.3635 
6 232.5969 0.8048
5 163.8389 0.7228
7 209.9033 4.1818
0 183.51 12.2222
8 101.3247 1.908
2 295.0645 10.9754
9 177.0351 1.1803
1 129.0624 5.2255
3 96.8575 6.9402
4 268.6914 85.2842
###===
93 0 5 0 0 0 0
N7 0 0
0.4493 0.5029 
0.452 0.548 
N0 2
0.4636 0.5364 
N1 2
0.2188 0.7812 
N3 2
0.6459 0.3541 
N4 2
0.3607 0.6393 
N6 2
0.2151 0.7849 
N7 2
0.452 0.548 
N8 2
0.8068 0.1932 
N9 2
0.6365 0.3635 
6 247.0511 0.8048
5 168.8344 0.8711
7 207.0006 4.1818
0 183.5099 12.2222
8 101.28 1.908
2 295.0237 10.9754
9 177.0351 1.1803
1 129.5843 5.2255
3 96.8598 6.9402
4 268.633 85.2842
###===
94 0 6 0 0 0 0
N8 0 1
N7 
0 
0.8316 0.8372 
0.8343 0.1657 
N0 2
0.4636 0.5364 
N1 2
0.2188 0.7812 
N3 2
0.6459 0.3541 
N4 2
0.3607 0.6393 
N6 2
0.2153 0.7847 
N7 2
0.452 0.548 
N8 2
0.8059 0.1941 
N9 2
0.6365 0.3635 
6 247.0408 0.4594
5 168.7659 0.8711
7 206.9606 4.1818
0 183.5099 12.2222
8 101.2645 1.908
2 295.0095 10.9754
9 177.0351 1.1803
1 129.5922 5.2255
3 96.8606 6.9402
4 268.6127 85.2842
###===
95 0 4 58.2815 0 0 0
N1 0 1
N0 
1 
0.0277 0.658 
0.0592 0.9408 
N0 2
0.4636 0.5364 
N1 2
0.2104 0.7896 
N3 2
0.6459 0.3541 
N4 2
0.3607 0.6393 
N6 2
0.2153 0.7847 
N7 2
0.452 0.548 
N8 2
0.8059 0.1941 
N9 2
0.6365 0.3635 
6 247.0154 0.4594
5 168.7582 0.8711
7 205.3783 4.1818
0 183.5099 12.2222
8 101.2645 1.908
2 295.9654 10.9754
9 177.1877 1.1803
1 129.5922 5.2255
3 96.8606 6.9402
4 327.041 109.7073
###===
96 0 5 0 0 0 0
N1 1 1
N0 
1 
0.7532 0.9529 
0.099 0.901 
N0 2
0.4636 0.5364 
N1 2
0.2317 0.7683 
N3 2
0.6459 0.3541 
N4 2
0.3607 0.6393 
N6 2
0.2153 0.7847 
N7 2
0.452 0.548 
N8 2
0.8059 0.1941 
N9 2
0.6365 0.3635 
6 247.0799 0.4594
5 169.7032 0.8711
7 209.3999 4.1818
0 183.5099 12.2222
8 101.2645 1.908
2 293.5359 10.9754
9 176.7998 1.1803
1 129.5922 5.2255
3 96.8606 6.9402
4 326.2665 109.7073
###===
97 0 1 0 0 0 0
N9 0 0
0.6139 0.6494 
0.6477 0.3523 
N0 2
0.4636 0.5364 
N1 2
0.2317 0.7683 
N3 2
0.6459 0.3541 
N4 2
0.3607 0.6393 
N6 2
0.2153 0.7847 
N7 2
0.452 0.548 
N8 2
0.8059 0.1941 
N9 2
0.6477 0.3523 
6 246.5375 0.4594
5 169.7864 0.8711
7 209.3998 4.1818
0 184.3642 12.2222
8 101.3339 1.908
2 293.5359 10.9754
9 179.5763 1.1803
1 129.6315 0.7104
3 94.8158 6.9402
4 323.8069 109.7073
###===
98 0 2 0 0 0 0
N0 0 1
N1 
0 
0.2084 0.7876 
0.2374 0.7626 
N0 2
0.34 0.66 
N1 2
0.2317 0.7683 
N3 2
0.6459 0.3541 
N4 2
0.3607 0.6393 
N6 2
0.2153 0.7847 
N7 2
0.452 0.548 
N8 2
0.8059 0.1941 
N9 2
0.6477 0.3523 
6 246.5375 0.4594
5 174.6035 0.8711
7 210.173 4.1818
0 184.3642 12.2222
8 101.3339 1.908
2 292.8752 18.7697
9 179.5763 1.1803
1 139.716 0.7104
3 94.8158 6.9402
4 319.6211 109.7073
###===
99 0 8 0 0 0 1
N6 0 1
N8 
0 
0.151 0.6143 
0.5911 0.4089 
N0 2
0.34 0.66 
N1 2
0.2317 0.7683 
N3 2
0.6459 0.3541 
N4 2
0.3607 0.6393 
N6 2
0.5447 0.4553 
N7 2
0.452 0.548 
N8 2
0.8059 0.1941 
N9 2
0.6477 0.3523 
6 222.5188 0.4594
5 174.6035 0.8711
7 210.173 4.1818
0 184.3642 12.2222
8 122.4638 1.908
2 291.8992 18.7697
9 179.5763 1.1803
1 139.716 0.7104
3 94.8158 6.9402
4 276.1726 109.7073
80
6 202.4356 71.7852
5 162.3914 5.4085
7 210.1582 0.4547
0 172.5335 103.3846
8 76.1734 8.2715
2 251.2031 94.0291
9 179.5763 1.1803
1 139.3044 31.5448
3 94.8158 6.9402
4 240.0401 170.0592
N0 2
0.34 0.66 
N1 2
0.2317 0.7683 
N3 2
0.6459 0.3541 
N4 2
0.3607 0.6393 
N6 2
0.5447 0.4553 
N7 2
0.452 0.548 
N8 2
0.8059 0.1941 
N9 2
0.6477 0.3523 
