Gch_comingSoon999
0 2 2 0 0 0 0
N6 N5 
2 3 
N6 1 1
N5 
0 
0.25 0.75 
0.6385 0.3615 
N5 3
0.3333 0.3333 0.3333 
N6 2
0.5462 0.4538 
2 101.8693 53.2068
###===
1 3 1 102.7354 0 1 0
N2 N3 N4 
2 2 2 
N2 1 2
N3 N4 
1 0 
0.1227 0.8773 
0.1604 0.8396 
N2 2
0.4151 0.5849 
N3 2
0.5 0.5 
N4 2
0.5 0.5 
N5 3
0.3333 0.3333 0.3333 
N6 2
0.5462 0.4538 
2 101.8693 53.2068
1 211.8538 38.71
N2
0
N3 2
0.6023 0.3977 
N4 2
0.3977 0.6023 
N5 3
0.3333 0.3333 0.3333 
N6 2
0.5462 0.4538 
2 101.8693 53.2068
1 186.89 38.71
###===
2 2 5 0 0 1 0
N7 N8 
2 2 
N7 0 2
N5 N8 
1 1 
0.25 0.75 
0.725 0.275 
N3 2
0.6023 0.3977 
N4 2
0.3977 0.6023 
N5 3
0.3333 0.3333 0.3333 
N6 2
0.5462 0.4538 
N7 2
0.5375 0.4625 
N8 2
0.5 0.5 
5 102.5242 13.7504
2 101.8693 53.2068
1 186.89 38.71
N7
0
N3 2
0.6023 0.3977 
N4 2
0.3977 0.6023 
N5 3
0.3101 0.3798 0.3101 
N6 2
0.5429 0.4571 
N8 2
0.4651 0.5349 
5 112.0508 100
2 101.7389 53.2068
1 186.89 38.71
###===
3 0 5 0 0 0 0
N6 0 1
N5 
1 
0.25 0.75 
0.275 0.725 
N3 2
0.6023 0.3977 
N4 2
0.3977 0.6023 
N5 3
0.3101 0.3798 0.3101 
N6 2
0.4575 0.5425 
N8 2
0.4651 0.5349 
5 117.8036 13.7503
2 101.7389 53.2068
1 186.89 38.71
###===
4 0 4 0 0 0 0
N8 0 1
N5 
0 
0.25 0.75 
0.275 0.725 
N3 2
0.6023 0.3977 
N4 2
0.3977 0.6023 
N5 3
0.3101 0.3798 0.3101 
N6 2
0.4575 0.5425 
N8 2
0.3953 0.6047 
5 117.8036 13.7503
2 101.7389 53.2068
1 186.89 38.71
4 104.6962 13.7503
###===
5 0 1 0 0 0 0
N5 2 0
0.2371 0.4724 
0.3358 0.4113 0.2529 
N3 2
0.6023 0.3977 
N4 2
0.3977 0.6023 
N5 3
0.3358 0.4113 0.2529 
N6 2
0.454 0.546 
N8 2
0.3867 0.6133 
5 119.2779 13.7503
2 101.8831 53.2068
1 188.0349 9.3038
4 105.0857 13.7503
###===
6 0 8 0 0 0 0
N6 0 1
N5 
0 
0.3192 0.8192 
0.3442 0.6558 
N3 2
0.6023 0.3977 
N4 2
0.3977 0.6023 
N5 3
0.3358 0.4113 0.2529 
N6 2
0.3551 0.6449 
N8 2
0.3867 0.6133 
5 119.278 13.7503
8 108.619 10.8561
2 93.7726 53.2068
1 188.0349 9.3038
4 105.0858 13.7503
###===
7 2 8 0 0 0 0
N0 N1 
2 2 
N0 1 1
N1 
0 
0.4638 0.5362 
0.4662 0.5338 
N0 2
0.4831 0.5169 
N1 2
0.5 0.5 
N3 2
0.6023 0.3977 
N4 2
0.3977 0.6023 
N5 3
0.3358 0.4113 0.2529 
N6 2
0.3551 0.6449 
N8 2
0.3867 0.6133 
5 119.278 13.7503
8 108.7839 0.7582
2 93.7726 53.2068
1 188.0349 9.3038
4 105.0858 13.7503
###===
8 0 3 0 0 1 0
N8 1 1
N5 
2 
0.25 0.75 
0.725 0.275 
N0 2
0.4831 0.5169 
N1 2
0.5 0.5 
N3 2
0.6023 0.3977 
N4 2
0.3977 0.6023 
N5 3
0.3358 0.4113 0.2529 
N6 2
0.3551 0.6449 
N8 2
0.4436 0.5564 
5 119.2779 13.7503
8 108.7839 0.7582
2 93.7726 53.2068
1 188.0349 9.3038
3 103.8302 13.7503
4 105.0858 13.7503
N8
0
N0 2
0.4831 0.5169 
N1 2
0.5 0.5 
N3 2
0.6023 0.3977 
N4 2
0.3977 0.6023 
N5 3
0.2082 0.3785 0.4134 
N6 2
0.3824 0.6176 
5 105.7319 13.7503
8 105.5084 0.7582
2 96.1392 53.2068
1 181.4725 9.3038
3 122.1578 100
4 82.0443 13.7503
###===
9 0 8 58.9238 0 0 0
N3 0 1
N4 
0 
0.5006 0.8394 
0.8225 0.1775 
N0 2
0.4831 0.5169 
N1 2
0.5 0.5 
N3 2
0.6283 0.3717 
N4 2
0.3977 0.6023 
N5 3
0.2082 0.3785 0.4134 
N6 2
0.3824 0.6176 
5 105.7319 13.7503
8 165.1473 14.4376
2 96.1392 53.2068
1 185.738 9.3038
3 122.1578 100
4 82.0442 13.7503
###===
10 1 2 82.7639 0 1 0
N9 
2 
N9 1 0
0.1948 0.8052 
0.2253 0.7747 
N0 2
0.4831 0.5169 
N1 2
0.5 0.5 
N3 2
0.6283 0.3717 
N4 2
0.3977 0.6023 
N5 3
0.2082 0.3785 0.4134 
N6 2
0.3824 0.6176 
N9 2
0.2253 0.7747 
5 105.7319 13.7503
8 165.1473 14.4376
2 201.9303 20.9626
1 185.738 9.3038
3 122.1578 100
4 82.0442 13.7503
N9
0
N0 2
0.4831 0.5169 
N1 2
0.5 0.5 
N3 2
0.6283 0.3717 
N4 2
0.3977 0.6023 
N5 3
0.2082 0.3785 0.4134 
N6 2
0.3824 0.6176 
5 105.7319 13.7503
8 165.1473 14.4376
2 63.8951 20.9626
1 185.738 9.3038
3 122.1578 100
4 82.0442 13.7503
###===
11 0 2 0 0 0 0
N0 1 1
N1 
0 
0.4616 0.5968 
0.4099 0.5901 
N0 2
0.4549 0.545 
N1 2
0.5 0.5 
N3 2
0.6283 0.3717 
N4 2
0.3977 0.6023 
N5 3
0.2082 0.3785 0.4134 
N6 2
0.3824 0.6176 
5 105.7319 13.7503
8 165.6972 14.4376
2 64.3578 2.3949
1 185.738 9.3038
3 122.1578 100
4 82.0442 13.7503
###===
12 0 7 0 0 0 0
N1 1 1
N0 
1 
0.2293 0.7293 
0.7457 0.2543 
N0 2
0.455 0.5451 
N1 2
0.6114 0.3886 
N3 2
0.6283 0.3717 
N4 2
0.3977 0.6023 
N5 3
0.2082 0.3785 0.4134 
N6 2
0.3824 0.6176 
5 105.7319 13.7503
7 106.9871 14.9064
8 166.7485 14.4376
2 65.9692 2.3949
1 185.738 9.3038
3 122.1578 100
4 82.0443 13.7503
###===
13 0 7 0 0 0 0
N1 1 1
N0 
0 
0.2748 0.7748 
0.2502 0.7498 
N0 2
0.455 0.5451 
N1 2
0.5203 0.4797 
N3 2
0.6283 0.3717 
N4 2
0.3977 0.6023 
N5 3
0.2082 0.3785 0.4134 
N6 2
0.3824 0.6176 
5 105.7319 13.7503
7 112.6242 14.9064
8 167.6686 14.4376
2 67.6611 2.3949
1 185.738 9.3038
3 122.1578 100
4 82.0443 13.7503
###===
14 0 2 0 0 1 0
N0 0 1
N1 
0 
0.2152 0.3889 
0.3476 0.6524 
N0 2
0.522 0.478 
N1 2
0.5203 0.4797 
N3 2
0.6283 0.3717 
N4 2
0.3977 0.6023 
N5 3
0.2082 0.3785 0.4134 
N6 2
0.3824 0.6176 
5 105.7319 13.7503
7 103.8415 14.9064
8 166.3594 14.4376
2 68.7024 9.4325
1 185.738 9.3038
3 122.1578 100
4 82.0442 13.7503
N0
0
N1 2
0.3465 0.6535 
N3 2
0.6283 0.3717 
N4 2
0.3977 0.6023 
N5 3
0.2082 0.3785 0.4134 
N6 2
0.3824 0.6176 
5 105.7319 13.7503
7 99.9066 15.159
8 161.4837 14.4376
2 80.6028 20.9626
1 185.738 9.3038
3 122.1578 100
4 82.0443 13.7503
###===
15 0 8 0 0 1 0
N1 0 0
0.3135 0.4487 
0.4106 0.5894 
N1 2
0.4106 0.5894 
N3 2
0.6283 0.3717 
N4 2
0.3977 0.6023 
N5 3
0.2082 0.3785 0.4134 
N6 2
0.3824 0.6176 
5 105.7319 13.7503
7 91.5905 15.159
8 162.1135 9.635
2 83.6953 20.9626
1 185.738 9.3038
3 122.1578 100
4 82.0442 13.7503
N1
1
N3 2
0.6283 0.3717 
N4 2
0.3977 0.6023 
N5 3
0.2082 0.3785 0.4134 
N6 2
0.3824 0.6176 
5 105.7319 13.7503
7 144.8358 144.8358
8 150.0818 9.635
2 63.8951 20.9626
1 185.738 9.3038
3 122.1578 100
4 82.0442 13.7503
###===
16 0 5 0 0 0 0
N4 0 1
N3 
0 
0.4734 0.5643 
0.4779 0.5221 
N3 2
0.6283 0.3717 
N4 2
0.3708 0.6292 
N5 3
0.2082 0.3785 0.4134 
N6 2
0.3824 0.6176 
5 106.0641 1.3771
7 144.8358 144.8358
8 149.7605 9.635
2 63.8951 20.9626
1 185.738 9.3038
3 122.1578 100
4 82.0443 13.7503
###===
17 0 7 0 0 0 0
N4 1 1
N3 
1 
0.2968 0.9304 
0.6715 0.3285 
N3 2
0.6283 0.3717 
N4 2
0.5499 0.4501 
N5 3
0.2082 0.3785 0.4134 
N6 2
0.3824 0.6176 
5 106.0641 1.3771
7 174.4151 14.6182
8 141.661 9.635
2 63.8951 20.9626
1 156.3744 9.3038
3 122.1578 100
4 82.0443 13.7503
###===
18 0 6 0 0 0 0
N5 1 1
N6 
1 
0.2221 0.7221 
0.1205 0.6971 0.1824 
N3 2
0.6283 0.3717 
N4 2
0.5499 0.4501 
N5 3
0.1461 0.5346 0.3193 
N6 2
0.3824 0.6176 
6 111.6007 12.4456
5 114.4338 1.3771
7 174.4151 14.6182
8 136.3244 9.635
2 66.8013 20.9626
1 160.2174 9.3038
3 117.1174 100
4 87.401 13.7503
###===
19 0 9 0 0 0 0
N4 0 1
N3 
1 
0.3357 0.8357 
0.8107 0.1893 
N3 2
0.6283 0.3717 
N4 2
0.6016 0.3984 
N5 3
0.1461 0.5346 0.3193 
N6 2
0.3824 0.6176 
6 111.6007 12.4456
5 114.4338 1.3771
7 190.5812 14.6182
8 133.9832 9.635
9 102.5946 20.4781
2 66.8013 20.9626
1 151.7299 9.3038
3 117.1174 100
4 87.401 13.7503
###===
20 0 1 36.2057 0 0 0
N3 0 0
0.147 0.7288 
0.6997 0.3003 
N3 2
0.6997 0.3003 
N4 2
0.5778 0.4222 
N5 3
0.1461 0.5346 0.3193 
N6 2
0.3824 0.6176 
6 111.6007 12.4456
5 114.4715 1.3771
7 181.7909 14.6182
8 137.0112 9.635
9 102.096 20.4781
2 66.8013 20.9626
1 199.0594 14.7243
3 117.1174 100
4 87.401 13.7503
###===
21 0 3 0 0 0 0
N6 1 1
N5 
0 
0.2547 0.7547 
0.2703 0.7297 
N3 2
0.6997 0.3003 
N4 2
0.5778 0.4222 
N5 3
0.1461 0.5346 0.3193 
N6 2
0.3502 0.6498 
6 108.7843 12.4456
5 114.4715 1.3771
7 181.7909 14.6182
8 142.6436 9.635
9 102.096 20.4781
2 64.1609 20.9626
1 199.0594 14.7243
3 119.2476 14.0181
4 87.401 13.7503
###===
22 0 4 0 0 0 0
N4 0 1
N3 
1 
0.737 0.8279 
0.817 0.183 
N3 2
0.6997 0.3003 
N4 2
0.5797 0.4203 
N5 3
0.1461 0.5346 0.3193 
N6 2
0.3502 0.6498 
6 108.7843 12.4456
5 114.4715 1.3771
7 182.3819 14.6182
8 142.558 9.635
9 102.2979 20.4781
2 64.1609 20.9626
1 198.749 14.7243
3 119.2476 14.0181
4 87.4066 8.8673
###===
23 0 1 0 0 0 0
N4 0 0
0.5235 0.8783 
0.5412 0.4588 
N3 2
0.711 0.289 
N4 2
0.5412 0.4588 
N5 3
0.1461 0.5346 0.3193 
N6 2
0.3502 0.6498 
6 108.7843 12.4456
5 115.1598 1.3771
7 178.7547 14.6182
8 143.0302 9.635
9 101.454 20.4781
2 64.1609 20.9626
1 202.3821 4.8019
3 119.2476 14.0181
4 87.3638 8.8673
###===
24 0 3 0 0 0 0
N4 0 1
N3 
1 
0.7191 0.8117 
0.7237 0.2763 
N3 2
0.711 0.289 
N4 2
0.5213 0.4787 
N5 3
0.1461 0.5346 0.3193 
N6 2
0.3502 0.6498 
6 108.7843 12.4456
5 115.1598 1.3771
7 172.5482 14.6182
8 143.929 9.635
9 99.3343 20.4781
2 64.1609 20.9626
1 206.0891 4.8019
3 119.8051 0.9283
4 87.2446 8.8673
###===
25 0 2 0 0 0 0
N5 0 0
0.1263 0.4661 
0.1433 0.5363 0.3204 
N3 2
0.711 0.289 
N4 2
0.5213 0.4787 
N5 3
0.1433 0.5363 0.3204 
N6 2
0.3505 0.6495 
6 109.0174 12.4456
5 115.2046 1.3771
7 172.5482 14.6182
8 143.8218 9.635
9 99.3343 20.4781
2 64.2337 18.1942
1 206.0451 4.8019
3 119.8223 0.9283
4 87.4841 8.8673
###===
26 0 9 0 0 1 0
N4 1 1
N3 
1 
0.2397 0.7003 
0.3227 0.6773 
N3 2
0.711 0.289 
N4 2
0.4054 0.5946 
N5 3
0.1433 0.5363 0.3204 
N6 2
0.3505 0.6495 
6 109.0174 12.4456
5 115.2046 1.3771
7 136.3383 14.6182
8 149.0657 9.635
9 101.4226 10.6583
2 64.2337 18.1942
1 227.6727 4.8019
3 126.1222 0.9283
4 86.7887 8.8673
N4
1
N3 2
0.6708 0.3292 
N5 3
0.1433 0.5363 0.3204 
N6 2
0.3505 0.6495 
6 109.0174 12.4456
5 122.4225 13.7504
7 101.9617 14.6182
8 149.5553 54.8793
9 116.4078 100
2 64.2337 18.1942
1 250.2623 191.4052
3 132.8516 14.0181
4 86.0327 8.8673
###===
27 0 0 0 0 0 0
N6 0 1
N5 
2 
0.3236 0.8236 
0.3838 0.6162 
N3 2
0.6708 0.3292 
N5 3
0.1433 0.5363 0.3204 
N6 2
0.2661 0.7339 
6 101.6276 12.4456
5 122.4224 13.7504
0 106.6156 24.6079
7 101.9617 14.6182
8 149.5553 54.8793
9 116.4078 100
2 64.2337 18.1942
1 250.2623 191.4052
3 132.8516 14.0181
4 86.0327 8.8673
###===
28 0 2 0 0 0 0
N5 0 0
0.1263 0.4661 
0.1433 0.5363 0.3204 
N3 2
0.6708 0.3292 
N5 3
0.1433 0.5363 0.3204 
N6 2
0.2661 0.7339 
6 101.6276 12.4456
5 122.4225 13.7504
0 106.6156 24.6079
7 101.9617 14.6182
8 149.5553 54.8793
9 116.4078 100
2 64.2337 18.1943
1 250.2624 191.4052
3 132.8516 14.0181
4 86.0327 8.8673
###===
29 0 1 0 0 1 0
N3 0 0
0.1291 0.9126 
0.1683 0.8317 
N3 2
0.1683 0.8317 
N5 3
0.1433 0.5363 0.3204 
N6 2
0.2661 0.7339 
6 101.6276 12.4456
5 116.223 13.7504
0 106.6156 24.6079
7 36.5338 14.6182
8 149.5554 54.8793
9 141.447 100
2 64.2337 18.1943
1 304.6056 38.2515
3 153.5857 14.0181
4 83.5792 8.8673
N3
0
N5 3
0.1433 0.5363 0.3204 
N6 2
0.2661 0.7339 
6 101.6276 12.4456
5 126.4849 26.0888
0 106.6156 24.6079
7 144.8358 144.8358
8 149.5554 54.8793
9 100 100
2 64.2337 18.1943
1 66.0392 38.2515
3 119.2648 14.0181
4 87.6404 13.7503
###===
30 0 3 0 0 0 0
N5 1 0
0.2682 0.5792 
0.1607 0.48 0.3593 
N5 3
0.1607 0.48 0.3593 
N6 2
0.2748 0.7252 
6 95.4709 12.4456
5 124.9998 26.0888
0 107.4189 24.6079
7 144.8358 144.8358
8 150.2271 54.8793
9 100 100
2 63.7504 18.1943
1 64.4492 38.2515
3 122.5202 30.5512
4 86.1397 13.7503
###===
31 0 0 0 0 1 0
N5 2 1
N6 
1 
0.0874 0.6526 
0.2058 0.6785 0.1157 
N5 3
0.1927 0.5855 0.2218 
N6 2
0.2748 0.7252 
6 111.5654 12.4456
5 130.6555 26.0888
0 106.9354 24.6078
7 144.8358 144.8358
8 152.9755 54.8793
9 100 100
2 62.1467 18.1943
1 70.0711 38.2515
3 113.3755 30.5512
4 83.3809 13.7503
N5
0
N6 2
0.2254 0.7746 
6 32.1918 12.4571
5 112.3385 112.3385
0 126.9534 100
7 144.8358 144.8358
8 190.4834 54.8793
9 100 100
2 36.695 18.1943
1 79.1551 79.1551
3 137.2997 30.5512
4 13.7503 13.7503
###===
32 0 1 0 0 0 0
N6 0 0
0.1302 0.5525 
0.1513 0.8487 
N6 2
0.1513 0.8487 
6 25.7023 12.4571
5 112.3385 112.3385
0 129.5329 100
7 144.8358 144.8358
8 203.4612 54.8793
9 100 100
2 30.6113 18.1943
1 81.6421 21.6287
3 147.5159 30.5512
4 13.7503 13.7503
###===
33 0 3 0 0 0 0
N6 0 0
0.1224 0.7358 
0.7051 0.2949 
N6 2
0.7051 0.2949 
6 74.1836 12.4571
5 112.3385 112.3385
0 110.2619 100
7 144.8358 144.8358
8 106.5075 54.8793
9 100 100
2 76.0612 18.1943
1 42.4817 21.6287
3 182.7817 15.8646
4 13.7503 13.7503
###===
34 0 2 17.4366 0 0 0
N6 1 0
0.2304 0.6882 
0.3329 0.6671 
N6 2
0.3329 0.6671 
6 41.6001 12.4571
5 112.3385 112.3385
0 123.2136 100
7 144.8358 144.8358
8 171.6685 54.8793
9 100 100
2 105.4701 9.426
1 68.8008 21.6287
3 94.6714 15.8646
4 13.7503 13.7503
###===
35 0 3 0 0 0 0
N6 1 0
0.5976 0.9422 
0.1707 0.8293 
N6 2
0.1707 0.8293 
6 27.4006 12.4571
5 112.3385 112.3385
0 128.8578 100
7 144.8358 144.8358
8 200.0648 54.8793
9 100 100
2 128.8225 9.426
1 80.2703 21.6287
3 65.8643 47.2637
4 13.7503 13.7503
###===
36 0 2 21.2493 0 0 0
N6 0 0
0.138 0.7528 
0.7221 0.2779 
N6 2
0.7221 0.2779 
6 75.6718 12.4571
5 112.3385 112.3385
0 109.6703 100
7 144.8358 144.8358
8 103.5313 54.8793
9 100 100
2 177.1013 16.9151
1 41.2796 21.6287
3 125.9485 47.2637
4 13.7503 13.7503
###===
37 0 5 0 0 0 0
N6 0 0
0.3315 0.8724 
0.8454 0.1546 
N6 2
0.8454 0.1546 
6 86.4659 12.4571
5 118.4863 27.7359
0 105.3797 100
7 144.8358 144.8358
8 81.9452 54.8793
9 100 100
2 204.4534 16.9151
1 32.5608 21.6287
3 139.384 47.2637
4 13.7503 13.7503
###===
38 0 5 0 1 0 0
N6 1 0
0.7221 0.2779 
N6 2
0.7221 0.2779 
6 75.6718 12.4571
5 112.3385 112.3385
0 109.6703 100
7 144.8358 144.8358
8 103.5313 54.8793
9 100 100
2 177.1013 16.9151
1 41.2796 21.6287
3 125.9484 47.2637
4 13.7503 13.7503
###===
39 0 7 0 0 1 0
N6 0 0
0.2646 0.8982 
0.2963 0.7037 
N6 2
0.2963 0.7037 
6 38.396 12.4571
5 112.3385 112.3385
0 124.4872 100
7 201.0806 16.3218
8 178.0761 54.8793
9 100 100
2 82.6444 16.9151
1 71.3889 21.6287
3 79.5505 47.2637
4 13.7503 13.7503
N6
1
6 12.4571 12.4571
5 112.3385 112.3385
0 134.7979 134.7979
7 278.8752 278.8752
8 229.9493 229.9493
9 100 100
2 16.9151 16.9151
1 92.3409 92.3409
3 47.2637 47.2637
4 13.7503 13.7503