0 1 7 64.8025 0 0 0
N5 
2 
N5 0 0
0.1595 0.8405 
0.8064 0.1936 
N5 2
0.8064 0.1936 
7 193.9083 27.9176
###===
1 1 0 0 0 0 0
N9 
3 
N9 2 0
0.1667 0.6667 
0.2087 0.2087 0.5826 
N5 2
0.8064 0.1936 
N9 3
0.2087 0.2087 0.5826 
0 118.7339 32.4465
7 193.9083 27.9176
###===
2 1 8 93.1634 0 0 0
N1 
2 
N1 0 0
0.1311 0.8689 
0.168 0.832 
N1 2
0.168 0.832 
N5 2
0.8064 0.1936 
N9 3
0.2087 0.2087 0.5826 
0 118.7339 32.4465
7 193.9083 27.9176
8 227.8525 35.8167
###===
3 1 9 0 0 0 0
N4 
2 
N4 1 0
0.25 0.75 
0.275 0.725 
N1 2
0.168 0.832 
N4 2
0.275 0.725 
N5 2
0.8064 0.1936 
N9 3
0.2087 0.2087 0.5826 
0 118.7339 32.4465
7 193.9083 27.9176
8 227.8525 35.8167
9 115.1452 13.7504
###===
4 1 8 38.797 0 0 0
N2 
2 
N2 1 0
0.2981 0.7019 
0.6817 0.3183 
N1 2
0.168 0.832 
N2 2
0.6817 0.3183 
N4 2
0.275 0.725 
N5 2
0.8064 0.1936 
N9 3
0.2087 0.2087 0.5826 
0 118.7339 32.4465
7 193.9083 27.9176
8 276.3972 9.4596
9 115.1452 13.7504
###===
5 1 6 0 0 0 0
N7 
2 
N7 1 0
0.25 0.75 
0.275 0.725 
N1 2
0.168 0.832 
N2 2
0.6817 0.3183 
N4 2
0.275 0.725 
N5 2
0.8064 0.1936 
N7 2
0.275 0.725 
N9 3
0.2087 0.2087 0.5826 
6 115.1452 13.7504
0 118.7339 32.4465
7 193.9083 27.9176
8 276.3972 9.4596
9 115.1452 13.7504
###===
6 0 3 73.0127 0 0 0
N1 0 0
0.0506 0.7492 
0.052 0.948 
N1 2
0.052 0.948 
N2 2
0.6817 0.3183 
N4 2
0.275 0.725 
N5 2
0.8064 0.1936 
N7 2
0.275 0.725 
N9 3
0.2087 0.2087 0.5826 
6 115.1452 13.7504
0 118.7339 32.4465
7 193.9083 27.9176
8 303.1714 9.4596
9 115.1452 13.7504
3 182.0661 3.825
###===
7 1 1 0 0 0 0
N3 
2 
N3 0 0
0.25 0.75 
0.275 0.725 
N1 2
0.052 0.948 
N2 2
0.6817 0.3183 
N3 2
0.275 0.725 
N4 2
0.275 0.725 
N5 2
0.8064 0.1936 
N7 2
0.275 0.725 
N9 3
0.2087 0.2087 0.5826 
6 115.1452 13.7504
0 118.7339 32.4465
7 193.9083 27.9176
8 303.1714 9.4596
9 115.1452 13.7504
1 115.1452 13.7504
3 182.0661 3.825
###===
8 1 2 0 0 0 0
N0 
2 
N0 1 0
0.25 0.75 
0.725 0.275 
N0 2
0.725 0.275 
N1 2
0.052 0.948 
N2 2
0.6817 0.3183 
N3 2
0.275 0.725 
N4 2
0.275 0.725 
N5 2
0.8064 0.1936 
N7 2
0.275 0.725 
N9 3
0.2087 0.2087 0.5826 
6 115.1452 13.7504
0 118.7339 32.4465
7 193.9083 27.9176
8 303.1714 9.4596
2 115.1452 13.7504
9 115.1452 13.7504
1 115.1452 13.7504
3 182.0661 3.825
###===
9 0 4 0 0 0 0
N4 1 0
0.3625 0.8625 
0.6125 0.3875 
N0 2
0.725 0.275 
N1 2
0.052 0.948 
N2 2
0.6817 0.3183 
N3 2
0.275 0.725 
N4 2
0.6125 0.3875 
N5 2
0.8064 0.1936 
N7 2
0.275 0.725 
N9 3
0.2087 0.2087 0.5826 
6 115.1452 13.7504
0 118.7339 32.4465
7 193.9083 27.9176
8 303.1714 9.4596
2 115.1452 13.7504
9 67.9441 13.7504
1 115.1452 13.7504
3 182.0661 3.825
4 135.7392 9.6215
###===
10 1 1 100.6587 0 0 0
N8 
2 
N8 0 0
0.2262 0.7738 
0.2817 0.7183 
N0 2
0.725 0.275 
N1 2
0.052 0.948 
N2 2
0.6817 0.3183 
N3 2
0.275 0.725 
N4 2
0.6125 0.3875 
N5 2
0.8064 0.1936 
N7 2
0.275 0.725 
N8 2
0.2817 0.7183 
N9 3
0.2087 0.2087 0.5826 
6 115.1452 13.7504
0 118.7339 32.4465
7 193.9083 27.9176
8 303.1714 9.4596
2 115.1452 13.7504
9 67.9441 13.7504
1 230.0282 31.6322
3 182.0661 3.825
4 135.7392 9.6215
###===
11 1 1 0 0 0 0
N6 
2 
N6 1 0
0.4016 0.5984 
0.4767 0.5233 
N0 2
0.725 0.275 
N1 2
0.052 0.948 
N2 2
0.6817 0.3183 
N3 2
0.275 0.725 
N4 2
0.6125 0.3875 
N5 2
0.8064 0.1936 
N6 2
0.4767 0.5233 
N7 2
0.275 0.725 
N8 2
0.2817 0.7183 
N9 3
0.2087 0.2087 0.5826 
6 115.1452 13.7504
0 118.7339 32.4465
7 193.9083 27.9176
8 303.1714 9.4596
2 115.1452 13.7504
9 67.9441 13.7504
1 230.1849 24.7476
3 182.0661 3.825
4 135.7392 9.6215
###===
12 0 1 0 1 0 0
N8 0 0
0.5 0.5 
N0 2
0.725 0.275 
N1 2
0.052 0.948 
N2 2
0.6817 0.3183 
N3 2
0.275 0.725 
N4 2
0.6125 0.3875 
N5 2
0.8064 0.1936 
N6 2
0.4767 0.5233 
N7 2
0.275 0.725 
N8 2
0.5 0.5 
N9 3
0.2087 0.2087 0.5826 
6 115.1452 13.7504
0 118.7339 32.4465
7 193.9083 27.9176
8 303.1714 9.4596
2 115.1452 13.7504
9 67.9441 13.7504
1 215.9606 107.5244
3 182.0661 3.825
4 135.7392 9.6215
###===
13 0 9 0 0 0 0
N8 1 0
0.4545 0.5455 
0.5409 0.4591 
N0 2
0.725 0.275 
N1 2
0.052 0.948 
N2 2
0.6817 0.3183 
N3 2
0.275 0.725 
N4 2
0.6125 0.3875 
N5 2
0.8064 0.1936 
N6 2
0.4767 0.5233 
N7 2
0.275 0.725 
N8 2
0.5409 0.4591 
N9 3
0.2087 0.2087 0.5826 
6 115.1452 13.7504
0 118.7339 32.4465
7 193.9083 27.9176
8 303.1714 9.4596
2 115.1452 13.7504
9 68.4274 1.4384
1 215.9606 107.5244
3 182.0661 3.825
4 135.7392 9.6215
###===
14 0 8 0 0 0 0
N3 0 0
0.2575 0.321 
0.2607 0.7393 
N0 2
0.725 0.275 
N1 2
0.052 0.948 
N2 2
0.6817 0.3183 
N3 2
0.2607 0.7393 
N4 2
0.6125 0.3875 
N5 2
0.8064 0.1936 
N6 2
0.4767 0.5233 
N7 2
0.275 0.725 
N8 2
0.5409 0.4591 
N9 3
0.2087 0.2087 0.5826 
6 115.1452 13.7504
0 118.7339 32.4465
7 193.9083 27.9176
8 303.2462 1.7555
2 115.1452 13.7504
9 68.4274 1.4384
1 217.9605 107.5244
3 182.0661 3.825
4 135.7392 9.6215
###===
15 0 3 0 0 0 0
N2 1 0
0.31 0.3361 
0.6652 0.3348 
N0 2
0.725 0.275 
N1 2
0.052 0.948 
N2 2
0.6652 0.3348 
N3 2
0.2607 0.7393 
N4 2
0.6125 0.3875 
N5 2
0.8064 0.1936 
N6 2
0.4767 0.5233 
N7 2
0.275 0.725 
N8 2
0.5409 0.4591 
N9 3
0.2087 0.2087 0.5826 
6 115.1452 13.7504
0 118.7339 32.4465
7 193.9083 27.9176
8 301.4333 1.7555
2 115.1452 13.7504
9 68.4274 1.4384
1 217.9605 107.5244
3 182.1559 0.2901
4 135.7392 9.6215
###===
16 0 9 47.2337 0 0 0
N2 0 0
0.4747 0.7611 
0.7468 0.2532 
N0 2
0.725 0.275 
N1 2
0.052 0.948 
N2 2
0.7468 0.2532 
N3 2
0.2607 0.7393 
N4 2
0.6125 0.3875 
N5 2
0.8064 0.1936 
N6 2
0.4767 0.5233 
N7 2
0.275 0.725 
N8 2
0.5409 0.4591 
N9 3
0.2087 0.2087 0.5826 
6 115.1452 13.7504
0 118.7339 32.4465
7 193.9083 27.9176
8 310.3991 1.7555
2 115.1452 13.7504
9 117.9232 8.3699
1 217.9605 107.5244
3 181.2724 0.2901
4 135.7392 9.6215
###===
17 0 7 79.7375 0 0 0
N2 0 0
0.3541 0.8799 
0.8471 0.1529 
N0 2
0.725 0.275 
N1 2
0.052 0.948 
N2 2
0.8471 0.1529 
N3 2
0.2607 0.7393 
N4 2
0.6125 0.3875 
N5 2
0.8064 0.1936 
N6 2
0.4767 0.5233 
N7 2
0.275 0.725 
N8 2
0.5409 0.4591 
N9 3
0.2087 0.2087 0.5826 
6 115.1452 13.7504
0 118.7339 32.4465
7 277.9206 34.8862
8 321.4195 1.7555
2 115.1452 13.7504
9 123.6398 8.3699
1 217.9605 107.5244
3 180.1866 0.2901
4 135.7392 9.6215
###===
18 0 6 0 0 0 0
N5 0 0
0.7331 0.824 
0.7933 0.2067 
N0 2
0.725 0.275 
N1 2
0.052 0.948 
N2 2
0.8471 0.1529 
N3 2
0.2607 0.7393 
N4 2
0.6125 0.3875 
N5 2
0.7933 0.2067 
N6 2
0.4767 0.5233 
N7 2
0.275 0.725 
N8 2
0.5409 0.4591 
N9 3
0.2087 0.2087 0.5826 
6 115.2232 11.3874
0 118.7339 32.4465
7 275.2241 34.8862
8 321.4195 1.7555
2 115.1452 13.7504
9 123.6398 8.3699
1 217.9605 107.5244
3 180.1866 0.2901
4 135.7391 9.6215
###===
19 0 5 0 0 0 0
N1 1 0
0.474 0.974 
0.051 0.949 
N0 2
0.725 0.275 
N1 2
0.051 0.949 
N2 2
0.8471 0.1529 
N3 2
0.2607 0.7393 
N4 2
0.6125 0.3875 
N5 2
0.7933 0.2067 
N6 2
0.4767 0.5233 
N7 2
0.275 0.725 
N8 2
0.5409 0.4591 
N9 3
0.2087 0.2087 0.5826 
6 115.2232 11.3874
5 100.0015 97.1985
0 118.7339 32.4465
7 275.2241 34.8862
8 321.6503 1.7555
2 115.1452 13.7504
9 123.6398 8.3699
1 217.9605 107.5244
3 180.3746 0.2901
4 135.7391 9.6215
###===
20 0 2 37.8541 0 0 0
N5 0 0
0.5547 0.8555 
0.8404 0.1596 
N0 2
0.725 0.275 
N1 2
0.051 0.949 
N2 2
0.8471 0.1529 
N3 2
0.2607 0.7393 
N4 2
0.6125 0.3875 
N5 2
0.8404 0.1596 
N6 2
0.4767 0.5233 
N7 2
0.275 0.725 
N8 2
0.5409 0.4591 
N9 3
0.2087 0.2087 0.5826 
6 114.667 11.3874
5 100.0015 97.1985
0 118.7339 32.4465
7 284.9193 34.8862
8 321.6503 1.7555
2 154.0379 14.2967
9 123.6398 8.3699
1 217.9605 107.5244
3 180.3746 0.2901
4 135.7392 9.6215
###===
21 0 6 25.518 0 0 0
N4 0 0
0.4743 0.7 
0.4987 0.5013 
N0 2
0.725 0.275 
N1 2
0.051 0.949 
N2 2
0.8471 0.1529 
N3 2
0.2607 0.7393 
N4 2
0.4987 0.5013 
N5 2
0.8404 0.1596 
N6 2
0.4767 0.5233 
N7 2
0.275 0.725 
N8 2
0.5409 0.4591 
N9 3
0.2087 0.2087 0.5826 
6 144.0188 7.2517
5 100.0015 97.1985
0 118.734 32.4465
7 284.9193 34.8862
8 321.6503 1.7555
2 154.0379 14.2967
9 139.5553 8.3699
1 217.9605 107.5244
3 180.3746 0.2901
4 112.307 9.6215
###===
22 0 9 0 0 0 0
N1 1 0
0.8955 0.9519 
0.0979 0.9021 
N0 2
0.725 0.275 
N1 2
0.0979 0.9021 
N2 2
0.8471 0.1529 
N3 2
0.2607 0.7393 
N4 2
0.4987 0.5013 
N5 2
0.8404 0.1596 
N6 2
0.4767 0.5233 
N7 2
0.275 0.725 
N8 2
0.5409 0.4591 
N9 3
0.2087 0.2087 0.5826 
6 144.0189 7.2517
5 99.863 97.1985
0 118.7339 32.4465
7 284.9193 34.8862
8 310.8253 1.7555
2 154.0379 14.2967
9 142.1696 1.0578
1 217.9605 107.5244
3 171.5565 0.2901
4 112.307 9.6215
###===
23 0 5 0 0 0 0
N4 0 0
0.2542 0.7444 
0.7199 0.2801 
N0 2
0.725 0.275 
N1 2
0.0979 0.9021 
N2 2
0.8471 0.1529 
N3 2
0.2607 0.7393 
N4 2
0.7199 0.2801 
N5 2
0.8404 0.1596 
N6 2
0.4767 0.5233 
N7 2
0.275 0.725 
N8 2
0.5409 0.4591 
N9 3
0.2087 0.2087 0.5826 
6 129.2423 7.2517
5 114.4697 13.2253
0 118.7339 32.4465
7 284.9193 34.8862
8 310.8252 1.7555
2 154.0379 14.2967
9 111.2337 1.0578
1 217.9605 107.5244
3 171.5565 0.2901
4 157.8535 9.6215
###===
24 0 6 0 0 0 0
N5 0 0
0.7992 0.8602 
0.8571 0.1429 
N0 2
0.725 0.275 
N1 2
0.0979 0.9021 
N2 2
0.8471 0.1529 
N3 2
0.2607 0.7393 
N4 2
0.7199 0.2801 
N5 2
0.8571 0.1429 
N6 2
0.4767 0.5233 
N7 2
0.275 0.725 
N8 2
0.5409 0.4591 
N9 3
0.2087 0.2087 0.5826 
6 129.1996 3.1151
5 114.4697 13.2253
0 118.7339 32.4465
7 288.3568 34.8862
8 310.8252 1.7555
2 154.7999 14.2967
9 111.2337 1.0578
1 217.9605 107.5244
3 171.5565 0.2901
4 157.8535 9.6215
###===
25 0 1 0 0 0 1
N9 0 0
0.099 0.6245 
0.1253 0.2307 0.644 
N0 2
0.725 0.275 
N1 2
0.0979 0.9021 
N2 2
0.8471 0.1529 
N3 2
0.2607 0.7393 
N4 2
0.7199 0.2801 
N5 2
0.8571 0.1429 
N6 2
0.4767 0.5233 
N7 2
0.275 0.725 
N8 2
0.5409 0.4591 
N9 3
0.1253 0.2307 0.644 
6 129.1996 3.1151
5 114.4697 13.2253
0 127.8277 32.4465
7 288.3568 34.8862
8 310.8253 1.7555
2 154.7999 14.2967
9 111.2337 1.0578
1 221.3829 33.92
3 171.5565 0.2901
4 157.8535 9.6215
20
6 139.9878 36.9054
5 99.863 97.1985
0 127.8277 32.4465
7 288.3568 34.8862
8 310.8253 1.7555
2 152.9993 51.6045
9 108.6194 8.3699
1 217.9605 107.5244
3 171.5565 0.2901
4 157.8535 9.6215
N0 2
0.725 0.275 
N1 2
0.0979 0.9021 
N2 2
0.8471 0.1529 
N3 2
0.2607 0.7393 
N4 2
0.7199 0.2801 
N5 2
0.8571 0.1429 
N6 2
0.4767 0.5233 
N7 2
0.275 0.725 
N8 2
0.5409 0.4591 
N9 3
0.1253 0.2307 0.644 
###===
26 0 7 0 0 0 0
N1 1 0
0.7083 0.9231 
0.0876 0.9124 
N0 2
0.725 0.275 
N1 2
0.0876 0.9124 
N2 2
0.8471 0.1529 
N3 2
0.2607 0.7393 
N4 2
0.7199 0.2801 
N5 2
0.8571 0.1429 
N6 2
0.4767 0.5233 
N7 2
0.275 0.725 
N8 2
0.5409 0.4591 
N9 3
0.1253 0.2307 0.644 
6 139.9878 36.9054
5 99.8934 97.1985
0 127.8277 32.4465
7 288.4463 18.8484
8 313.2026 1.7555
2 152.9993 51.6045
9 108.6194 8.3699
1 217.9605 107.5244
3 173.4931 0.2901
4 157.8535 9.6215
###===
27 0 4 0 0 1 0
N2 0 0
0.7924 0.857 
0.8537 0.1463 
N0 2
0.725 0.275 
N1 2
0.0876 0.9124 
N2 2
0.8537 0.1463 
N3 2
0.2607 0.7393 
N4 2
0.7199 0.2801 
N5 2
0.8571 0.1429 
N6 2
0.4767 0.5233 
N7 2
0.275 0.725 
N8 2
0.5409 0.4591 
N9 3
0.1253 0.2307 0.644 
6 139.9878 36.9054
5 99.8934 97.1985
0 127.8277 32.4465
7 289.0466 18.8484
8 313.9278 1.7555
2 152.9993 51.6045
9 108.9956 8.3699
1 217.9606 107.5244
3 173.4217 0.2901
4 157.878 3.2557
N2
1
N0 2
0.725 0.275 
N1 2
0.0876 0.9124 
N3 2
0.2607 0.7393 
N4 2
0.7199 0.2801 
N5 2
0.8571 0.1429 
N6 2
0.4767 0.5233 
N7 2
0.275 0.725 
N8 2
0.5409 0.4591 
N9 3
0.1253 0.2307 0.644 
6 139.9878 36.9054
5 99.8934 97.1985
0 127.8277 32.4465
7 211.4026 18.8484
8 220.1275 1.7555
2 152.9993 51.6045
9 60.3384 8.3699
1 217.9605 107.5244
3 182.6639 11.1162
4 151.4876 3.2557
###===
28 0 7 45.0317 0 0 0
N1 1 0
0.5184 0.9437 
0.0775 0.9225 
N0 2
0.725 0.275 
N1 2
0.0775 0.9225 
N3 2
0.2607 0.7393 
N4 2
0.7199 0.2801 
N5 2
0.8571 0.1429 
N6 2
0.4767 0.5233 
N7 2
0.275 0.725 
N8 2
0.5409 0.4591 
N9 3
0.1253 0.2307 0.644 
6 139.9878 36.9054
5 99.9232 97.1985
0 127.8277 32.4465
7 256.7083 46.2066
8 222.4587 1.7555
2 152.9993 51.6045
9 60.3384 8.3699
1 217.9605 107.5244
3 184.5629 11.1162
4 151.4876 3.2557
###===
29 0 0 0 0 0 0
N5 0 0
0.6845 0.8859 
0.8758 0.1242 
N0 2
0.725 0.275 
N1 2
0.0775 0.9225 
N3 2
0.2607 0.7393 
N4 2
0.7199 0.2801 
N5 2
0.8758 0.1242 
N6 2
0.4767 0.5233 
N7 2
0.275 0.725 
N8 2
0.5409 0.4591 
N9 3
0.1253 0.2307 0.644 
6 139.7669 36.9054
5 99.9232 97.1985
0 128.0417 12.2124
7 260.5576 46.2066
8 222.4587 1.7555
2 152.9993 51.6045
9 60.3384 8.3699
1 217.9605 107.5244
3 184.5629 11.1162
4 151.4876 3.2557
###===
30 0 6 0 0 0 0
N3 0 0
0.2019 0.4276 
0.4163 0.5837 
N0 2
0.725 0.275 
N1 2
0.0775 0.9225 
N3 2
0.4163 0.5837 
N4 2
0.7199 0.2801 
N5 2
0.8758 0.1242 
N6 2
0.4767 0.5233 
N7 2
0.275 0.725 
N8 2
0.5409 0.4591 
N9 3
0.1253 0.2307 0.644 
6 147.9766 2.8122
5 99.9232 97.1985
0 128.0417 12.2124
7 260.5576 46.2066
8 220.8215 1.7555
2 152.9993 51.6045
9 60.3384 8.3699
1 196.1991 107.5244
3 184.5629 11.1162
4 151.4876 3.2557
###===
31 0 9 0 0 0 0
N5 1 0
0.1172 0.1736 
0.8779 0.1221 
N0 2
0.725 0.275 
N1 2
0.0775 0.9225 
N3 2
0.4163 0.5837 
N4 2
0.7199 0.2801 
N5 2
0.8779 0.1221 
N6 2
0.4767 0.5233 
N7 2
0.275 0.725 
N8 2
0.5409 0.4591 
N9 3
0.1253 0.2307 0.644 
6 147.9518 2.8122
5 99.9232 97.1985
0 128.0908 12.2124
7 260.9898 46.2066
8 220.8215 1.7555
2 152.9993 51.6045
9 60.3413 5.9097
1 196.1991 107.5244
3 184.5629 11.1162
4 151.4876 3.2557
###===
32 0 6 0 0 0 0
N7 1 0
0.2697 0.7303 
0.2927 0.7073 
N0 2
0.725 0.275 
N1 2
0.0775 0.9225 
N3 2
0.4163 0.5837 
N4 2
0.7199 0.2801 
N5 2
0.8779 0.1221 
N6 2
0.4767 0.5233 
N7 2
0.2927 0.7073 
N8 2
0.5409 0.4591 
N9 3
0.1253 0.2307 0.644 
6 145.5883 11.8113
5 99.9232 97.1985
0 128.0908 12.2124
7 260.9898 46.2066
8 220.8215 1.7555
2 152.9993 51.6045
9 60.3413 5.9097
1 196.1991 107.5244
3 184.5629 11.1162
4 151.4876 3.2557
###===
33 0 4 23.2692 0 0 1
N0 1 0
0.2288 0.3968 
0.7628 0.2372 
N0 2
0.7628 0.2372 
N1 2
0.0775 0.9225 
N3 2
0.4163 0.5837 
N4 2
0.7199 0.2801 
N5 2
0.8779 0.1221 
N6 2
0.4767 0.5233 
N7 2
0.2927 0.7073 
N8 2
0.5409 0.4591 
N9 3
0.1253 0.2307 0.644 
6 145.5883 11.8113
5 99.9232 97.1985
0 128.0908 12.2124
7 260.9898 46.2066
8 220.8215 1.7555
2 158.2858 51.6045
9 60.3413 5.9097
1 196.1991 107.5244
3 184.5629 11.1162
4 175.2898 5.1921
20
6 137.2667 36.9054
5 99.9232 97.1985
0 127.8277 32.4465
7 260.6263 79.9179
8 220.8215 1.7555
2 158.2858 51.6045
9 60.3384 8.3699
1 196.1991 107.5244
3 184.5629 11.1162
4 181.1227 32.8907
N0 2
0.7628 0.2372 
N1 2
0.0775 0.9225 
N3 2
0.4163 0.5837 
N4 2
0.7199 0.2801 
N5 2
0.8779 0.1221 
N6 2
0.4767 0.5233 
N7 2
0.2927 0.7073 
N8 2
0.5409 0.4591 
N9 3
0.1253 0.2307 0.644 
###===
34 0 8 0 0 0 0
N6 0 0
0.4709 0.483 
0.4824 0.5176 
N0 2
0.7628 0.2372 
N1 2
0.0775 0.9225 
N3 2
0.4163 0.5837 
N4 2
0.7199 0.2801 
N5 2
0.8779 0.1221 
N6 2
0.4824 0.5176 
N7 2
0.2927 0.7073 
N8 2
0.5409 0.4591 
N9 3
0.1253 0.2307 0.644 
6 137.2667 36.9054
5 99.9232 97.1985
0 127.8277 32.4465
7 260.6263 79.9179
8 220.8309 0.1754
2 158.2858 51.6045
9 60.3384 8.3699
1 196.1224 107.5244
3 184.5629 11.1162
4 181.1227 32.8907
###===
35 0 9 0 0 0 0
N8 1 0
0.4332 0.5668 
0.4981 0.5019 
N0 2
0.7628 0.2372 
N1 2
0.0775 0.9225 
N3 2
0.4163 0.5837 
N4 2
0.7199 0.2801 
N5 2
0.8779 0.1221 
N6 2
0.4824 0.5176 
N7 2
0.2927 0.7073 
N8 2
0.4981 0.5019 
N9 3
0.1253 0.2307 0.644 
6 137.2667 36.9054
5 99.9232 97.1985
0 127.8277 32.4465
7 260.6263 79.9179
8 220.8309 0.1754
2 158.2858 51.6045
9 59.8562 20.1325
1 196.1224 107.5244
3 184.5629 11.1162
4 181.1227 32.8907
###===
36 0 9 0 0 0 0
N0 1 0
0.2063 0.3366 
0.7872 0.2128 
N0 2
0.7872 0.2128 
N1 2
0.0775 0.9225 
N3 2
0.4163 0.5837 
N4 2
0.7199 0.2801 
N5 2
0.8779 0.1221 
N6 2
0.4824 0.5176 
N7 2
0.2927 0.7073 
N8 2
0.4981 0.5019 
N9 3
0.1253 0.2307 0.644 
6 137.2667 36.9054
5 99.9232 97.1985
0 127.8277 32.4465
7 260.6263 79.9179
8 220.8309 0.1754
2 161.6983 51.6045
9 60.0995 4.4719
1 196.1224 107.5244
3 184.5629 11.1162
4 181.1227 32.8907
###===
37 0 5 0 0 0 0
N6 1 0
0.2639 0.7541 
0.7116 0.2884 
N0 2
0.7872 0.2128 
N1 2
0.0775 0.9225 
N3 2
0.4163 0.5837 
N4 2
0.7199 0.2801 
N5 2
0.8779 0.1221 
N6 2
0.7116 0.2884 
N7 2
0.2927 0.7073 
N8 2
0.4981 0.5019 
N9 3
0.1253 0.2307 0.644 
6 137.2667 36.9054
5 115.4981 12.8219
0 127.8277 32.4465
7 260.6263 79.9179
8 221.5861 0.1754
2 161.6983 51.6045
9 60.0995 4.4719
1 193.0383 107.5244
3 184.5629 11.1162
4 181.1227 32.8907
###===
38 0 4 0 0 0 0
N7 0 0
0.233 0.4369 
0.4267 0.5733 
N0 2
0.7872 0.2128 
N1 2
0.0775 0.9225 
N3 2
0.4163 0.5837 
N4 2
0.7199 0.2801 
N5 2
0.8779 0.1221 
N6 2
0.7116 0.2884 
N7 2
0.4267 0.5733 
N8 2
0.4981 0.5019 
N9 3
0.1253 0.2307 0.644 
6 118.5261 36.9054
5 115.4981 12.8219
0 127.8277 32.4465
7 260.6263 79.9179
8 221.5861 0.1754
2 161.6983 51.6045
9 60.0995 4.4719
1 193.0383 107.5244
3 184.5629 11.1162
4 186.9538 2.5875
###===
39 0 6 0 0 0 0
N4 0 0
0.5574 0.7831 
0.5687 0.4313 
N0 2
0.7872 0.2128 
N1 2
0.0775 0.9225 
N3 2
0.4163 0.5837 
N4 2
0.5687 0.4313 
N5 2
0.8779 0.1221 
N6 2
0.7116 0.2884 
N7 2
0.4267 0.5733 
N8 2
0.4981 0.5019 
N9 3
0.1253 0.2307 0.644 
6 126.0422 2.8926
5 115.4981 12.8219
0 127.8277 32.4465
7 260.6263 79.9179
8 221.5861 0.1754
2 161.6983 51.6045
9 81.2456 4.4719
1 193.0383 107.5244
3 184.5629 11.1162
4 155.8207 2.5875
###===
40 0 0 0 0 0 0
N4 0 0
0.4542 0.6556 
0.6455 0.3545 
N0 2
0.7872 0.2128 
N1 2
0.0775 0.9225 
N3 2
0.4163 0.5837 
N4 2
0.6455 0.3545 
N5 2
0.8779 0.1221 
N6 2
0.7116 0.2884 
N7 2
0.4267 0.5733 
N8 2
0.4981 0.5019 
N9 3
0.1253 0.2307 0.644 
6 118.6473 2.8926
5 115.4981 12.8219
0 129.5952 4.1559
7 260.6263 79.9179
8 221.5861 0.1754
2 161.6983 51.6045
9 70.5047 4.4719
1 193.0383 107.5244
3 184.5629 11.1162
4 171.6343 2.5875
###===
41 0 8 0 0 0 0
N4 1 0
0.3541 0.3553 
0.6448 0.3552 
N0 2
0.7872 0.2128 
N1 2
0.0775 0.9225 
N3 2
0.4163 0.5837 
N4 2
0.6448 0.3552 
N5 2
0.8779 0.1221 
N6 2
0.7116 0.2884 
N7 2
0.4267 0.5733 
N8 2
0.4981 0.5019 
N9 3
0.1253 0.2307 0.644 
6 118.7147 2.8926
5 115.4981 12.8219
0 129.5626 4.1559
7 260.6263 79.9179
8 221.5862 0.0189
2 161.6983 51.6045
9 70.6026 4.4719
1 193.0383 107.5244
3 184.5629 11.1162
4 171.4902 2.5875
###===
42 0 5 93.6523 0 0 1
N6 1 0
0.1379 0.8715 
0.1652 0.8348 
N0 2
0.7872 0.2128 
N1 2
0.0775 0.9225 
N3 2
0.4163 0.5837 
N4 2
0.6448 0.3552 
N5 2
0.8779 0.1221 
N6 2
0.1652 0.8348 
N7 2
0.4267 0.5733 
N8 2
0.4981 0.5019 
N9 3
0.1253 0.2307 0.644 
6 118.7147 2.8926
5 225.6025 36.2492
0 129.5626 4.1559
7 260.6263 79.9179
8 219.7859 0.0189
2 161.6983 51.6045
9 70.6026 4.4719
1 200.3905 107.5244
3 184.5629 11.1162
4 171.4902 2.5875
20
6 118.5261 36.9054
5 193.5755 190.8508
0 127.8278 32.4465
7 260.6263 79.9179
8 220.8215 1.7555
2 161.6983 51.6045
9 69.829 8.3699
1 200.3905 107.5244
3 184.5629 11.1162
4 165.6591 32.8907
N0 2
0.7872 0.2128 
N1 2
0.0775 0.9225 
N3 2
0.4163 0.5837 
N4 2
0.6448 0.3552 
N5 2
0.8779 0.1221 
N6 2
0.1652 0.8348 
N7 2
0.4267 0.5733 
N8 2
0.4981 0.5019 
N9 3
0.1253 0.2307 0.644 
###===
43 0 5 0 0 0 0
N1 1 0
0.2407 0.9794 
0.3439 0.6561 
N0 2
0.7872 0.2128 
N1 2
0.3439 0.6561 
N3 2
0.4163 0.5837 
N4 2
0.6448 0.3552 
N5 2
0.8779 0.1221 
N6 2
0.1652 0.8348 
N7 2
0.4267 0.5733 
N8 2
0.4981 0.5019 
N9 3
0.1253 0.2307 0.644 
6 118.5261 36.9054
5 234.4615 144.6411
0 127.8278 32.4465
7 260.6263 79.9179
8 159.3331 1.7555
2 161.6983 51.6045
9 69.829 8.3699
1 200.3905 107.5244
3 134.4749 11.1162
4 165.6591 32.8907
###===
44 0 4 0 0 0 1
N4 0 0
0.1232 0.7172 
0.1529 0.8471 
N0 2
0.7872 0.2128 
N1 2
0.3439 0.6561 
N3 2
0.4163 0.5837 
N4 2
0.1529 0.8471 
N5 2
0.8779 0.1221 
N6 2
0.1652 0.8348 
N7 2
0.4267 0.5733 
N8 2
0.4981 0.5019 
N9 3
0.1253 0.2307 0.644 
6 118.5261 36.9054
5 234.4615 144.6411
0 127.8278 32.4465
7 260.6263 79.9179
8 159.3331 1.7555
2 161.6983 51.6045
9 138.6237 8.3699
1 200.3905 107.5244
3 134.4749 11.1162
4 138.8457 31.1707
20
6 118.5261 36.9054
5 192.7887 190.8508
0 127.8278 32.4465
7 260.6263 79.9179
8 159.3331 1.7555
2 161.6983 51.6045
9 138.6237 8.3699
1 200.3905 107.5244
3 134.4749 11.1162
4 64.3738 32.8907
N0 2
0.7872 0.2128 
N1 2
0.3439 0.6561 
N3 2
0.4163 0.5837 
N4 2
0.1529 0.8471 
N5 2
0.8779 0.1221 
N6 2
0.1652 0.8348 
N7 2
0.4267 0.5733 
N8 2
0.4981 0.5019 
N9 3
0.1253 0.2307 0.644 
###===
45 0 9 0 0 0 1
N5 1 0
0.1152 0.1716 
0.8312 0.1688 
N0 2
0.7872 0.2128 
N1 2
0.3439 0.6561 
N3 2
0.4163 0.5837 
N4 2
0.1529 0.8471 
N5 2
0.8312 0.1688 
N6 2
0.1652 0.8348 
N7 2
0.4267 0.5733 
N8 2
0.4981 0.5019 
N9 3
0.1253 0.2307 0.644 
6 119.0776 36.9054
5 192.7887 190.8508
0 127.8278 32.4465
7 251.0135 79.9179
8 159.3331 1.7555
2 161.6983 51.6045
9 139.956 0.4838
1 200.3905 107.5244
3 134.4748 11.1162
4 64.3738 32.8907
20
6 119.0776 36.9054
5 192.7887 190.8508
0 127.8278 32.4465
7 251.0135 79.9179
8 159.3331 1.7555
2 161.6983 51.6045
9 138.6237 8.3699
1 200.3905 107.5244
3 134.4748 11.1162
4 64.3738 32.8907
N0 2
0.7872 0.2128 
N1 2
0.3439 0.6561 
N3 2
0.4163 0.5837 
N4 2
0.1529 0.8471 
N5 2
0.8312 0.1688 
N6 2
0.1652 0.8348 
N7 2
0.4267 0.5733 
N8 2
0.4981 0.5019 
N9 3
0.1253 0.2307 0.644 
###===
46 0 3 0 0 0 0
N5 1 0
0.1563 0.2304 
0.7733 0.2267 
N0 2
0.7872 0.2128 
N1 2
0.3439 0.6561 
N3 2
0.4163 0.5837 
N4 2
0.1529 0.8471 
N5 2
0.7733 0.2267 
N6 2
0.1652 0.8348 
N7 2
0.4267 0.5733 
N8 2
0.4981 0.5019 
N9 3
0.1253 0.2307 0.644 
6 119.7613 36.9054
5 192.7887 190.8508
0 127.8278 32.4465
7 239.0952 79.9179
8 159.3331 1.7555
2 161.6983 51.6045
9 138.6237 8.3699
1 200.3905 107.5244
3 136.065 0.6994
4 64.3738 32.8907
###===
47 0 5 18.6354 0 1 0
N6 1 0
0.1954 0.9613 
0.7663 0.2337 
N0 2
0.7872 0.2128 
N1 2
0.3439 0.6561 
N3 2
0.4163 0.5837 
N4 2
0.1529 0.8471 
N5 2
0.7733 0.2267 
N6 2
0.7663 0.2337 
N7 2
0.4267 0.5733 
N8 2
0.4981 0.5019 
N9 3
0.1253 0.2307 0.644 
6 119.7613 36.9054
5 338.1342 25.8089
0 127.8278 32.4465
7 239.0952 79.9179
8 159.3331 1.7555
2 161.6983 51.6045
9 138.6237 8.3699
1 192.3023 107.5244
3 136.065 0.6994
4 64.3738 32.8907
N6
0
N0 2
0.7872 0.2128 
N1 2
0.3439 0.6561 
N3 2
0.4163 0.5837 
N4 2
0.1529 0.8471 
N5 2
0.7733 0.2267 
N7 2
0.4267 0.5733 
N8 2
0.4981 0.5019 
N9 3
0.1253 0.2307 0.644 
6 119.7613 36.9054
5 432.7936 430.8558
0 127.8277 32.4465
7 239.0952 79.9179
8 159.3331 1.7555
2 161.6983 51.6045
9 138.6237 8.3699
1 189.1577 107.5244
3 136.065 0.6994
4 64.3738 32.8907
###===
48 0 1 0 0 0 0
N4 1 0
0.402 0.9274 
0.5717 0.4283 
N0 2
0.7872 0.2128 
N1 2
0.3439 0.6561 
N3 2
0.4163 0.5837 
N4 2
0.5717 0.4283 
N5 2
0.7733 0.2267 
N7 2
0.4267 0.5733 
N8 2
0.4981 0.5019 
N9 3
0.1253 0.2307 0.644 
6 119.7613 36.9054
5 432.7936 430.8558
0 127.8277 32.4465
7 239.0952 79.9179
8 159.3331 1.7555
2 161.6982 51.6045
9 80.0524 8.3699
1 255.7924 9.1334
3 136.065 0.6994
4 150.6073 32.8907
###===
49 0 0 0 0 0 0
N4 1 0
0.342 0.5434 
0.4685 0.5315 
N0 2
0.7872 0.2128 
N1 2
0.3439 0.6561 
N3 2
0.4163 0.5837 
N4 2
0.4685 0.5315 
N5 2
0.7733 0.2267 
N7 2
0.4267 0.5733 
N8 2
0.4981 0.5019 
N9 3
0.1253 0.2307 0.644 
6 119.7613 36.9054
5 432.7936 430.8558
0 130.9255 3.7256
7 239.0952 79.9179
8 159.3331 1.7555
2 161.6982 51.6045
9 94.4855 8.3699
1 226.0029 9.1334
3 136.065 0.6994
4 129.3578 32.8907
###===
50 0 7 0 0 0 1
N7 1 0
0.3295 0.7548 
0.6017 0.3983 
N0 2
0.7872 0.2128 
N1 2
0.3439 0.6561 
N3 2
0.4163 0.5837 
N4 2
0.4685 0.5315 
N5 2
0.7733 0.2267 
N7 2
0.6017 0.3983 
N8 2
0.4981 0.5019 
N9 3
0.1253 0.2307 0.644 
6 95.2867 36.9054
5 432.7936 430.8558
0 130.9255 3.7256
7 248.0008 27.3744
8 159.3331 1.7555
2 161.6982 51.6045
9 94.4855 8.3699
1 226.0029 9.1334
3 136.065 0.6994
4 129.3578 32.8907
20
6 95.2867 36.9054
5 211.4241 209.4862
0 127.8277 32.4465
7 239.0952 79.9179
8 159.3331 1.7555
2 161.6982 51.6045
9 94.4855 8.3699
1 189.1577 107.5244
3 134.4748 11.1162
4 129.3578 32.8907
N0 2
0.7872 0.2128 
N1 2
0.3439 0.6561 
N3 2
0.4163 0.5837 
N4 2
0.4685 0.5315 
N5 2
0.7733 0.2267 
N7 2
0.6017 0.3983 
N8 2
0.4981 0.5019 
N9 3
0.1253 0.2307 0.644 
###===
51 0 5 0 0 0 0
N5 1 0
0.0531 0.819 
0.7182 0.2818 
N0 2
0.7872 0.2128 
N1 2
0.3439 0.6561 
N3 2
0.4163 0.5837 
N4 2
0.4685 0.5315 
N5 2
0.7182 0.2818 
N7 2
0.6017 0.3983 
N8 2
0.4981 0.5019 
N9 3
0.1253 0.2307 0.644 
6 95.9374 36.9054
5 212.6103 198.822
0 127.8277 32.4465
7 227.7534 79.9179
8 159.3331 1.7555
2 161.6982 51.6045
9 94.4855 8.3699
1 189.1577 107.5244
3 134.4748 11.1162
4 129.3578 32.8907
###===
52 0 8 0 0 0 0
N7 1 0
0.3935 0.4056 
0.6059 0.3941 
N0 2
0.7872 0.2128 
N1 2
0.3439 0.6561 
N3 2
0.4163 0.5837 
N4 2
0.4685 0.5315 
N5 2
0.7182 0.2818 
N7 2
0.6059 0.3941 
N8 2
0.4981 0.5019 
N9 3
0.1253 0.2307 0.644 
6 95.35 36.9054
5 212.6104 198.822
0 127.8277 32.4465
7 227.7534 79.9179
8 159.3384 0.2261
2 161.6983 51.6045
9 94.4855 8.3699
1 189.1577 107.5244
3 134.4748 11.1162
4 129.3578 32.8907
###===
53 0 5 64.3185 0 0 0
N1 0 0
0.0555 0.8963 
0.0975 0.9025 
N0 2
0.7872 0.2128 
N1 2
0.0975 0.9025 
N3 2
0.4163 0.5837 
N4 2
0.4685 0.5315 
N5 2
0.7182 0.2818 
N7 2
0.6059 0.3941 
N8 2
0.4981 0.5019 
N9 3
0.1253 0.2307 0.644 
6 95.35 36.9054
5 301.4421 81.289
0 127.8277 32.4465
7 227.7534 79.9179
8 216.2106 0.2261
2 161.6983 51.6045
9 94.4855 8.3699
1 189.1577 107.5244
3 180.8025 11.1162
4 129.3578 32.8907
###===
54 0 6 0 0 0 0
N4 1 0
0.4115 0.6372 
0.5772 0.4228 
N0 2
0.7872 0.2128 
N1 2
0.0975 0.9025 
N3 2
0.4163 0.5837 
N4 2
0.5772 0.4228 
N5 2
0.7182 0.2818 
N7 2
0.6059 0.3941 
N8 2
0.4981 0.5019 
N9 3
0.1253 0.2307 0.644 
6 98.7686 3.896
5 301.4422 81.289
0 127.8278 32.4465
7 227.7534 79.9179
8 216.2106 0.2261
2 161.6983 51.6045
9 79.2833 8.3699
1 189.1578 107.5244
3 180.8025 11.1162
4 151.7398 32.8907
###===
55 0 1 0 0 0 0
N4 0 0
0.2739 0.7993 
0.3002 0.6998 
N0 2
0.7872 0.2128 
N1 2
0.0975 0.9025 
N3 2
0.4163 0.5837 
N4 2
0.3002 0.6998 
N5 2
0.7182 0.2818 
N7 2
0.6059 0.3941 
N8 2
0.4981 0.5019 
N9 3
0.1253 0.2307 0.644 
6 81.2867 3.896
5 301.4421 81.289
0 127.8277 32.4465
7 227.7534 79.9179
8 216.2106 0.2261
2 161.6983 51.6045
9 118.0231 8.3699
1 211.7176 13.2097
3 180.8025 11.1162
4 94.7038 32.8907
###===
56 0 7 0 0 0 0
N9 1 0
0.1326 0.5579 
0.1378 0.1538 0.7084 
N0 2
0.7872 0.2128 
N1 2
0.0975 0.9025 
N3 2
0.4163 0.5837 
N4 2
0.3002 0.6998 
N5 2
0.7182 0.2818 
N7 2
0.6059 0.3941 
N8 2
0.4981 0.5019 
N9 3
0.1378 0.1538 0.7084 
6 81.2867 3.896
5 301.4421 81.289
0 137.3659 32.4465
7 230.3879 21.4216
8 216.2106 0.2261
2 161.6983 51.6045
9 118.0231 8.3699
1 211.7176 13.2097
3 180.8025 11.1162
4 94.7038 32.8907
###===
57 0 6 0 0 1 0
N0 0 0
0.7662 0.7929 
0.7705 0.2295 
N0 2
0.7705 0.2295 
N1 2
0.0975 0.9025 
N3 2
0.4163 0.5837 
N4 2
0.3002 0.6998 
N5 2
0.7182 0.2818 
N7 2
0.6059 0.3941 
N8 2
0.4981 0.5019 
N9 3
0.1378 0.1538 0.7084 
6 81.4046 0.8025
5 301.4421 81.289
0 137.3659 32.4465
7 230.3879 21.4216
8 216.2106 0.2261
2 159.3627 51.6045
9 118.0231 8.3699
1 211.7177 13.2097
3 180.8025 11.1162
4 94.7038 32.8907
N0
1
N1 2
0.0975 0.9025 
N3 2
0.4163 0.5837 
N4 2
0.3002 0.6998 
N5 2
0.7182 0.2818 
N7 2
0.6059 0.3941 
N8 2
0.4981 0.5019 
N9 3
0.1378 0.1538 0.7084 
6 92.1863 14.7956
5 301.4421 81.289
0 137.3659 32.4465
7 230.3879 21.4216
8 216.2106 0.2261
2 51.6045 51.6045
9 118.0231 8.3699
1 211.7176 13.2097
3 180.8025 11.1162
4 94.7038 32.8907
###===
58 0 7 0 0 0 0
N9 0 0
0.072 0.2568 
0.2475 0.1342 0.6183 
N1 2
0.0975 0.9025 
N3 2
0.4163 0.5837 
N4 2
0.3002 0.6998 
N5 2
0.7182 0.2818 
N7 2
0.6059 0.3941 
N8 2
0.4981 0.5019 
N9 3
0.2475 0.1342 0.6183 
6 92.1863 14.7956
5 301.4421 81.289
0 124.0214 32.4465
7 237.9366 1.7545
8 216.2106 0.2261
2 51.6045 51.6045
9 118.0231 8.3699
1 211.7176 13.2097
3 180.8025 11.1162
4 94.7038 32.8907
###===
59 0 3 0 0 0 0
N1 1 0
0.227 0.9097 
0.1244 0.8756 
N1 2
0.1244 0.8756 
N3 2
0.4163 0.5837 
N4 2
0.3002 0.6998 
N5 2
0.7182 0.2818 
N7 2
0.6059 0.3941 
N8 2
0.4981 0.5019 
N9 3
0.2475 0.1342 0.6183 
6 92.1863 14.7956
5 295.2334 81.289
0 124.0214 32.4465
7 237.9366 1.7545
8 210.0017 0.2261
2 51.6044 51.6045
9 118.0231 8.3699
1 211.7176 13.2097
3 176.2952 46.2674
4 94.7038 32.8907
###===
60 0 9 95.4458 0 0 0
N3 1 0
0.2842 0.7973 
0.2874 0.7126 
N1 2
0.1244 0.8756 
N3 2
0.2874 0.7126 
N4 2
0.3002 0.6998 
N5 2
0.7182 0.2818 
N7 2
0.6059 0.3941 
N8 2
0.4981 0.5019 
N9 3
0.2475 0.1342 0.6183 
6 92.1863 14.7956
5 295.2334 81.289
0 124.0214 32.4465
7 237.9366 1.7545
8 211.358 0.2261
2 51.6044 51.6045
9 218.6188 50.3593
1 229.7449 13.2097
3 176.2952 46.2674
4 94.7038 32.8907
###===
61 0 1 0 0 0 0
N1 0 0
0.1135 0.201 
0.1179 0.8821 
N1 2
0.1179 0.8821 
N3 2
0.2874 0.7126 
N4 2
0.3002 0.6998 
N5 2
0.7182 0.2818 
N7 2
0.6059 0.3941 
N8 2
0.4981 0.5019 
N9 3
0.2475 0.1342 0.6183 
6 92.1863 14.7956
5 296.7336 81.289
0 124.0214 32.4465
7 237.9366 1.7545
8 212.8582 0.2261
2 51.6044 51.6045
9 218.6187 50.3593
1 229.7733 5.4674
3 177.2605 46.2674
4 94.7038 32.8907
###===
62 0 6 0 0 0 0
N7 1 0
0.1349 0.4532 
0.8492 0.1508 
N1 2
0.1179 0.8821 
N3 2
0.2874 0.7126 
N4 2
0.3002 0.6998 
N5 2
0.7182 0.2818 
N7 2
0.8492 0.1508 
N8 2
0.4981 0.5019 
N9 3
0.2475 0.1342 0.6183 
6 78.618 16.058
5 296.7336 81.289
0 124.0214 32.4465
7 237.9366 1.7545
8 213.4745 0.2261
2 51.6044 51.6045
9 218.6187 50.3593
1 229.7733 5.4674
3 177.2605 46.2674
4 94.7038 32.8907
###===
63 0 9 76.1629 0 0 0
N1 1 0
0.367 0.9509 
0.6038 0.3962 
N1 2
0.6038 0.3962 
N3 2
0.2874 0.7126 
N4 2
0.3002 0.6998 
N5 2
0.7182 0.2818 
N7 2
0.8492 0.1508 
N8 2
0.4981 0.5019 
N9 3
0.2475 0.1342 0.6183 
6 78.618 16.058
5 184.5849 81.289
0 124.0214 32.4465
7 237.9366 1.7545
8 101.3228 0.2261
2 51.6044 51.6045
9 391.3178 11.0509
1 225.4929 5.4674
3 105.1037 46.2674
4 94.7038 32.8907
###===
64 0 1 0 0 0 1
N3 0 0
0.2767 0.7398 
0.2999 0.7001 
N1 2
0.6038 0.3962 
N3 2
0.2999 0.7001 
N4 2
0.3002 0.6998 
N5 2
0.7182 0.2818 
N7 2
0.8492 0.1508 
N8 2
0.4981 0.5019 
N9 3
0.2475 0.1342 0.6183 
6 78.618 16.058
5 184.5849 81.289
0 124.0214 32.4465
7 237.9366 1.7545
8 101.1913 0.2261
2 51.6044 51.6045
9 390.2897 11.0509
1 223.7992 11.6095
3 105.1036 46.2674
4 94.7038 32.8907
20
6 61.3233 36.9054
5 274.9749 273.8047
0 124.0214 32.4465
7 227.7533 79.9179
8 100.5697 1.7555
2 51.6044 51.6045
9 289.6317 179.9786
1 205.4368 107.5244
3 85.6089 11.1162
4 94.7038 32.8907
N1 2
0.6038 0.3962 
N3 2
0.2999 0.7001 
N4 2
0.3002 0.6998 
N5 2
0.7182 0.2818 
N7 2
0.8492 0.1508 
N8 2
0.4981 0.5019 
N9 3
0.2475 0.1342 0.6183 
###===
65 0 1 0 0 0 0
N7 0 0
0.403 0.9284 
0.9022 0.0978 
N1 2
0.6038 0.3962 
N3 2
0.2999 0.7001 
N4 2
0.3002 0.6998 
N5 2
0.7182 0.2818 
N7 2
0.9022 0.0978 
N8 2
0.4981 0.5019 
N9 3
0.2475 0.1342 0.6183 
6 53.911 36.9054
5 274.9749 273.8047
0 124.0214 32.4465
7 227.7533 79.9179
8 100.5697 1.7555
2 51.6044 51.6045
9 289.6317 179.9786
1 207.207 45.0514
3 85.6089 11.1162
4 94.7038 32.8907
###===
66 0 7 0 0 0 0
N7 1 0
0.0562 0.4815 
0.9225 0.0775 
N1 2
0.6038 0.3962 
N3 2
0.2999 0.7001 
N4 2
0.3002 0.6998 
N5 2
0.7182 0.2818 
N7 2
0.9225 0.0775 
N8 2
0.4981 0.5019 
N9 3
0.2475 0.1342 0.6183 
6 51.0719 36.9054
5 274.9749 273.8047
0 124.0214 32.4465
7 228.1136 46.3541
8 100.5698 1.7555
2 51.6045 51.6045
9 289.6317 179.9786
1 208.6526 45.0514
3 85.6089 11.1162
4 94.7038 32.8907
###===
67 0 3 0 0 0 0
N8 1 0
0.4647 0.5388 
0.5316 0.4684 
N1 2
0.6038 0.3962 
N3 2
0.2999 0.7001 
N4 2
0.3002 0.6998 
N5 2
0.7182 0.2818 
N7 2
0.9225 0.0775 
N8 2
0.5316 0.4684 
N9 3
0.2475 0.1342 0.6183 
6 51.0719 36.9054
5 274.9749 273.8047
0 124.0214 32.4465
7 228.1136 46.3541
8 100.5697 1.7555
2 51.6044 51.6045
9 290.4242 179.9786
1 208.6526 45.0514
3 85.9329 1.1503
4 94.7038 32.8907
###===
68 0 7 0 0 0 0
N8 1 0
0.3397 0.6145 
0.3993 0.6007 
N1 2
0.6038 0.3962 
N3 2
0.2999 0.7001 
N4 2
0.3002 0.6998 
N5 2
0.7182 0.2818 
N7 2
0.9225 0.0775 
N8 2
0.3993 0.6007 
N9 3
0.2475 0.1342 0.6183 
6 51.0719 36.9054
5 274.9749 273.8047
0 124.0214 32.4465
7 233.1871 5.0673
8 100.5698 1.7555
2 51.6045 51.6045
9 287.2946 179.9786
1 208.6526 45.0514
3 83.3721 1.1503
4 94.7038 32.8907
###===
69 0 0 87.9593 0 0 0
N4 1 0
0.3038 0.8697 
0.6716 0.3284 
N1 2
0.6038 0.3962 
N3 2
0.2999 0.7001 
N4 2
0.6716 0.3284 
N5 2
0.7182 0.2818 
N7 2
0.9225 0.0775 
N8 2
0.3993 0.6007 
N9 3
0.2475 0.1342 0.6183 
6 51.0719 36.9054
5 274.9749 273.8047
0 254.1545 11.257
7 233.1871 5.0673
8 100.5698 1.7555
2 51.6045 51.6045
9 235.3525 179.9786
1 208.6526 45.0514
3 83.3721 1.1503
4 171.1774 32.8907
###===
70 0 7 84.4957 0 1 0
N4 1 0
0.1765 0.639 
0.3841 0.6159 
N1 2
0.6038 0.3962 
N3 2
0.2999 0.7001 
N4 2
0.3841 0.6159 
N5 2
0.7182 0.2818 
N7 2
0.9225 0.0775 
N8 2
0.3993 0.6007 
N9 3
0.2475 0.1342 0.6183 
6 51.0719 36.9054
5 274.9749 273.8047
0 189.3759 11.257
7 342.5967 8.9509
8 100.5698 1.7555
2 51.6045 51.6045
9 275.5608 179.9786
1 208.6526 45.0514
3 83.3721 1.1503
4 111.9793 32.8907
N4
0
N1 2
0.6038 0.3962 
N3 2
0.2999 0.7001 
N5 2
0.7182 0.2818 
N7 2
0.9225 0.0775 
N8 2
0.3993 0.6007 
N9 3
0.2475 0.1342 0.6183 
6 51.0719 36.9054
5 274.9749 273.8047
0 328.1485 236.5736
7 237.0708 8.9509
8 100.5698 1.7555
2 51.6045 51.6045
9 189.4241 179.9786
1 208.6526 45.0514
3 83.3721 1.1503
4 238.797 238.797
###===
71 0 4 0 0 0 0
N3 1 0
0.1338 0.9427 
0.8258 0.1742 
N1 2
0.6038 0.3962 
N3 2
0.8258 0.1742 
N5 2
0.7182 0.2818 
N7 2
0.9225 0.0775 
N8 2
0.3993 0.6007 
N9 3
0.2475 0.1342 0.6183 
6 51.072 36.9054
5 274.975 273.8047
0 328.1485 236.5736
7 237.0708 8.9509
8 95.0363 1.7555
2 51.6045 51.6045
9 189.4242 179.9786
1 135.1029 45.0514
3 83.3721 1.1503
4 324.5134 38.1154
###===
72 0 4 89.0181 0 0 0
N9 2 0
0.2561 0.8419 
0.1215 0.0659 0.8126 
N1 2
0.6038 0.3962 
N3 2
0.8258 0.1742 
N5 2
0.7182 0.2818 
N7 2
0.9225 0.0775 
N8 2
0.3993 0.6007 
N9 3
0.1215 0.0659 0.8126 
6 51.072 36.9054
5 274.975 273.8047
0 356.9258 236.5736
7 237.0709 8.9509
8 95.0363 1.7555
2 51.6045 51.6045
9 189.4242 179.9786
1 135.1029 45.0514
3 83.3721 1.1503
4 426.3341 24.4863
###===
73 0 4 0 0 0 0
N5 1 0
0.2378 0.3939 
0.6139 0.3861 
N1 2
0.6038 0.3962 
N3 2
0.8258 0.1742 
N5 2
0.6139 0.3861 
N7 2
0.9225 0.0775 
N8 2
0.3993 0.6007 
N9 3
0.1215 0.0659 0.8126 
6 52.3036 36.9054
5 274.975 273.8047
0 356.9258 236.5736
7 215.6016 8.9509
8 95.0363 1.7555
2 51.6045 51.6045
9 189.4242 179.9786
1 135.1029 45.0514
3 83.3721 1.1503
4 429.9771 1.8481
###===
74 0 4 0 0 0 0
N1 1 0
0.3912 0.4039 
0.5966 0.4034 
N1 2
0.5966 0.4034 
N3 2
0.8258 0.1742 
N5 2
0.6139 0.3861 
N7 2
0.9225 0.0775 
N8 2
0.3993 0.6007 
N9 3
0.1215 0.0659 0.8126 
6 52.3036 36.9054
5 274.9962 273.8047
0 356.9258 236.5736
7 215.6016 8.9509
8 96.6981 1.7555
2 51.6045 51.6045
9 189.4242 179.9786
1 135.1029 45.0514
3 84.7259 1.1503
4 429.9927 0.1174
###===
75 0 9 36.8053 0 0 0
N7 1 0
0.0172 0.7947 
0.8006 0.1994 
N1 2
0.5966 0.4034 
N3 2
0.8258 0.1742 
N5 2
0.6139 0.3861 
N7 2
0.8006 0.1994 
N8 2
0.3993 0.6007 
N9 3
0.1215 0.0659 0.8126 
6 69.3519 36.9054
5 274.9962 273.8047
0 356.9258 236.5736
7 211.1188 8.9509
8 96.6981 1.7555
2 51.6045 51.6045
9 237.0459 196.3371
1 126.4227 45.0514
3 84.7259 1.1503
4 429.9927 0.1174
###===
76 0 1 60.8427 0 0 0
N5 0 0
0.2947 0.8147 
0.3207 0.6793 
N1 2
0.5966 0.4034 
N3 2
0.8258 0.1742 
N5 2
0.3207 0.6793 
N7 2
0.8006 0.1994 
N8 2
0.3993 0.6007 
N9 3
0.1215 0.0659 0.8126 
6 72.8143 36.9054
5 274.9962 273.8047
0 356.9258 236.5736
7 150.766 8.9509
8 96.6981 1.7555
2 51.6045 51.6045
9 237.0459 196.3371
1 212.5909 12.2161
3 84.7258 1.1503
4 449.9504 0.1174
###===
77 0 0 0 0 0 0
N5 1 0
0.1318 0.9378 
0.1025 0.8975 
N1 2
0.5966 0.4034 
N3 2
0.8258 0.1742 
N5 2
0.1025 0.8975 
N7 2
0.8006 0.1994 
N8 2
0.3993 0.6007 
N9 3
0.1215 0.0659 0.8126 
6 75.391 36.9054
5 274.9962 273.8047
0 376.1256 72.0136
7 105.8513 8.9509
8 96.6981 1.7555
2 51.6045 51.6045
9 237.0459 196.3371
1 250.8163 12.2161
3 84.7258 1.1503
4 464.8029 0.1174
###===
78 0 8 23.2731 0 0 0
N8 1 0
0.505 0.6643 
0.4132 0.5868 
N1 2
0.5966 0.4034 
N3 2
0.8258 0.1742 
N5 2
0.1025 0.8975 
N7 2
0.8006 0.1994 
N8 2
0.4132 0.5868 
N9 3
0.1215 0.0659 0.8126 
6 75.391 36.9054
5 274.9962 273.8047
0 376.1256 72.0136
7 104.7785 8.9509
8 120.0291 21.651
2 51.6045 51.6045
9 237.3747 196.3371
1 250.8163 12.2161
3 84.9949 1.1503
4 464.8029 0.1174
###===
79 0 4 0 0 0 0
N1 0 0
0.5961 0.6088 
0.6067 0.3933 
N1 2
0.6067 0.3933 
N3 2
0.8258 0.1742 
N5 2
0.1025 0.8975 
N7 2
0.8006 0.1994 
N8 2
0.4132 0.5868 
N9 3
0.1215 0.0659 0.8126 
6 75.391 36.9054
5 274.9664 273.8047
0 376.1256 72.0136
7 104.7785 8.9509
8 117.6979 21.651
2 51.6045 51.6045
9 237.3747 196.3371
1 250.8163 12.2161
3 83.0959 1.1503
4 464.7899 0.7882
###===
80 0 3 0 0 0 0
N8 1 0
0.5821 0.6415 
0.4059 0.5941 
N1 2
0.6067 0.3933 
N3 2
0.8258 0.1742 
N5 2
0.1025 0.8975 
N7 2
0.8006 0.1994 
N8 2
0.4059 0.5941 
N9 3
0.1215 0.0659 0.8126 
6 75.391 36.9054
5 274.9664 273.8047
0 376.1256 72.0136
7 105.3419 8.9509
8 117.6372 21.651
2 51.6045 51.6045
9 237.202 196.3371
1 250.8163 12.2161
3 82.9705 2.934
4 464.7899 0.7882
###===
81 0 0 44.5024 0 0 0
N5 1 0
0.0968 0.9543 
0.0886 0.9114 
N1 2
0.6067 0.3933 
N3 2
0.8258 0.1742 
N5 2
0.0886 0.9114 
N7 2
0.8006 0.1994 
N8 2
0.4059 0.5941 
N9 3
0.1215 0.0659 0.8126 
6 75.5551 36.9054
5 274.9664 273.8047
0 423.632 95.4914
7 102.4807 8.9509
8 117.6372 21.651
2 51.6045 51.6045
9 237.202 196.3371
1 253.2514 12.2161
3 82.9705 2.934
4 465.736 0.7882
###===
82 0 9 0 0 0 0
N7 0 0
0.2053 0.9828 
0.9156 0.0844 
N1 2
0.6067 0.3933 
N3 2
0.8258 0.1742 
N5 2
0.0886 0.9114 
N7 2
0.9156 0.0844 
N8 2
0.4059 0.5941 
N9 3
0.1215 0.0659 0.8126 
6 59.4718 36.9054
5 274.9664 273.8047
0 423.632 95.4914
7 106.7097 8.9509
8 117.6372 21.651
2 51.6045 51.6045
9 226.4323 215.7007
1 261.4402 12.2161
3 82.9705 2.934
4 465.736 0.7882
###===
83 0 5 91.9598 0 0 0
N1 1 0
0.0305 0.9519 
0.0941 0.9059 
N1 2
0.0941 0.9059 
N3 2
0.8258 0.1742 
N5 2
0.0886 0.9114 
N7 2
0.9156 0.0844 
N8 2
0.4059 0.5941 
N9 3
0.1215 0.0659 0.8126 
6 59.4718 36.9054
5 452.1845 96.8929
0 423.632 95.4914
7 106.7098 8.9509
8 235.9516 21.651
2 51.6045 51.6045
9 226.4324 215.7007
1 261.4402 12.2161
3 179.3486 2.934
4 464.8384 0.7882
###===
84 0 4 0 0 0 0
N9 1 0
0.0655 0.071 
0.1215 0.0658 0.8127 
N1 2
0.0941 0.9059 
N3 2
0.8258 0.1742 
N5 2
0.0886 0.9114 
N7 2
0.9156 0.0844 
N8 2
0.4059 0.5941 
N9 3
0.1215 0.0658 0.8127 
6 59.4718 36.9054
5 452.1845 96.8929
0 423.6468 95.4914
7 106.7098 8.9509
8 235.9516 21.651
2 51.6045 51.6045
9 226.4324 215.7007
1 261.4402 12.2161
3 179.3486 2.934
4 464.8526 0.6129
###===
85 0 7 5.9104 0 0 1
N8 1 0
0.3139 0.6338 
0.3822 0.6178 
N1 2
0.0941 0.9059 
N3 2
0.8258 0.1742 
N5 2
0.0886 0.9114 
N7 2
0.9156 0.0844 
N8 2
0.3822 0.6178 
N9 3
0.1215 0.0658 0.8127 
6 59.4718 36.9054
5 452.1845 96.8929
0 423.6468 95.4914
7 114.6184 6.1817
8 235.7545 21.651
2 51.6045 51.6045
9 225.8718 215.7007
1 261.4402 12.2161
3 178.9931 2.934
4 464.8527 0.6129
79
6 59.4718 36.9054
5 368.4402 365.7646
0 423.4888 116.516
7 114.4493 14.8613
8 235.7545 21.651
2 51.6045 51.6045
9 218.611 196.3371
1 261.4402 12.2161
3 178.874 1.1503
4 467.9386 0.1174
N1 2
0.0941 0.9059 
N3 2
0.8258 0.1742 
N5 2
0.0886 0.9114 
N7 2
0.9156 0.0844 
N8 2
0.3822 0.6178 
N9 3
0.1215 0.0658 0.8127 
###===
86 0 0 72.7018 0 0 0
N7 1 0
0.0227 0.7533 
0.9407 0.0593 
N1 2
0.0941 0.9059 
N3 2
0.8258 0.1742 
N5 2
0.0886 0.9114 
N7 2
0.9407 0.0593 
N8 2
0.3822 0.6178 
N9 3
0.1215 0.0658 0.8127 
6 55.9615 36.9054
5 368.4402 365.7646
0 496.8414 138.2967
7 115.3723 14.8613
8 235.7546 21.651
2 51.6045 51.6045
9 214.6757 196.3371
1 263.2276 12.2161
3 178.874 1.1503
4 467.9386 0.1174
###===
87 0 9 0 0 0 0
N9 1 0
0.0169 0.7604 
0.036 0.7233 0.2407 
N1 2
0.0941 0.9059 
N3 2
0.8258 0.1742 
N5 2
0.0886 0.9114 
N7 2
0.9407 0.0593 
N8 2
0.3822 0.6178 
N9 3
0.036 0.7233 0.2407 
6 55.9615 36.9054
5 368.4402 365.7646
0 412.1239 138.2967
7 115.3723 14.8613
8 235.7546 21.651
2 51.6045 51.6045
9 416.2521 20.7885
1 263.2276 12.2161
3 178.874 1.1503
4 386.7028 0.1174
###===
88 0 3 0 0 1 0
N1 1 0
0.2441 0.9066 
0.7229 0.2771 
N1 2
0.7229 0.2771 
N3 2
0.8258 0.1742 
N5 2
0.0886 0.9114 
N7 2
0.9407 0.0593 
N8 2
0.3822 0.6178 
N9 3
0.036 0.7233 0.2407 
6 55.9615 36.9054
5 366.5831 365.7646
0 412.1239 138.2967
7 115.3724 14.8613
8 90.6198 21.651
2 51.6045 51.6045
9 416.2521 20.7885
1 263.2276 12.2161
3 225.9365 18.2739
4 383.9807 0.1174
N1
1
N3 2
0.8258 0.1742 
N5 2
0.0886 0.9114 
N7 2
0.9407 0.0593 
N8 2
0.3822 0.6178 
N9 3
0.036 0.7233 0.2407 
6 55.9615 36.9054
5 368.7182 368.7181
0 412.1239 138.2967
7 115.3723 14.8613
8 257.474 252.4633
2 51.6045 51.6045
9 416.2521 20.7885
1 263.2276 12.2161
3 25.672 18.2739
4 387.1101 4.4463
###===
89 0 6 0 0 0 0
N3 1 0
0.1349 0.3606 
0.8538 0.1462 
N3 2
0.8538 0.1462 
N5 2
0.0886 0.9114 
N7 2
0.9407 0.0593 
N8 2
0.3822 0.6178 
N9 3
0.036 0.7233 0.2407 
6 56.3728 11.6253
5 368.7181 368.7181
0 412.1239 138.2967
7 115.3723 14.8613
8 257.1794 252.4633
2 51.6045 51.6045
9 416.252 20.7885
1 259.3116 12.2161
3 25.672 18.2739
4 396.8209 4.4463
###===
90 0 6 0 0 0 0
N5 0 0
0.0817 0.2252 
0.162 0.838 
N3 2
0.8538 0.1462 
N5 2
0.162 0.838 
N7 2
0.9407 0.0593 
N8 2
0.3822 0.6178 
N9 3
0.036 0.7233 0.2407 
6 59.4589 11.3208
5 368.7182 368.7181
0 397.0955 138.2967
7 130.4811 14.8613
8 257.1794 252.4633
2 51.6045 51.6045
9 416.252 20.7885
1 246.453 12.2161
3 25.672 18.2739
4 391.8246 4.4463
###===
91 0 2 77.333 0 0 0
N5 1 0
0.3428 0.9337 
0.0958 0.9042 
N3 2
0.8538 0.1462 
N5 2
0.0958 0.9042 
N7 2
0.9407 0.0593 
N8 2
0.3822 0.6178 
N9 3
0.036 0.7233 0.2407 
6 53.6753 11.3208
5 368.7182 368.7181
0 410.6497 138.2967
7 116.8544 14.8613
8 257.1794 252.4633
2 131.5951 53.1478
9 416.252 20.7885
1 258.0503 12.2161
3 25.6719 18.2739
4 396.3307 4.4463
###===
92 0 4 77.1175 0 0 0
N7 0 0
0.5345 0.9663 
0.9447 0.0553 
N3 2
0.8538 0.1462 
N5 2
0.0958 0.9042 
N7 2
0.9447 0.0553 
N8 2
0.3822 0.6178 
N9 3
0.036 0.7233 0.2407 
6 53.1159 11.3208
5 368.7181 368.7181
0 410.8689 138.2967
7 117.0014 14.8613
8 257.1793 252.4633
2 131.5951 53.1478
9 415.6249 20.7885
1 258.3351 12.2161
3 25.6719 18.2739
4 473.4694 71.4886
###===
93 0 9 0 0 0 0
N7 1 0
0.0161 0.1821 
0.9756 0.0244 
N3 2
0.8538 0.1462 
N5 2
0.0958 0.9042 
N7 2
0.9756 0.0244 
N8 2
0.3822 0.6178 
N9 3
0.036 0.7233 0.2407 
6 48.7943 11.3208
5 368.7182 368.7181
0 412.563 138.2967
7 118.1377 14.8613
8 257.1793 252.4633
2 131.5951 53.1478
9 412.4301 25.4318
1 260.5354 12.2161
3 25.6719 18.2739
4 473.7996 71.4886
###===
94 0 7 0 0 0 0
N9 0 0
0.0325 0.1304 
0.0374 0.7222 0.2404 
N3 2
0.8538 0.1462 
N5 2
0.0958 0.9042 
N7 2
0.9756 0.0244 
N8 2
0.3822 0.6178 
N9 3
0.0374 0.7222 0.2404 
6 48.7943 11.3208
5 368.7181 368.7181
0 412.5185 138.2967
7 118.1417 14.6418
8 257.1793 252.4633
2 131.5951 53.1478
9 411.8566 25.4318
1 260.5354 12.2161
3 25.6719 18.2739
4 473.757 71.4886
###===
95 0 6 50.0564 1 0 0
N5 0 0
0.0547 0.9453 
N3 2
0.8538 0.1462 
N5 2
0.0547 0.9453 
N7 2
0.9756 0.0244 
N8 2
0.3822 0.6178 
N9 3
0.0374 0.7222 0.2404 
6 96.8998 67.7959
5 368.7181 368.7181
0 420.9413 138.2967
7 109.674 14.6418
8 257.1793 252.4633
2 135.1642 53.1478
9 411.8566 25.4318
1 267.7421 12.2161
3 25.6719 18.2739
4 476.5572 71.4886
###===
96 0 9 0 0 0 1
N9 1 0
0.0163 0.7671 
0.1274 0.0539 0.8187 
N3 2
0.8538 0.1462 
N5 2
0.0547 0.9453 
N7 2
0.9756 0.0244 
N8 2
0.3822 0.6178 
N9 3
0.1274 0.0539 0.8187 
6 96.8998 67.7959
5 368.7181 368.7181
0 506.5919 138.2967
7 110.212 14.6418
8 257.1793 252.4633
2 135.1642 53.1478
9 210.5007 172.4198
1 267.7421 12.2161
3 25.6719 18.2739
4 558.6876 71.4886
95
6 95.2567 61.3772
5 368.7181 368.7181
0 506.5919 138.2967
7 110.212 14.6418
8 257.1793 252.4633
2 135.1642 53.1478
9 63.4157 25.4318
1 267.7421 12.2161
3 25.6719 18.2739
4 558.6876 71.4886
N3 2
0.8538 0.1462 
N5 2
0.0547 0.9453 
N7 2
0.9756 0.0244 
N8 2
0.3822 0.6178 
N9 3
0.1274 0.0539 0.8187 
###===
97 0 4 0 0 0 0
N5 1 0
0.3593 0.9667 
0.0639 0.9361 
N3 2
0.8538 0.1462 
N5 2
0.0639 0.9361 
N7 2
0.9756 0.0244 
N8 2
0.3822 0.6178 
N9 3
0.1274 0.0539 0.8187 
6 96.0638 61.3772
5 368.7182 368.7181
0 504.7006 138.2967
7 112.1135 14.6418
8 257.1793 252.4633
2 134.3628 53.1478
9 63.4157 25.4318
1 266.1238 12.2161
3 25.6719 18.2739
4 558.1721 94.015
###===
98 0 0 8.5258 0 0 0
N5 1 0
0.0818 0.9769 
0.8736 0.1264 
N3 2
0.8538 0.1462 
N5 2
0.8736 0.1264 
N7 2
0.9756 0.0244 
N8 2
0.3822 0.6178 
N9 3
0.1274 0.0539 0.8187 
6 166.8041 61.3772
5 368.7182 368.7181
0 640.5472 62.7022
7 278.7835 14.6418
8 257.1793 252.4633
2 64.1142 53.1478
9 63.4157 25.4318
1 124.2762 12.2161
3 25.6719 18.2739
4 522.4437 94.015
###===
99 0 6 0 0 0 1
N5 1 0
0.0826 0.6884 
0.7716 0.2284 
N3 2
0.8538 0.1462 
N5 2
0.7716 0.2284 
N7 2
0.9756 0.0244 
N8 2
0.3822 0.6178 
N9 3
0.1274 0.0539 0.8187 
6 163.5673 130.8313
5 368.7181 368.7181
0 593.4814 62.7022
7 257.7876 14.6418
8 257.1793 252.4633
2 72.9635 53.1478
9 63.4157 25.4318
1 142.1451 12.2161
3 25.6719 18.2739
4 526.9445 94.015
95
6 157.8927 61.3772
5 368.7181 368.7181
0 368.3274 146.8225
7 257.7876 14.6418
8 257.1793 252.4633
2 72.9635 53.1478
9 63.4157 25.4318
1 142.1451 12.2161
3 25.6719 18.2739
4 509.8867 71.4886
N3 2
0.8538 0.1462 
N5 2
0.7716 0.2284 
N7 2
0.9756 0.0244 
N8 2
0.3822 0.6178 
N9 3
0.1274 0.0539 0.8187 
