0 4 5 0 0 0 0
N5 N2 N3 N4 
3 2 2 2 
N5 2 3
N2 N3 N4 
1 0 1 
0.1667 0.6667 
0.1893 0.1893 0.6214 
N2 2
0.5 0.5 
N3 2
0.5 0.5 
N4 2
0.5 0.5 
N5 3
0.3153 0.3153 0.3693 
5 103.1164 18.3708
###===
1 1 0 0 0 0 1
N1 
2 
N4 1 3
N1 N3 N5 
1 0 1 
0.2197 0.7197 
0.4988 0.5012 
N1 2
0.5 0.5 
N2 2
0.5006 0.4994 
N3 2
0.5 0.5 
N4 2
0.4954 0.5046 
N5 3
0.3153 0.3153 0.3693 
5 102.9807 18.3708
0 100.0825 83.1609
0
5 100 100
0 100 100
N1 2
0.5 0.5 
N2 2
0.5006 0.4994 
N3 2
0.5 0.5 
N4 2
0.4954 0.5046 
N5 3
0.3153 0.3153 0.3693 
###===
2 1 9 0 0 0 0
N0 
2 
N4 1 5
N0 N1 N2 N3 N5 
1 1 0 0 2 
0.25 0.75 
0.725 0.275 
N0 2
0.5 0.5 
N1 2
0.5 0.5 
N2 2
0.5006 0.4994 
N3 2
0.5 0.5 
N4 2
0.5001 0.4999 
N5 3
0.3153 0.3153 0.3693 
5 100.0001 100
0 100.0001 100
9 100.3157 13.7505
###===
3 0 5 0 0 0 0
N1 0 4
N2 N3 N4 N5 
0 1 1 2 
0.25 0.75 
0.5345 0.4655 
N0 2
0.5 0.5 
N1 2
0.5014 0.4986 
N2 2
0.5006 0.4994 
N3 2
0.5 0.5 
N4 2
0.5001 0.4999 
N5 3
0.3153 0.3153 0.3693 
5 100.0144 89.6853
0 100.0001 100
9 100.3157 13.7505
###===
4 0 4 0 0 0 0
N4 0 5
N0 N1 N2 N3 N5 
0 1 1 0 2 
0.1746 0.6746 
0.1996 0.8004 
N0 2
0.5 0.5 
N1 2
0.5014 0.4986 
N2 2
0.5006 0.4994 
N3 2
0.5 0.5 
N4 2
0.4956 0.5044 
N5 3
0.3153 0.3153 0.3693 
5 100.0143 89.6853
0 100 100
9 100.3156 13.7505
4 100.232 19.3315
###===
5 0 6 0 0 1 0
N4 1 3
N0 N3 N5 
0 1 1 
0.25 0.75 
0.275 0.725 
N0 2
0.5 0.5 
N1 2
0.5014 0.4986 
N2 2
0.5006 0.4994 
N3 2
0.5 0.5 
N4 2
0.4769 0.5231 
N5 3
0.3153 0.3153 0.3693 
6 101.2622 13.7504
5 100.0144 89.6853
0 100 100
9 100.3156 13.7505
4 100.2321 19.3315
N4
1
N0 2
0.5267 0.4733 
N1 2
0.4986 0.5014 
N2 2
0.4925 0.5075 
N3 2
0.4862 0.5138 
N5 3
0.2842 0.3288 0.387 
6 106.1912 100.0001
5 100.0274 89.6853
0 100 100
9 99.0555 13.7505
4 101.362 99.9999
###===
6 0 2 0 0 0 0
N1 1 3
N0 N3 N5 
0 1 1 
0.25 0.75 
0.725 0.275 
N0 2
0.5267 0.4733 
N1 2
0.5246 0.4754 
N2 2
0.4925 0.5075 
N3 2
0.4862 0.5138 
N5 3
0.2842 0.3288 0.387 
6 106.1911 100.0001
5 100.0274 89.6853
0 100 100
2 101.7491 13.7503
9 99.0555 13.7505
4 101.362 99.9999
###===
7 0 1 0 0 0 1
N2 1 3
N1 N3 N5 
1 0 0 
0.1811 0.6811 
0.7939 0.2061 
N0 2
0.5267 0.4733 
N1 2
0.5246 0.4754 
N2 2
0.5022 0.4978 
N3 2
0.4862 0.5137 
N5 3
0.2842 0.3288 0.387 
6 106.1911 100.0001
5 100.0274 89.6853
0 100 100
2 101.7491 13.7503
9 99.0555 13.7505
1 100.5189 18.6541
4 101.362 99.9999
0
6 100 100
5 100 100
0 100 100
2 100 100
9 100 100
1 100 100
4 100 100
N0 2
0.5267 0.4733 
N1 2
0.5246 0.4754 
N2 2
0.5022 0.4978 
N3 2
0.4862 0.5137 
N5 3
0.2842 0.3288 0.387 
###===
8 0 0 0 0 0 0
N3 0 2
N0 N2 
1 1 
0.2465 0.7465 
0.2715 0.7285 
N0 2
0.5267 0.4733 
N1 2
0.5238 0.4762 
N2 2
0.5022 0.4978 
N3 2
0.434 0.566 
N5 3
0.2936 0.3353 0.3711 
6 100 100
5 100 100
0 103.4724 13.9273
2 100 100
9 100 100
1 100 100
4 100 100
###===
9 0 9 0 0 0 0
N3 0 4
N0 N1 N2 N5 
1 0 1 1 
0.0894 0.5894 
0.1144 0.8856 
N0 2
0.5267 0.4733 
N1 2
0.5238 0.4762 
N2 2
0.5022 0.4978 
N3 2
0.4318 0.5682 
N5 3
0.2936 0.3353 0.3711 
6 100 100
5 100 100
0 103.7826 13.9273
2 100 100
9 100.0792 35.6285
1 100 100
4 100 100
###===
10 0 8 0 0 0 0
N1 0 3
N0 N2 N5 
0 0 0 
0.2356 0.7356 
0.2606 0.7394 
N0 2
0.5267 0.4733 
N1 2
0.506 0.494 
N2 2
0.5022 0.4978 
N3 2
0.4328 0.5672 
N5 3
0.2936 0.3353 0.3711 
6 100 100
5 100 100
0 103.7825 13.9273
8 101.14 14.559
2 100 100
9 100.0792 35.6285
1 100 100
4 100 100
###===
11 0 9 0 0 0 1
N3 1 4
N0 N1 N2 N5 
1 0 0 2 
0.2583 0.7583 
0.6188 0.3812 
N0 2
0.5267 0.4733 
N1 2
0.506 0.494 
N2 2
0.5022 0.4978 
N3 2
0.4384 0.5616 
N5 3
0.2936 0.3353 0.3711 
6 100 100
5 100 100
0 103.7826 13.9273
8 101.14 14.559
2 100 100
9 100.299 35.6285
1 100 100
4 100 100
10
6 100 100
5 100 100
0 103.7826 13.9273
8 100 100
2 100 100
9 100.0792 35.6285
1 100 100
4 100 100
N0 2
0.5267 0.4733 
N1 2
0.506 0.494 
N2 2
0.5022 0.4978 
N3 2
0.4384 0.5616 
N5 3
0.2936 0.3353 0.3711 
###===
12 0 2 0 0 0 0
N0 1 4
N1 N2 N3 N5 
0 0 0 1 
0.25 0.75 
0.275 0.725 
N0 2
0.5177 0.4823 
N1 2
0.506 0.494 
N2 2
0.5022 0.4978 
N3 2
0.4384 0.5616 
N5 3
0.2936 0.3353 0.3711 
6 100 100
5 100 100
0 103.7825 13.9273
8 100 100
2 100.6031 13.7503
9 100.0791 35.6285
1 100 100
4 100 100
###===
13 0 3 0 0 0 1
N0 0 3
N1 N2 N5 
0 1 1 
0.3021 0.8021 
0.3271 0.6729 
N0 2
0.4933 0.5067 
N1 2
0.506 0.494 
N2 2
0.5022 0.4978 
N3 2
0.436 0.564 
N5 3
0.2936 0.3353 0.3711 
6 100 100
5 100 100
0 104.672 13.9273
8 100 100
2 100.6031 13.7503
9 100.1346 35.6285
1 100 100
3 101.985 11.4827
4 100 100
10
6 100 100
5 100 100
0 104.672 13.9273
8 100 100
2 100 100
9 100.1346 35.6285
1 100 100
3 100 100
4 100 100
N0 2
0.4933 0.5067 
N1 2
0.506 0.494 
N2 2
0.5022 0.4978 
N3 2
0.436 0.564 
N5 3
0.2936 0.3353 0.3711 
###===
14 0 8 0 0 0 0
N1 0 4
N0 N2 N3 N5 
1 1 0 0 
0.3187 0.8187 
0.7937 0.2063 
N0 2
0.4933 0.5067 
N1 2
0.5076 0.4924 
N2 2
0.5022 0.4978 
N3 2
0.436 0.564 
N5 3
0.2936 0.3353 0.3711 
6 100 100
5 100 100
0 104.672 13.9273
8 100.0814 18.6134
2 100 100
9 100.1346 35.6285
1 100 100
3 100 100
4 100 100
###===
15 0 1 0 0 0 0
N2 1 3
N0 N1 N3 
0 1 0 
0.2284 0.7284 
0.2966 0.7034 
N0 2
0.4933 0.5067 
N1 2
0.5076 0.4924 
N2 2
0.4671 0.5329 
N3 2
0.436 0.564 
N5 3
0.2814 0.332 0.3867 
6 100 100
5 100 100
0 104.6719 13.9273
8 100.0814 18.6134
2 100 100
9 100.1346 35.6285
1 102.549 12.6979
3 100 100
4 100 100
###===
16 0 6 37.1567 0 0 0
N5 0 3
N0 N1 N3 
1 1 0 
0.1177 0.7312 
0.1484 0.4148 0.4368 
N0 2
0.4933 0.5067 
N1 2
0.5076 0.4924 
N2 2
0.462 0.538 
N3 2
0.436 0.564 
N5 3
0.2676 0.3387 0.3937 
6 137.9922 33.4436
5 100 100
0 104.2286 13.9273
8 100.1656 18.6134
2 100 100
9 100.1346 35.6285
1 102.549 12.6979
3 100 100
4 100 100
###===
17 0 3 0 0 0 0
N3 0 3
N0 N1 N2 
0 1 1 
0.3212 0.8212 
0.7962 0.2038 
N0 2
0.4933 0.5067 
N1 2
0.5076 0.4924 
N2 2
0.462 0.538 
N3 2
0.4599 0.5401 
N5 3
0.2614 0.3366 0.402 
6 137.9922 33.4436
5 100 100
0 104.2286 13.9273
8 100.1655 18.6134
2 100 100
9 100.1346 35.6285
1 104.0413 12.6979
3 101.2655 18.8769
4 100 100
###===
18 0 2 0 0 0 0
N2 1 3
N0 N1 N3 
1 1 0 
0.1972 0.6972 
0.3029 0.6971 
N0 2
0.4933 0.5067 
N1 2
0.5076 0.4924 
N2 2
0.4353 0.5647 
N3 2
0.4599 0.5401 
N5 3
0.2561 0.3294 0.4145 
6 138.6946 33.4436
5 100 100
0 101.9356 13.9273
8 100.1042 18.6134
2 102.3768 0.0467
9 100.1346 35.6285
1 104.0413 12.6979
3 101.2655 18.8769
4 100 100
###===
19 0 7 0 0 0 0
N3 1 3
N1 N2 N5 
0 1 2 
0.2287 0.7287 
0.4573 0.5427 
N0 2
0.4912 0.5088 
N1 2
0.5076 0.4924 
N2 2
0.4353 0.5647 
N3 2
0.4509 0.5491 
N5 3
0.2561 0.3294 0.4145 
6 138.6946 33.4436
5 100 100
7 100.2232 75.3284
0 102.4912 13.9273
8 100.1042 18.6134
2 102.3768 0.0467
9 100.1346 35.6285
1 104.0413 12.6979
3 101.2655 18.8769
4 100 100
###===
20 0 5 0 0 0 0
N5 1 4
N0 N1 N2 N3 
0 0 0 0 
0.1308 0.6308 
0.2196 0.3833 0.3971 
N0 2
0.4912 0.5088 
N1 2
0.5076 0.4924 
N2 2
0.4353 0.5647 
N3 2
0.4509 0.5491 
N5 3
0.2543 0.3345 0.4112 
6 138.6946 33.4436
5 100.2139 73.9871
7 100.2232 75.3284
0 102.4912 13.9273
8 100.1042 18.6134
2 102.3768 0.0467
9 100.1346 35.6285
1 104.0413 12.6979
3 101.2655 18.8769
4 100 100
###===
21 0 8 0 0 0 0
N2 0 4
N0 N1 N3 N5 
1 1 0 1 
0.2375 0.7375 
0.7125 0.2875 
N0 2
0.4912 0.5088 
N1 2
0.5076 0.4924 
N2 2
0.4423 0.5577 
N3 2
0.4509 0.5491 
N5 3
0.2543 0.3345 0.4112 
6 138.6946 33.4436
5 100.2139 73.9871
7 100.2232 75.3284
0 103.0897 13.9273
8 100.5931 13.1318
2 101.1104 0.0467
9 100.1346 35.6285
1 104.0413 12.6979
3 101.2655 18.8769
4 100 100
###===
22 0 6 31.1167 0 0 0
N1 1 3
N0 N3 N5 
0 0 1 
0.1948 0.8833 
0.5764 0.4236 
N0 2
0.4912 0.5088 
N1 2
0.5195 0.4805 
N2 2
0.4469 0.5531 
N3 2
0.4509 0.5491 
N5 3
0.2543 0.3345 0.4112 
6 170.523 64.5603
5 100.6907 73.9871
7 100.2232 75.3284
0 103.0897 13.9273
8 100.5931 13.1318
2 101.1104 0.0467
9 100.1346 35.6285
1 103.8959 12.6979
3 101.0195 18.8769
4 100 100
###===
23 0 2 0 0 0 0
N1 0 4
N0 N2 N3 N5 
0 0 0 2 
0.3023 0.8023 
0.5802 0.4198 
N0 2
0.4912 0.5088 
N1 2
0.5188 0.4812 
N2 2
0.4469 0.5531 
N3 2
0.4509 0.5491 
N5 3
0.2543 0.3345 0.4112 
6 170.523 64.5603
5 100.7082 73.9871
7 100.2232 75.3284
0 103.0897 13.9273
8 100.5931 13.1318
2 101.1153 0.0466
9 100.1346 35.6285
1 103.8371 12.6979
3 101.0195 18.8769
4 100 100
###===
24 0 9 0 0 0 0
N3 0 3
N1 N2 N5 
0 0 1 
0.2322 0.7322 
0.5986 0.4014 
N0 2
0.4878 0.5122 
N1 2
0.5188 0.4812 
N2 2
0.4469 0.5531 
N3 2
0.4663 0.5337 
N5 3
0.2543 0.3345 0.4112 
6 170.9665 64.5603
5 101.1018 73.9871
7 100.2232 75.3284
0 103.0897 13.9273
8 100.5931 13.1318
2 101.1153 0.0466
9 100.7365 35.6285
1 103.8371 12.6979
3 101.0195 18.8769
4 100 100
###===
25 0 1 0 0 0 0
N0 1 4
N1 N2 N3 N5 
1 0 0 0 
0.121 0.3059 
0.7419 0.2581 
N0 2
0.4874 0.5126 
N1 2
0.5188 0.4812 
N2 2
0.4469 0.5531 
N3 2
0.4663 0.5337 
N5 3
0.2543 0.3345 0.4112 
6 170.9248 64.5603
5 101.1018 73.9871
7 100.2232 75.3284
0 103.0897 13.9273
8 100.5931 13.1318
2 101.0752 0.0466
9 100.7364 35.6285
1 103.8747 9.6005
3 101.0195 18.8769
4 100 100
###===
26 0 4 77.9507 0 0 1
N2 0 4
N0 N1 N3 N5 
1 0 1 0 
0.1195 0.8282 
0.155 0.845 
N0 2
0.4874 0.5126 
N1 2
0.5188 0.4812 
N2 2
0.4345 0.5655 
N3 2
0.4663 0.5337 
N5 3
0.2543 0.3345 0.4112 
6 170.9248 64.5603
5 101.1018 73.9871
7 100.2232 75.3284
0 103.7378 13.9273
8 100.5931 13.1318
2 101.0752 0.0466
9 100.7364 35.6285
1 103.8747 9.6005
3 101.0195 18.8769
4 179.0227 37.4937
10
6 168.2734 168.2734
5 100 100
7 100 100
0 103.7378 13.9273
8 100 100
2 100 100
9 100.1346 35.6285
1 100 100
3 100 100
4 177.9507 177.9507
N0 2
0.4874 0.5126 
N1 2
0.5188 0.4812 
N2 2
0.4345 0.5655 
N3 2
0.4663 0.5337 
N5 3
0.2543 0.3345 0.4112 
###===
27 0 6 0 0 0 0
N3 0 2
N2 N5 
1 1 
0.0835 0.772 
0.1179 0.8821 
N0 2
0.4793 0.5207 
N1 2
0.5252 0.4748 
N2 2
0.4345 0.5655 
N3 2
0.4432 0.5568 
N5 3
0.2543 0.3345 0.4112 
6 169.7784 49.816
5 100 100
7 100 100
0 105.3395 13.9273
8 100 100
2 100 100
9 100.4958 35.6285
1 100 100
3 100 100
4 177.9507 177.9507
###===
28 0 2 0 0 0 0
N0 1 4
N1 N2 N3 N5 
1 0 0 1 
0.3565 0.8565 
0.1685 0.8315 
N0 2
0.4759 0.5241 
N1 2
0.5252 0.4748 
N2 2
0.4345 0.5655 
N3 2
0.4432 0.5568 
N5 3
0.2543 0.3345 0.4112 
6 169.7784 49.816
5 100 100
7 100 100
0 105.3395 13.9273
8 100 100
2 100.161 23.1499
9 100.4958 35.6285
1 100 100
3 100 100
4 177.9507 177.9507
###===
29 0 1 0 0 0 0
N1 1 4
N0 N2 N3 N5 
1 0 1 1 
0.2858 0.7858 
0.6892 0.3108 
N0 2
0.4759 0.5241 
N1 2
0.5342 0.4658 
N2 2
0.4345 0.5655 
N3 2
0.4432 0.5568 
N5 3
0.2543 0.3345 0.4112 
6 169.7784 49.816
5 100 100
7 100 100
0 105.3395 13.9273
8 100 100
2 100.161 23.1499
9 100.4958 35.6285
1 100.6952 12.0975
3 100 100
4 177.9507 177.9507
###===
30 0 5 0 0 0 0
N5 1 3
N1 N2 N3 
1 1 1 
0.1811 0.6811 
0.1719 0.6562 0.1719 
N0 2
0.4743 0.5257 
N1 2
0.5342 0.4658 
N2 2
0.4345 0.5655 
N3 2
0.4432 0.5568 
N5 3
0.2359 0.3713 0.3928 
6 170.7696 49.816
5 103.2092 10.8443
7 100 100
0 105.4237 13.9273
8 100 100
2 100.161 23.1499
9 100.4958 35.6285
1 100.6952 12.0975
3 100 100
4 177.9507 177.9507
###===
31 0 3 36.8413 0 1 0
N1 1 4
N0 N2 N3 N5 
0 0 1 0 
0.2775 0.8902 
0.1404 0.8596 
N0 2
0.4743 0.5257 
N1 2
0.5287 0.4713 
N2 2
0.4345 0.5655 
N3 2
0.4432 0.5568 
N5 3
0.2359 0.3713 0.3928 
6 170.7697 49.816
5 103.2092 10.8443
7 100 100
0 105.4237 13.9273
8 100 100
2 100.161 23.1499
9 100.4958 35.6285
1 100.6952 12.0975
3 137.1655 35.4852
4 177.9507 177.9507
N1
0
N0 2
0.4401 0.5599 
N2 2
0.4634 0.5366 
N3 2
0.4054 0.5946 
N5 3
0.2309 0.4201 0.349 
6 171.2837 49.816
5 100 100
7 100 100
0 109.1155 13.9273
8 100 100
2 100 100
9 100.9378 35.6285
1 103.1152 100
3 135.7955 35.4852
4 177.9507 177.9507
###===
32 0 3 0 0 0 0
N5 1 1
N0 
0 
0.1576 0.5362 
0.1605 0.5172 0.3223 
N0 2
0.4401 0.5599 
N2 2
0.4775 0.5225 
N3 2
0.4 0.6 
N5 3
0.2148 0.4686 0.3166 
6 171.4089 49.816
5 100 100
7 100 100
0 109.1155 13.9273
8 100 100
2 100 100
9 100.9378 35.6285
1 103.1153 100
3 137.5611 5.8246
4 177.9507 177.9507
###===
33 0 6 0 0 0 1
N5 0 2
N2 N3 
0 0 
0.0595 0.748 
0.7135 0.1916 0.0949 
N0 2
0.4136 0.5864 
N2 2
0.4775 0.5225 
N3 2
0.4 0.6 
N5 3
0.3567 0.3737 0.2696 
6 196.6157 18.4794
5 100 100
7 100 100
0 109.1155 13.9273
8 100 100
2 100 100
9 100.9378 35.6285
1 103.1153 100
3 135.1703 5.8246
4 177.9507 177.9507
10
6 168.2734 168.2734
5 100 100
7 100 100
0 109.1155 13.9273
8 100 100
2 100 100
9 100.9378 35.6285
1 100 100
3 136.8413 136.8413
4 177.9507 177.9507
N0 2
0.4136 0.5864 
N2 2
0.4775 0.5225 
N3 2
0.4 0.6 
N5 3
0.3567 0.3737 0.2696 
###===
34 0 1 29.3618 0 0 0
N0 1 3
N2 N3 N5 
1 1 1 
0.2633 0.8554 
0.1743 0.8257 
N0 2
0.3802 0.6198 
N2 2
0.4775 0.5225 
N3 2
0.4 0.6 
N5 3
0.3567 0.3737 0.2696 
6 168.2734 168.2734
5 100 100
7 100 100
0 110.8622 13.9273
8 100 100
2 100 100
9 101.3012 35.6285
1 131.4896 26.9038
3 136.8413 136.8413
4 177.9507 177.9507
###===
35 0 9 42.1368 0 1 0
N5 1 1
N0 
1 
0.2155 0.7645 
0.1663 0.7371 0.0966 
N0 2
0.3802 0.6198 
N2 2
0.4299 0.5701 
N3 2
0.3108 0.6892 
N5 3
0.2125 0.6016 0.1859 
6 168.2734 168.2734
5 100 100
7 100 100
0 116.3909 13.9273
8 100 100
2 100 100
9 169.7031 15.8911
1 136.9012 26.9038
3 136.8413 136.8413
4 177.9507 177.9507
N5
2
N0 2
0.6779 0.3221 
N2 2
0.328 0.672 
N3 2
0.4173 0.5827 
6 168.2734 168.2734
5 100 100
7 100 100
0 101.2423 13.9273
8 100 100
2 100 100
9 101.4862 15.9387
1 129.3618 129.3618
3 136.8413 136.8413
4 177.9507 177.9507
###===
36 0 7 0 0 0 0
N2 1 0
0.336 0.836 
0.639 0.361 
N0 2
0.6789 0.3211 
N2 2
0.639 0.361 
N3 2
0.3442 0.6558 
6 168.2734 168.2734
5 100 100
7 129.1093 10.3622
0 100.6674 13.9273
8 100 100
2 100 100
9 101.6144 15.9387
1 129.3618 129.3618
3 136.8413 136.8413
4 177.9507 177.9507
###===
37 0 0 26.8705 0 0 0
N3 0 2
N0 N2 
0 1 
0.2365 0.8214 
0.7922 0.2078 
N0 2
0.6789 0.3211 
N2 2
0.639 0.361 
N3 2
0.3986 0.6014 
6 168.2734 168.2734
5 100 100
7 129.1092 10.3622
0 131.4112 21.874
8 100 100
2 100 100
9 101.6143 15.9387
1 129.3618 129.3618
3 136.8413 136.8413
4 177.9507 177.9507
###===
38 0 8 35.5378 0 0 0
N0 0 1
N3 
0 
0.2792 0.8883 
0.3096 0.6904 
N0 2
0.5176 0.4824 
N2 2
0.693 0.307 
N3 2
0.3986 0.6014 
6 168.2734 168.2734
5 100 100
7 139.1504 10.3622
0 121.4086 21.874
8 155.6803 14.9307
2 100 100
9 81.2586 15.9387
1 129.3618 129.3618
3 136.8413 136.8413
4 177.9507 177.9507
###===
39 0 9 0 0 0 0
N2 1 2
N0 N3 
1 1 
0.3344 0.439 
0.6603 0.3397 
N0 2
0.5176 0.4824 
N2 2
0.7 0.3 
N3 2
0.3986 0.6014 
6 168.2734 168.2734
5 100 100
7 140.4521 10.3622
0 121.0422 21.874
8 155.6803 14.9307
2 100 100
9 81.3326 2.2528
1 129.3618 129.3618
3 136.8413 136.8413
4 177.9507 177.9507
###===
40 0 6 0 0 0 0
N2 1 2
N0 N3 
0 1 
0.0401 0.7286 
0.3058 0.6942 
N0 2
0.5176 0.4824 
N2 2
0.4772 0.5228 
N3 2
0.3986 0.6014 
6 216.5694 17.2316
5 100 100
7 99.0341 10.3622
0 97.6408 21.874
8 155.6803 14.9307
2 100 100
9 81.3326 2.2528
1 129.3618 129.3618
3 136.8413 136.8413
4 177.9507 177.9507
###===
41 0 0 0 0 0 0
N2 1 1
N3 
0 
0.3381 0.7711 
0.2505 0.7495 
N0 2
0.5523 0.4477 
N2 2
0.3572 0.6428 
N3 2
0.3986 0.6014 
6 216.5694 17.2316
5 100 100
7 76.7444 10.3622
0 105.5954 13.036
8 147.0734 14.9307
2 100 100
9 85.7143 2.2528
1 129.3618 129.3618
3 136.8413 136.8413
4 177.9507 177.9507
###===
42 0 3 0 0 0 1
N3 0 2
N0 N2 
1 0 
0.145 0.7577 
0.1871 0.8129 
N0 2
0.5523 0.4477 
N2 2
0.3572 0.6428 
N3 2
0.3576 0.6424 
6 216.5694 17.2316
5 100 100
7 76.7444 10.3622
0 110.26 13.036
8 141.8579 14.9307
2 100 100
9 86.025 2.2528
1 129.3618 129.3618
3 139.465 36.7465
4 177.9507 177.9507
10
6 168.2734 168.2734
5 100 100
7 100 100
0 116.9038 40.7978
8 135.5378 135.5378
2 100 100
9 142.1368 142.1368
1 129.3618 129.3618
3 136.8413 136.8413
4 177.9507 177.9507
N0 2
0.5523 0.4477 
N2 2
0.3572 0.6428 
N3 2
0.3576 0.6424 
###===
43 0 8 0 0 0 0
N2 1 2
N0 N3 
1 1 
0.1108 0.72 
0.8587 0.1413 
N0 2
0.5523 0.4477 
N2 2
0.3925 0.6075 
N3 2
0.3576 0.6424 
6 168.2734 168.2734
5 100 100
7 100 100
0 115.0564 40.7978
8 137.5841 35.0207
2 100 100
9 142.1368 142.1368
1 129.3618 129.3618
3 136.8413 136.8413
4 177.9507 177.9507
###===
44 0 1 71.8215 0 0 0
N3 0 1
N2 
0 
0.0372 0.7892 
0.7516 0.2484 
N0 2
0.539 0.461 
N2 2
0.3925 0.6075 
N3 2
0.5938 0.4062 
6 168.2734 168.2734
5 100 100
7 100 100
0 115.0564 40.7978
8 133.6408 35.0207
2 100 100
9 142.1368 142.1368
1 252.4793 23.6993
3 136.8413 136.8413
4 177.9507 177.9507
###===
45 0 3 0 0 0 1
N2 0 2
N0 N3 
0 1 
0.0442 0.6569 
0.0748 0.9252 
N0 2
0.539 0.461 
N2 2
0.3804 0.6196 
N3 2
0.5938 0.4062 
6 168.2734 168.2734
5 100 100
7 100 100
0 115.0564 40.7978
8 133.6408 35.0207
2 100 100
9 142.1368 142.1368
1 254.6308 23.6993
3 137.2224 75.9896
4 177.9507 177.9507
10
6 168.2734 168.2734
5 100 100
7 100 100
0 115.0564 40.7978
8 135.5378 135.5378
2 100 100
9 142.1368 142.1368
1 201.1833 201.1833
3 136.8413 136.8413
4 177.9507 177.9507
N0 2
0.539 0.461 
N2 2
0.3804 0.6196 
N3 2
0.5938 0.4062 
###===
46 0 0 0 0 0 0
N0 0 2
N2 N3 
1 0 
0.1947 0.6 
0.409 0.591 
N0 2
0.521 0.479 
N2 2
0.3804 0.6196 
N3 2
0.5938 0.4062 
6 168.2734 168.2734
5 100 100
7 100 100
0 113.824 56.3027
8 135.5378 135.5378
2 100 100
9 142.1368 142.1368
1 201.1833 201.1833
3 136.8413 136.8413
4 177.9507 177.9507
###===
47 0 5 0 0 0 0
N0 0 2
N2 N3 
0 1 
0.1353 0.6353 
0.1603 0.8397 
N0 2
0.5116 0.4884 
N2 2
0.3804 0.6196 
N3 2
0.5938 0.4062 
6 168.2734 168.2734
5 100.4227 24.4669
7 100 100
0 113.8241 56.3027
8 135.5378 135.5378
2 100 100
9 142.1368 142.1368
1 201.1833 201.1833
3 136.8413 136.8413
4 177.9507 177.9507
###===
48 0 6 58.3206 0 0 0
N2 1 2
N0 N3 
0 0 
0.1198 0.9118 
0.1278 0.8722 
N0 2
0.5116 0.4884 
N2 2
0.3176 0.6824 
N3 2
0.5938 0.4062 
6 232.9786 53.5757
5 100.4227 24.4669
7 100 100
0 112.5789 56.3027
8 135.5378 135.5378
2 100 100
9 142.1368 142.1368
1 201.1833 201.1833
3 136.8413 136.8413
4 177.9507 177.9507
###===
49 0 6 0 0 0 0
N0 0 2
N2 N3 
0 1 
0.0333 0.8254 
0.0729 0.9271 
N0 2
0.5041 0.4959 
N2 2
0.3176 0.6824 
N3 2
0.5938 0.4062 
6 233.4018 53.5757
5 101.1379 24.4669
7 100 100
0 112.5789 56.3027
8 135.5378 135.5378
2 100 100
9 142.1368 142.1368
1 201.1833 201.1833
3 136.8413 136.8413
4 177.9507 177.9507
###===
50 0 6 9.5634 0 0 0
N3 0 2
N0 N2 
0 1 
0.0505 0.8819 
0.0921 0.9079 
N0 2
0.5041 0.4959 
N2 2
0.3176 0.6824 
N3 2
0.4521 0.5479 
6 250.2358 63.1391
5 101.1379 24.4669
7 100 100
0 115.3861 56.3027
8 135.5378 135.5378
2 100 100
9 142.1368 142.1368
1 201.1833 201.1833
3 136.8413 136.8413
4 177.9507 177.9507
###===
51 0 3 0 0 0 0
N3 0 2
N0 N2 
1 0 
0.2795 0.8921 
0.3101 0.6899 
N0 2
0.5041 0.4959 
N2 2
0.3176 0.6824 
N3 2
0.3352 0.6648 
6 251.9063 63.1391
5 103.5135 24.4669
7 100 100
0 115.3861 56.3027
8 135.5378 135.5378
2 100 100
9 142.1368 142.1368
1 201.1833 201.1833
3 151.7679 15.0124
4 177.9507 177.9507
###===
52 0 0 0 0 0 0
N0 0 2
N2 N3 
0 1 
0.0128 0.5977 
0.4177 0.5823 
N0 2
0.5824 0.4176 
N2 2
0.3176 0.6824 
N3 2
0.3352 0.6648 
6 241.8885 63.1391
5 96.0099 24.4669
7 100 100
0 138.5285 53.3621
8 135.5378 135.5378
2 100 100
9 142.1368 142.1368
1 201.1833 201.1833
3 141.5219 15.0124
4 177.9507 177.9507
###===
53 0 8 0 0 0 0
N0 1 2
N2 N3 
1 0 
0.3138 0.9229 
0.1075 0.8925 
N0 2
0.5627 0.4373 
N2 2
0.3176 0.6824 
N3 2
0.3352 0.6648 
6 244.8358 63.1391
5 96.0099 24.4669
7 100 100
0 137.5278 53.3621
8 136.4671 48.0319
2 100 100
9 142.1368 142.1368
1 201.1833 201.1833
3 141.5219 15.0124
4 177.9507 177.9507
###===
54 0 4 97.6186 0 0 0
N2 0 2
N0 N3 
1 1 
0.1141 0.966 
0.9234 0.0766 
N0 2
0.5627 0.4373 
N2 2
0.3409 0.6591 
N3 2
0.3352 0.6648 
6 245.1694 63.1391
5 96.4844 24.4669
7 100 100
0 134.589 53.3621
8 136.4671 48.0319
2 100 100
9 142.1368 142.1368
1 201.1833 201.1833
3 144.579 15.0124
4 277.4001 117.3333
###===
55 0 5 0 0 0 0
N0 1 2
N2 N3 
0 0 
0.3824 0.8824 
0.1426 0.8574 
N0 2
0.552 0.448 
N2 2
0.3409 0.6591 
N3 2
0.3352 0.6648 
6 247.0164 63.1391
5 96.9275 24.4669
7 100 100
0 134.589 53.3621
8 136.4671 48.0319
2 100 100
9 142.1368 142.1368
1 201.1833 201.1833
3 143.2785 15.0124
4 277.4001 117.3333
###===
56 0 0 0 0 0 0
N0 1 2
N2 N3 
0 0 
0.3558 0.9408 
0.0884 0.9116 
N0 2
0.5458 0.4542 
N2 2
0.3409 0.6591 
N3 2
0.3352 0.6648 
6 248.0972 63.1391
5 97.4816 24.4669
7 100 100
0 134.8153 53.3621
8 136.4671 48.0319
2 100 100
9 142.1368 142.1368
1 201.1833 201.1833
3 142.5174 15.0124
4 277.4001 117.3333
###===
57 0 6 0 0 0 0
N2 1 2
N0 N3 
0 1 
0.1086 0.9294 
0.2991 0.7009 
N0 2
0.5458 0.4542 
N2 2
0.4095 0.5905 
N3 2
0.3352 0.6648 
6 240.3845 63.1391
5 92.2992 24.4669
7 100 100
0 160.6344 53.3621
8 136.4671 48.0319
2 100 100
9 142.1368 142.1368
1 201.1833 201.1833
3 142.5174 15.0124
4 277.4001 117.3333
###===
58 0 4 0 0 1 0
N0 0 1
N2 
1 
0.0959 0.8438 
0.8064 0.1936 
N0 2
0.6394 0.3606 
N2 2
0.4095 0.5905 
N3 2
0.2526 0.7474 
6 242.4052 63.1391
5 92.2992 24.4669
7 100 100
0 166.4821 53.3621
8 134.6101 48.0319
2 100 100
9 142.1368 142.1368
1 201.1833 201.1833
3 142.5174 15.0124
4 283.4127 30.98
N0
1
N2 2
0.683 0.317 
N3 2
0.5906 0.4094 
6 241.7507 236.1573
5 112.76 100
7 100 100
0 80.4856 53.3621
8 140.1079 135.5378
2 100 100
9 142.1368 142.1368
1 201.1833 201.1833
3 152.5843 15.0124
4 255.5839 30.98
###===
59 0 4 90.5862 0 0 0
N3 0 1
N2 
1 
0.1357 0.9758 
0.1777 0.8223 
N2 2
0.683 0.317 
N3 2
0.3477 0.6523 
6 241.7507 236.1573
5 112.76 100
7 100 100
0 110.3255 53.3621
8 136.3983 135.5378
2 100 100
9 142.1368 142.1368
1 201.1833 201.1833
3 152.5843 15.0124
4 395.0199 38.9146
###===
60 0 8 0 0 0 0
N2 1 1
N3 
1 
0.1562 0.7654 
0.2651 0.7349 
N2 2
0.4643 0.5357 
N3 2
0.3477 0.6523 
6 238.6275 236.1573
5 108.3186 100
7 100 100
0 137.8324 53.3621
8 158.1257 17.6235
2 100 100
9 142.1368 142.1368
1 201.1833 201.1833
3 123.97 15.0124
4 420.4139 38.9146
###===
61 0 8 0 0 0 0
N3 0 1
N2 
0 
0.2453 0.6704 
0.6492 0.3508 
N2 2
0.4643 0.5357 
N3 2
0.3578 0.6422 
6 238.4842 236.1573
5 108.2803 100
7 100 100
0 138.6584 53.3621
8 159.3758 9.0025
2 100 100
9 142.1368 142.1368
1 201.1833 201.1833
3 121.4354 15.0124
4 420.1522 38.9146
###===
62 0 2 0 0 0 1
N3 0 0
0.1789 0.6789 
0.2039 0.7961 
N2 2
0.3737 0.6263 
N3 2
0.2039 0.7961 
6 239.0417 236.1573
5 106.9349 100
7 100 100
0 142.36 53.3621
8 163.5254 9.0025
2 108.1286 18.881
9 142.1368 142.1368
1 201.1833 201.1833
3 142.3374 15.0124
4 445.4362 38.9146
53
6 239.0417 236.1574
5 104.1017 100
7 100 100
0 140.8408 53.3621
8 135.5378 135.5378
2 100 100
9 142.1368 142.1368
1 201.1833 201.1833
3 142.3374 15.0124
4 366.1555 366.1555
N2 2
0.3737 0.6263 
N3 2
0.2039 0.7961 
###===
63 0 2 75.3586 0 0 0
N2 1 1
N3 
1 
0.2213 0.9248 
0.1217 0.8783 
N2 2
0.2687 0.7313 
N3 2
0.2039 0.7961 
6 237.5414 236.1574
5 101.9682 100
7 100 100
0 154.054 53.3621
8 135.5378 135.5378
2 181.5132 69.4231
9 142.1368 142.1368
1 201.1833 201.1833
3 128.5922 15.0124
4 366.1555 366.1555
###===
64 0 5 0 0 0 0
N2 0 0
0.1343 0.6343 
0.5258 0.4742 
N2 2
0.5258 0.4742 
N3 2
0.357 0.643 
6 238.8659 236.1574
5 125.1448 37.4987
7 100 100
0 135.1771 53.3621
8 135.5378 135.5378
2 165.9185 69.4231
9 142.1368 142.1368
1 201.1833 201.1833
3 120.6978 15.0124
4 366.1555 366.1555
###===
65 0 4 64.6844 0 1 0
N2 0 1
N3 
0 
0.0475 0.9971 
0.095 0.905 
N2 2
0.2235 0.7765 
N3 2
0.357 0.643 
6 238.8659 236.1574
5 76.9719 37.4987
7 100 100
0 113.8459 53.3621
8 135.5378 135.5378
2 165.9185 69.4231
9 142.1368 142.1368
1 201.1833 201.1833
3 157.5242 15.0124
4 547.4329 99.9155
N2
0
N3 2
0.1517 0.8483 
6 248.2749 236.1574
5 214.096 196.8642
7 100 100
0 64.5161 53.3621
8 135.5378 135.5378
2 85.4975 69.4231
9 142.1368 142.1368
1 201.1833 201.1833
3 229.3734 15.0124
4 380.6263 99.9155
###===
66 0 6 0 0 0 0
N3 0 0
0.0295 0.8505 
0.0706 0.9294 
N3 2
0.0706 0.9294 
6 253.8893 125.7738
5 215.7442 196.8642
7 100 100
0 58.5518 53.3621
8 135.5378 135.5378
2 76.9022 69.4231
9 142.1368 142.1368
1 201.1833 201.1833
3 249.8772 15.0124
4 407.4766 99.9155
###===
67 0 1 68.5177 0 0 0
N3 1 0
0.1433 0.9891 
0.0532 0.9468 
N3 2
0.0532 0.9468 
6 256.2879 125.7738
5 216.0977 196.8642
7 100 100
0 57.2727 53.3621
8 135.5378 135.5378
2 75.0589 69.4231
9 142.1368 142.1368
1 270.0628 228.8768
3 254.2744 15.0124
4 413.2347 99.9155
###===
68 0 5 0 0 0 0
N3 0 0
0.0136 0.7899 
0.0524 0.9476 
N3 2
0.0524 0.9476 
6 256.3981 125.7738
5 216.1149 194.6782
7 100 100
0 57.2139 53.3621
8 135.5378 135.5378
2 74.9741 69.4231
9 142.1368 142.1368
1 270.0976 228.8768
3 254.4765 15.0124
4 413.4994 99.9155
###===
69 0 7 0 0 1 0
N3 1 0
0.4738 0.9738 
0.2393 0.7607 
N3 2
0.2393 0.7607 
6 230.6344 125.7738
5 211.8868 194.6782
7 128.3246 68.3049
0 70.9527 53.3621
8 135.5378 135.5378
2 94.7735 69.4231
9 142.1368 142.1368
1 261.9674 228.8768
3 207.2458 15.0124
4 351.6497 99.9155
N3
0
6 125.7738 125.7738
5 194.6782 194.6782
7 319.1182 319.1182
0 126.8705 126.8705
8 135.5378 135.5378
2 175.3586 175.3586
9 142.1368 142.1368
1 228.8768 228.8768
3 15.0124 15.0124
4 99.9155 99.9155
