Gch_comingSoon999
0 2 4 0 0 0 0
N8 N7 
2 2 
N8 0 1
N7 
0 
0.25 0.75 
0.7475 0.2525 
N7 2
0.5 0.5 
N8 2
0.6237 0.3762 
4 109.2392 1.4355
###===
1 3 5 0 0 0 0
N4 N2 N3 
2 2 2 
N4 1 2
N2 N3 
1 0 
0.25 0.75 
0.2525 0.7475 
N2 2
0.5 0.5 
N3 2
0.5 0.5 
N4 2
0.4381 0.5619 
N7 2
0.5 0.5 
N8 2
0.6237 0.3762 
5 104.6196 1.4355
4 109.2392 1.4355
###===
2 0 7 0 0 0 0
N3 0 1
N4 
1 
0.2775 0.7775 
0.775 0.225 
N2 2
0.4877 0.5123 
N3 2
0.6236 0.3764 
N4 2
0.4381 0.5619 
N7 2
0.5 0.5 
N8 2
0.6237 0.3762 
5 108.9155 1.4355
7 108.5334 1.6318
4 109.2392 1.4355
###===
3 2 9 0 0 0 0
N0 N1 
2 2 
N0 1 1
N1 
0 
0.25 0.75 
0.2525 0.7475 
N0 2
0.3762 0.6237 
N1 2
0.5 0.5 
N2 2
0.4877 0.5123 
N3 2
0.6236 0.3764 
N4 2
0.4381 0.5619 
N7 2
0.5 0.5 
N8 2
0.6237 0.3762 
5 108.9155 1.4355
7 108.5334 1.6318
9 109.2392 1.4355
4 109.2392 1.4355
###===
4 0 5 0 0 0 0
N0 1 1
N1 
0 
0.7401 0.75 
0.2599 0.7401 
N0 2
0.3799 0.6201 
N1 2
0.5 0.5 
N2 2
0.4877 0.5123 
N3 2
0.6236 0.3764 
N4 2
0.4381 0.5619 
N7 2
0.5 0.5 
N8 2
0.6237 0.3762 
5 108.9258 0.0002
7 108.5334 1.6318
9 108.6598 1.4355
4 109.2392 1.4355
###===
5 1 4 0 0 0 0
N9 
2 
N9 1 0
0.495 0.505 
0.4951 0.5049 
N0 2
0.3799 0.6201 
N1 2
0.5 0.5 
N2 2
0.4877 0.5123 
N3 2
0.6236 0.3764 
N4 2
0.4381 0.5619 
N7 2
0.5 0.5 
N8 2
0.6237 0.3762 
N9 2
0.4951 0.5049 
5 108.9258 0.0002
7 108.5333 1.6318
9 108.6598 1.4355
4 109.2461 0.0147
###===
6 2 8 0 0 0 0
N5 N6 
3 2 
N5 0 2
N6 N8 
0 1 
0.1667 0.6667 
0.1692 0.4154 0.4154 
N0 2
0.3799 0.6201 
N1 2
0.5 0.5 
N2 2
0.4877 0.5123 
N3 2
0.6236 0.3764 
N4 2
0.4381 0.5619 
N5 3
0.3025 0.3488 0.3488 
N6 2
0.5 0.5 
N7 2
0.5 0.5 
N8 2
0.6237 0.3762 
N9 2
0.4951 0.5049 
5 108.9258 0.0002
7 108.5333 1.6318
8 101.8491 2.1764
9 108.6598 1.4355
4 109.2461 0.0147
###===
7 0 8 22.0134 0 0 0
N3 0 1
N2 
0 
0.5193 0.6737 
0.6729 0.3271 
N0 2
0.3799 0.6201 
N1 2
0.5 0.5 
N2 2
0.4877 0.5123 
N3 2
0.6522 0.3478 
N4 2
0.431 0.569 
N5 3
0.3025 0.3488 0.3488 
N6 2
0.5 0.5 
N7 2
0.5 0.5 
N8 2
0.6237 0.3762 
N9 2
0.4951 0.5049 
5 108.9258 0.0002
7 110.285 1.6318
8 124.3868 0.3467
9 108.6598 1.4355
4 109.2461 0.0147
###===
8 0 4 0 3 0 0
N8 0 2
N5 N7 
0 0 
0.5702 0.4298 
N8 0 2
N5 N7 
1 0 
0.471 0.529 
N8 0 2
N5 N7 
2 0 
0.471 0.529 
N0 2
0.3799 0.6201 
N1 2
0.5 0.5 
N2 2
0.4877 0.5123 
N3 2
0.6522 0.3478 
N4 2
0.431 0.569 
N5 3
0.3025 0.3488 0.3488 
N6 2
0.499 0.501 
N7 2
0.5 0.5 
N8 2
0.501 0.499 
N9 2
0.4951 0.5049 
5 108.9258 0.0002
7 110.285 1.6318
8 124.7565 0.3467
9 108.6598 1.4355
4 100.0779 94.378
###===
9 0 9 0 0 0 0
N4 0 1
N2 
0 
0.4931 0.503 
0.4932 0.5068 
N0 2
0.3799 0.6201 
N1 2
0.5 0.5 
N2 2
0.4877 0.5123 
N3 2
0.6528 0.3472 
N4 2
0.4287 0.5713 
N5 3
0.3025 0.3488 0.3488 
N6 2
0.499 0.501 
N7 2
0.5 0.5 
N8 2
0.501 0.499 
N9 2
0.4951 0.5049 
5 108.9258 0.0002
7 110.3231 1.6318
8 124.7756 0.3467
9 108.6632 0.0216
4 100.0779 94.378
###===
10 0 3 14.8693 0 0 0
N4 0 2
N2 N3 
1 1 
0.2996 0.8485 
0.8458 0.1542 
N0 2
0.3799 0.6201 
N1 2
0.5 0.5 
N2 2
0.4877 0.5123 
N3 2
0.6528 0.3472 
N4 2
0.4629 0.5371 
N5 3
0.3025 0.3488 0.3488 
N6 2
0.499 0.501 
N7 2
0.5 0.5 
N8 2
0.501 0.499 
N9 2
0.4951 0.5049 
5 108.9258 0.0002
7 113.6862 1.6318
8 124.7756 0.3467
9 108.6632 0.0216
3 117.1627 2.5672
4 100.0779 94.378
###===
11 0 3 0 0 0 0
N0 0 1
N1 
0 
0.2553 0.273 
0.2729 0.7271 
N0 2
0.3864 0.6135 
N1 2
0.5 0.5 
N2 2
0.4877 0.5123 
N3 2
0.6528 0.3472 
N4 2
0.4629 0.5371 
N5 3
0.3025 0.3488 0.3488 
N6 2
0.499 0.501 
N7 2
0.5 0.5 
N8 2
0.501 0.499 
N9 2
0.4951 0.5049 
5 108.9622 0.0002
7 113.6862 1.6318
8 124.7756 0.3467
9 107.6454 0.0216
3 117.1941 0.0105
4 100.0779 94.378
###===
12 0 5 0 2 0 0
N2 1 2
N3 N4 
0 0 
0.5204 0.4796 
N2 1 2
N3 N4 
0 1 
0.5252 0.4748 
N0 2
0.3864 0.6135 
N1 2
0.5 0.5 
N2 2
0.5009 0.4991 
N3 2
0.6528 0.3472 
N4 2
0.4629 0.5371 
N5 3
0.3025 0.3488 0.3488 
N6 2
0.499 0.501 
N7 2
0.5 0.5 
N8 2
0.501 0.499 
N9 2
0.4951 0.5049 
5 106.1007 59.4633
7 113.6862 1.6318
8 124.9494 0.3467
9 107.754 0.0216
3 117.1941 0.0105
4 100.0779 94.378
###===
13 0 0 0 0 0 0
N7 0 1
N5 
2 
0.2464 0.7464 
0.2489 0.7511 
N0 2
0.3864 0.6135 
N1 2
0.5 0.5 
N2 2
0.5009 0.4991 
N3 2
0.6528 0.3472 
N4 2
0.4629 0.5371 
N5 3
0.3025 0.3488 0.3488 
N6 2
0.499 0.501 
N7 2
0.415 0.585 
N8 2
0.501 0.499 
N9 2
0.4951 0.5049 
5 106.1007 59.4633
0 106.2805 1.4797
7 113.6862 1.6318
8 124.9494 0.3467
9 107.754 0.0216
3 117.1941 0.0105
4 100.4352 94.378
###===
14 0 6 0 0 0 0
N4 0 2
N2 N3 
1 0 
0.1533 0.6533 
0.6508 0.3492 
N0 2
0.3864 0.6135 
N1 2
0.5 0.5 
N2 2
0.5009 0.4991 
N3 2
0.6528 0.3472 
N4 2
0.5699 0.4301 
N5 3
0.3025 0.3488 0.3488 
N6 2
0.499 0.501 
N7 2
0.415 0.585 
N8 2
0.501 0.499 
N9 2
0.4951 0.5049 
6 111.2227 1.0442
5 98.6592 59.4633
0 106.2805 1.4797
7 108.5341 1.6318
8 124.9494 0.3467
9 107.754 0.0216
3 117.1941 0.0105
4 100.4352 94.378
###===
15 0 6 0 0 0 0
N5 1 2
N6 N8 
1 0 
0.3255 0.3327 
0.3418 0.3327 0.3255 
N0 2
0.3864 0.6135 
N1 2
0.5 0.5 
N2 2
0.5009 0.4991 
N3 2
0.6528 0.3472 
N4 2
0.5699 0.4301 
N5 3
0.3018 0.35 0.3482 
N6 2
0.499 0.501 
N7 2
0.4151 0.5849 
N8 2
0.501 0.499 
N9 2
0.4951 0.5049 
6 111.2246 -0.0109
5 98.6592 59.4633
0 106.2697 1.4797
7 108.5341 1.6318
8 124.9494 0.3467
9 107.754 0.0216
3 117.1941 0.0105
4 100.4303 94.378
###===
16 0 1 0 0 0 0
N6 1 1
N8 
0 
0.25 0.75 
0.2525 0.7475 
N0 2
0.3864 0.6135 
N1 2
0.5 0.5 
N2 2
0.5009 0.4991 
N3 2
0.6528 0.3472 
N4 2
0.5699 0.4301 
N5 3
0.3015 0.3506 0.3479 
N6 2
0.375 0.625 
N7 2
0.4152 0.5848 
N8 2
0.501 0.499 
N9 2
0.4951 0.5049 
6 111.2256 -0.0109
5 98.6592 59.4633
0 106.2644 1.4797
7 108.5341 1.6318
8 124.9494 0.3467
9 107.754 0.0216
1 109.2578 1.4355
3 117.1941 0.0105
4 100.4279 94.378
###===
17 0 2 0 0 0 0
N3 1 1
N2 
1 
0.1886 0.6886 
0.8089 0.1911 
N0 2
0.3864 0.6135 
N1 2
0.5 0.5 
N2 2
0.5009 0.4991 
N3 2
0.7456 0.2544 
N4 2
0.5518 0.4482 
N5 3
0.3015 0.3506 0.3479 
N6 2
0.375 0.625 
N7 2
0.4152 0.5848 
N8 2
0.501 0.499 
N9 2
0.4951 0.5049 
6 114.577 -0.0109
5 97.284 59.4633
0 106.2644 1.4797
7 111.5034 1.6318
8 124.9494 0.3467
2 105.8664 1.9324
9 107.754 0.0216
1 109.2578 1.4355
3 116.0628 0.0105
4 100.4279 94.378
###===
18 0 9 0 0 1 0
N9 0 0
0.495 0.4952 
0.495 0.505 
N0 2
0.3864 0.6135 
N1 2
0.5 0.5 
N2 2
0.5009 0.4991 
N3 2
0.7456 0.2544 
N4 2
0.5518 0.4482 
N5 3
0.3015 0.3506 0.3479 
N6 2
0.375 0.625 
N7 2
0.4152 0.5848 
N8 2
0.501 0.499 
N9 2
0.495 0.505 
6 114.5771 -0.0109
5 97.284 59.4633
0 106.2644 1.4797
7 111.5034 1.6318
8 124.9494 0.3467
2 105.8664 1.9324
9 107.754 -0.0076
1 109.2578 1.4355
3 116.0628 0.0105
4 100.4281 94.378
N9
1
N0 2
0.3864 0.6135 
N1 2
0.5 0.5 
N2 2
0.5009 0.4991 
N3 2
0.7456 0.2544 
N4 2
0.5518 0.4482 
N5 3
0.3015 0.3506 0.3479 
N6 2
0.375 0.625 
N7 2
0.4152 0.5848 
N8 2
0.501 0.499 
6 114.5771 -0.0109
5 97.284 59.4633
0 106.2644 1.4797
7 111.5034 1.6318
8 124.9494 0.3467
2 105.8664 1.9324
9 107.7826 0.0501
1 109.2578 1.4355
3 116.0628 0.0105
4 101.8279 97.2057
###===
19 0 8 0 4 0 0
N2 1 2
N3 N4 
0 0 
0.2643 0.7357 
N2 1 2
N3 N4 
1 0 
0.6054 0.3946 
N2 1 2
N3 N4 
0 1 
0.6069 0.3931 
N2 1 2
N3 N4 
1 1 
0.8127 0.1873 
N0 2
0.3864 0.6135 
N1 2
0.5 0.5 
N2 2
0.4953 0.5047 
N3 2
0.7456 0.2544 
N4 2
0.5518 0.4482 
N5 3
0.3015 0.3506 0.3479 
N6 2
0.375 0.625 
N7 2
0.4152 0.5848 
N8 2
0.501 0.499 
6 114.4883 -0.0109
5 97.284 59.4633
0 106.2644 1.4797
7 111.5034 1.6318
8 124.7403 5.1222
2 107.3339 1.9324
9 107.7726 0.0501
1 109.2578 1.4355
3 116.0078 0.0105
4 101.8279 97.2057
###===
20 0 7 0 0 0 0
N8 0 1
N5 
1 
0.4684 0.4796 
0.4685 0.5315 
N0 2
0.3864 0.6135 
N1 2
0.5 0.5 
N2 2
0.4953 0.5047 
N3 2
0.7456 0.2544 
N4 2
0.5518 0.4482 
N5 3
0.3015 0.3506 0.3479 
N6 2
0.3756 0.6244 
N7 2
0.4152 0.5848 
N8 2
0.4992 0.5008 
6 114.4855 -0.0109
5 97.284 59.4633
0 106.2644 1.4797
7 111.5062 0.0309
8 124.7726 5.1222
2 107.3339 1.9324
9 107.7726 0.0501
1 109.2231 1.4355
3 116.0078 0.0105
4 101.8279 97.2057
###===
21 0 7 0 0 0 0
N1 1 1
N0 
0 
0.6468 0.647 
0.3531 0.6469 
N0 2
0.3864 0.6135 
N1 2
0.5 0.5 
N2 2
0.4953 0.5047 
N3 2
0.7456 0.2544 
N4 2
0.5518 0.4482 
N5 3
0.3015 0.3506 0.3479 
N6 2
0.3756 0.6244 
N7 2
0.4152 0.5848 
N8 2
0.4992 0.5008 
6 114.4855 -0.0109
5 97.284 59.4633
0 106.2644 1.4797
7 111.5062 0.0277
8 124.7726 5.1222
2 107.3339 1.9324
9 107.7721 0.0501
1 109.2231 1.4355
3 116.0078 0.0105
4 101.8279 97.2057
###===
22 0 7 0 0 0 0
N4 1 2
N2 N3 
0 1 
0.3322 0.6624 
0.3392 0.6608 
N0 2
0.3864 0.6135 
N1 2
0.5 0.5 
N2 2
0.4953 0.5047 
N3 2
0.7456 0.2544 
N4 2
0.4965 0.5035 
N5 3
0.3015 0.3506 0.3479 
N6 2
0.3756 0.6244 
N7 2
0.4152 0.5848 
N8 2
0.4992 0.5008 
6 114.4855 -0.0109
5 97.284 59.4633
0 106.2644 1.4797
7 111.5193 0.0277
8 124.4902 5.1222
2 107.3339 1.9324
9 107.9271 0.0501
1 109.2232 1.4355
3 116.0078 0.0105
4 101.8279 97.2057
###===
23 0 6 21.4761 0 0 0
N7 0 2
N5 N8 
0 1 
0.4421 0.5866 
0.5859 0.4141 
N0 2
0.3864 0.6135 
N1 2
0.5 0.5 
N2 2
0.4953 0.5047 
N3 2
0.7456 0.2544 
N4 2
0.4965 0.5035 
N5 3
0.3015 0.3506 0.3479 
N6 2
0.3756 0.6244 
N7 2
0.4241 0.5759 
N8 2
0.4992 0.5008 
6 136.1421 0.2529
5 97.284 59.4633
0 106.2644 1.4797
7 111.5193 0.0277
8 124.4902 5.1222
2 107.3339 1.9324
9 107.9271 0.0501
1 109.2232 1.4355
3 116.0078 0.0105
4 101.915 97.2057
###===
24 0 6 33.9619 0 0 0
N0 1 1
N1 
1 
0.3944 0.6056 
0.6045 0.3955 
N0 2
0.4387 0.5613 
N1 2
0.5 0.5 
N2 2
0.4953 0.5047 
N3 2
0.7456 0.2544 
N4 2
0.4965 0.5035 
N5 3
0.3015 0.3506 0.3479 
N6 2
0.3756 0.6244 
N7 2
0.4241 0.5759 
N8 2
0.4992 0.5008 
6 171.6913 0.3881
5 97.284 59.4633
0 106.2644 1.4797
7 111.5191 0.0277
8 124.4902 5.1222
2 107.3339 1.9324
9 107.9271 0.0501
1 109.2232 1.4355
3 116.0079 0.0105
4 101.915 97.2057
###===
25 0 2 0 0 0 0
N6 0 2
N5 N8 
0 1 
0.3322 0.3455 
0.345 0.655 
N0 2
0.4387 0.5613 
N1 2
0.5 0.5 
N2 2
0.4953 0.5047 
N3 2
0.7456 0.2544 
N4 2
0.4965 0.5035 
N5 3
0.3015 0.3506 0.3479 
N6 2
0.3766 0.6234 
N7 2
0.4241 0.5759 
N8 2
0.4992 0.5008 
6 171.6913 0.3881
5 97.284 59.4633
0 106.2644 1.4797
7 111.5191 0.0277
8 124.3846 5.1222
2 107.3368 0.1144
9 107.9271 0.0501
1 109.2232 1.4355
3 116.0079 0.0105
4 101.915 97.2057
###===
26 0 6 0 1 0 0
N7 0 2
N5 N8 
0 1 
0.5168 0.4832 
N0 2
0.4387 0.5613 
N1 2
0.5 0.5 
N2 2
0.4953 0.5047 
N3 2
0.7456 0.2544 
N4 2
0.4965 0.5035 
N5 3
0.3015 0.3506 0.3479 
N6 2
0.3766 0.6234 
N7 2
0.4152 0.5848 
N8 2
0.4992 0.5008 
6 171.5107 21.6005
5 97.284 59.4633
0 106.2644 1.4797
7 111.5191 0.0277
8 124.3846 5.1222
2 107.3368 0.1144
9 107.9271 0.0501
1 109.2232 1.4355
3 116.0078 0.0105
4 101.8279 97.2057
###===
27 0 9 9.2815 0 0 0
N0 0 1
N1 
0 
0.2558 0.7698 
0.2584 0.7416 
N0 2
0.4314 0.5686 
N1 2
0.5 0.5 
N2 2
0.4953 0.5047 
N3 2
0.7456 0.2544 
N4 2
0.4965 0.5035 
N5 3
0.3015 0.3506 0.3479 
N6 2
0.3766 0.6234 
N7 2
0.4152 0.5848 
N8 2
0.4992 0.5008 
6 171.5107 21.6005
5 97.2434 59.4633
0 106.2644 1.4797
7 111.5191 0.0277
8 124.3846 5.1222
2 107.3368 0.1144
9 118.3831 1.4508
1 109.2231 1.4355
3 115.9382 0.0105
4 101.8279 97.2057
###===
28 0 9 0 0 0 0
N5 0 1
N8 
0 
0.3402 0.3502 
0.3502 0.3258 0.324 
N0 2
0.4314 0.5686 
N1 2
0.5 0.5 
N2 2
0.4953 0.5047 
N3 2
0.7456 0.2544 
N4 2
0.4965 0.5035 
N5 3
0.3048 0.349 0.3462 
N6 2
0.3766 0.6234 
N7 2
0.4156 0.5844 
N8 2
0.4992 0.5008 
6 171.507 21.6005
5 97.2434 59.4633
0 106.2347 1.4797
7 111.5217 0.0277
8 124.3846 5.1222
2 107.3368 0.1144
9 118.3899 -0.0115
1 109.2221 1.4355
3 115.9382 0.0105
4 101.8493 97.2057
###===
29 0 4 9.1342 0 0 0
N8 1 1
N7 
0 
0.2359 0.7574 
0.2452 0.7548 
N0 2
0.4314 0.5686 
N1 2
0.5 0.5 
N2 2
0.4953 0.5047 
N3 2
0.7456 0.2544 
N4 2
0.4965 0.5035 
N5 3
0.2938 0.3563 0.3498 
N6 2
0.4021 0.5979 
N7 2
0.4156 0.5844 
N8 2
0.3904 0.6096 
6 171.4936 21.6005
5 97.2434 59.4633
0 105.8801 1.4797
7 111.6574 0.0277
8 124.469 5.1222
2 107.3376 0.1144
9 118.3525 -0.0115
1 107.208 1.4355
3 115.9382 0.0105
4 119.4284 1.5384
###===
30 0 1 0 0 0 0
N0 1 1
N1 
0 
0.7343 0.7442 
0.2657 0.7343 
N0 2
0.4351 0.5649 
N1 2
0.5 0.5 
N2 2
0.4953 0.5047 
N3 2
0.7456 0.2544 
N4 2
0.4965 0.5035 
N5 3
0.2938 0.3563 0.3498 
N6 2
0.4021 0.5979 
N7 2
0.4156 0.5844 
N8 2
0.3904 0.6096 
6 171.4936 21.6005
5 97.2638 59.4633
0 105.8801 1.4797
7 111.6574 0.0277
8 124.4691 5.1222
2 107.3376 0.1144
9 117.7418 -0.0115
1 107.2179 0.0083
3 115.9733 0.0105
4 119.4284 1.5384
###===
31 0 1 0 0 0 0
N0 0 1
N1 
0 
0.2558 0.2657 
0.2657 0.7343 
N0 2
0.4351 0.5649 
N1 2
0.5 0.5 
N2 2
0.4953 0.5047 
N3 2
0.7456 0.2544 
N4 2
0.4965 0.5035 
N5 3
0.2938 0.3563 0.3498 
N6 2
0.4021 0.5979 
N7 2
0.4156 0.5844 
N8 2
0.3904 0.6096 
6 171.4936 21.6005
5 97.2638 59.4633
0 105.8801 1.4797
7 111.6574 0.0277
8 124.4691 5.1222
2 107.3376 0.1144
9 117.7418 -0.0115
1 107.2179 0.0083
3 115.9733 0.0105
4 119.4284 1.5384
###===
32 0 8 0 0 0 0
N5 0 2
N6 N8 
0 1 
0.1818 0.6809 
0.1843 0.4319 0.3838 
N0 2
0.4351 0.5649 
N1 2
0.5 0.5 
N2 2
0.4953 0.5047 
N3 2
0.7456 0.2544 
N4 2
0.4965 0.5035 
N5 3
0.2926 0.357 0.3504 
N6 2
0.4021 0.5979 
N7 2
0.4155 0.5845 
N8 2
0.3904 0.6096 
6 171.4936 21.6005
5 97.2638 59.4633
0 105.8827 1.4797
7 111.6584 0.0277
8 124.6305 1.9897
2 107.3333 0.1144
9 117.7418 -0.0115
1 107.2179 0.0083
3 115.9733 0.0105
4 119.4075 1.5384
###===
33 0 4 0 0 0 0
N4 1 1
N3 
1 
0.4826 0.4932 
0.5068 0.4932 
N0 2
0.4351 0.5649 
N1 2
0.5 0.5 
N2 2
0.496 0.504 
N3 2
0.7456 0.2544 
N4 2
0.4951 0.5049 
N5 3
0.2926 0.357 0.3504 
N6 2
0.4021 0.5979 
N7 2
0.4155 0.5845 
N8 2
0.3904 0.6096 
6 171.4936 21.6005
5 97.2638 59.4633
0 105.8827 1.4797
7 111.7043 0.0277
8 124.6234 1.9897
2 107.3953 0.1144
9 117.7444 -0.0115
1 107.2179 0.0083
3 115.9301 0.0105
4 119.4096 0.0017
###===
34 0 5 0 0 0 0
N5 1 1
N6 
1 
0.2167 0.5544 
0.3967 0.2183 0.385 
N0 2
0.4351 0.5649 
N1 2
0.5 0.5 
N2 2
0.496 0.504 
N3 2
0.7456 0.2544 
N4 2
0.4951 0.5049 
N5 3
0.3257 0.2919 0.3825 
N6 2
0.4021 0.5979 
N7 2
0.4086 0.5914 
N8 2
0.3926 0.6074 
6 171.3963 21.6005
5 99.7581 1.0886
0 106.5475 1.4797
7 111.7031 0.0277
8 124.6234 1.9897
2 107.3634 0.1144
9 117.8047 -0.0115
1 107.3466 0.0083
3 115.9301 0.0105
4 119.5798 0.0017
###===
35 0 8 0 0 0 0
N7 0 1
N5 
0 
0.4906 0.5042 
0.5042 0.4958 
N0 2
0.4351 0.5649 
N1 2
0.5 0.5 
N2 2
0.496 0.504 
N3 2
0.7456 0.2544 
N4 2
0.4951 0.5049 
N5 3
0.3257 0.2919 0.3825 
N6 2
0.4021 0.5979 
N7 2
0.4108 0.5892 
N8 2
0.392 0.608 
6 171.3968 21.6005
5 99.757 1.0886
0 106.5475 1.4797
7 111.7031 0.0277
8 124.6087 0.0145
2 107.3632 0.1144
9 117.803 -0.0115
1 107.3328 0.0083
3 115.9301 0.0105
4 119.6263 0.0017
###===
36 0 6 0 0 0 0
N0 1 1
N1 
1 
0.3405 0.6595 
0.6579 0.3421 
N0 2
0.4618 0.5382 
N1 2
0.5 0.5 
N2 2
0.496 0.504 
N3 2
0.7456 0.2544 
N4 2
0.4951 0.5049 
N5 3
0.3257 0.2919 0.3825 
N6 2
0.4021 0.5979 
N7 2
0.4108 0.5892 
N8 2
0.392 0.608 
6 173.469 0.6745
5 99.757 1.0886
0 106.5475 1.4797
7 111.703 0.0277
8 124.6087 0.0145
2 107.3632 0.1144
9 117.803 -0.0115
1 107.3328 0.0083
3 115.9301 0.0105
4 119.6263 0.0017
###===
37 0 6 0 0 0 0
N0 0 1
N1 
0 
0.1809 0.4999 
0.1825 0.8175 
N0 2
0.4202 0.5798 
N1 2
0.5 0.5 
N2 2
0.496 0.504 
N3 2
0.7456 0.2544 
N4 2
0.4951 0.5049 
N5 3
0.3257 0.2919 0.3825 
N6 2
0.4021 0.5979 
N7 2
0.4108 0.5892 
N8 2
0.392 0.608 
6 174.8536 0.6745
5 99.5239 1.0886
0 106.5475 1.4797
7 111.7028 0.0277
8 124.6087 0.0145
2 107.3632 0.1144
9 124.7632 -0.0115
1 107.1062 0.0083
3 115.5308 0.0105
4 119.6263 0.0017
###===
38 0 0 0 0 0 0
N5 1 2
N7 N8 
1 1 
0.1356 0.6356 
0.2704 0.1381 0.5915 
N0 2
0.4202 0.5798 
N1 2
0.5 0.5 
N2 2
0.496 0.504 
N3 2
0.7456 0.2544 
N4 2
0.4951 0.5049 
N5 3
0.3381 0.2522 0.4097 
N6 2
0.3942 0.6058 
N7 2
0.4108 0.5892 
N8 2
0.392 0.608 
6 174.8536 0.6745
5 100.7983 1.0886
0 110.2965 1.4797
7 111.6462 0.0277
8 123.8165 0.0145
2 107.361 0.1144
9 124.7632 -0.0115
1 107.1062 0.0083
3 115.5308 0.0105
4 119.6263 0.0017
###===
39 0 9 0 0 0 0
N6 1 1
N5 
2 
0.5939 0.5939 
0.4061 0.5939 
N0 2
0.4202 0.5798 
N1 2
0.5 0.5 
N2 2
0.496 0.504 
N3 2
0.7456 0.2544 
N4 2
0.4951 0.5049 
N5 3
0.3381 0.2522 0.4097 
N6 2
0.3942 0.6058 
N7 2
0.4108 0.5892 
N8 2
0.392 0.608 
6 174.8536 0.6745
5 100.7984 1.0886
0 110.2966 1.4797
7 111.6462 0.0277
8 123.8164 0.0145
2 107.361 0.1144
9 124.7632 -0.0159
1 107.1065 0.0083
3 115.5308 0.0105
4 119.6262 0.0017
###===
40 0 8 0 0 0 0
N4 0 2
N2 N3 
0 0 
0.2529 0.417 
0.2537 0.7463 
N0 2
0.4202 0.5798 
N1 2
0.5 0.5 
N2 2
0.496 0.504 
N3 2
0.7456 0.2544 
N4 2
0.4813 0.5187 
N5 3
0.3381 0.2522 0.4097 
N6 2
0.3942 0.6058 
N7 2
0.4108 0.5892 
N8 2
0.392 0.608 
6 174.8536 0.6745
5 101.7588 1.0886
0 110.2965 1.4797
7 112.3112 0.0277
8 124.087 0.0145
2 107.361 0.1144
9 124.8019 -0.0159
1 107.1065 0.0083
3 115.5308 0.0105
4 119.6262 0.0017
###===
41 0 0 79.3541 0 0 0
N4 0 2
N2 N3 
0 1 
0.1909 0.6199 
0.6177 0.3823 
N0 2
0.4202 0.5798 
N1 2
0.5 0.5 
N2 2
0.496 0.504 
N3 2
0.7456 0.2544 
N4 2
0.5291 0.4709 
N5 3
0.3381 0.2522 0.4097 
N6 2
0.3942 0.6058 
N7 2
0.4108 0.5892 
N8 2
0.392 0.608 
6 174.8536 0.6745
5 101.7588 1.0886
0 193.724 0.8278
7 107.5961 0.0277
8 124.3315 0.0145
2 107.361 0.1144
9 124.6677 -0.0159
1 107.1065 0.0083
3 115.5308 0.0105
4 119.4763 0.0017
###===
42 0 6 0 0 0 0
N7 1 1
N8 
1 
0.4839 0.4958 
0.516 0.484 
N0 2
0.4202 0.5798 
N1 2
0.5 0.5 
N2 2
0.496 0.504 
N3 2
0.7456 0.2544 
N4 2
0.5291 0.4709 
N5 3
0.3385 0.2531 0.4084 
N6 2
0.3942 0.6058 
N7 2
0.4143 0.5857 
N8 2
0.392 0.608 
6 174.8594 0.0225
5 101.7336 1.0886
0 193.4966 0.8278
7 107.5974 0.0277
8 124.3231 0.0145
2 107.361 0.1144
9 124.6677 -0.0159
1 107.1065 0.0083
3 115.5308 0.0105
4 119.6948 0.0017
###===
43 0 3 11.603 1 0 0
N0 1 1
N1 
0 
0.1728 0.8272 
N0 2
0.4153 0.5847 
N1 2
0.5 0.5 
N2 2
0.496 0.504 
N3 2
0.7456 0.2544 
N4 2
0.5291 0.4709 
N5 3
0.3385 0.2531 0.4084 
N6 2
0.3942 0.6058 
N7 2
0.4143 0.5857 
N8 2
0.392 0.608 
6 175.198 0.0225
5 101.7064 1.0886
0 193.4966 0.8278
7 107.5973 0.0277
8 124.3231 0.0145
2 107.3609 0.1144
9 125.4806 -0.0159
1 107.08 0.0083
3 127.1103 13.3182
4 119.6948 0.0017
###===
44 0 5 0 6 0 0
N6 1 2
N5 N8 
0 0 
0.2538 0.7462 
N6 1 2
N5 N8 
1 0 
0.2498 0.7502 
N6 1 2
N5 N8 
2 0 
0.2539 0.7461 
N6 1 2
N5 N8 
0 1 
0.3401 0.6599 
N6 1 2
N5 N8 
1 1 
0.556 0.444 
N6 1 2
N5 N8 
2 1 
0.556 0.444 
N0 2
0.4153 0.5847 
N1 2
0.5 0.5 
N2 2
0.496 0.504 
N3 2
0.7456 0.2544 
N4 2
0.5291 0.4709 
N5 3
0.3385 0.2531 0.4084 
N6 2
0.395 0.605 
N7 2
0.4143 0.5857 
N8 2
0.392 0.608 
6 175.2224 0.0225
5 100.772 18.0253
0 193.4966 0.8278
7 107.5973 0.0277
8 123.4711 0.0145
2 107.3952 0.1144
9 125.4805 -0.0159
1 106.975 0.0083
3 127.1103 13.3182
4 119.6948 0.0017
###===
45 0 6 0 0 0 0
N7 1 1
N5 
0 
0.511 0.5134 
0.4874 0.5126 
N0 2
0.4153 0.5847 
N1 2
0.5 0.5 
N2 2
0.496 0.504 
N3 2
0.7456 0.2544 
N4 2
0.5291 0.4709 
N5 3
0.3385 0.2531 0.4084 
N6 2
0.395 0.605 
N7 2
0.4138 0.5862 
N8 2
0.3921 0.6079 
6 175.2215 0.0225
5 100.7722 18.0253
0 193.5025 0.8278
7 107.5973 0.0277
8 123.4734 0.0145
2 107.3952 0.1144
9 125.4808 -0.0159
1 106.9773 0.0083
3 127.1103 13.3182
4 119.6835 0.0017
###===
46 0 4 0 0 0 0
N0 0 1
N1 
1 
0.6579 0.6579 
0.6579 0.3421 
N0 2
0.4153 0.5847 
N1 2
0.5 0.5 
N2 2
0.496 0.504 
N3 2
0.7456 0.2544 
N4 2
0.5291 0.4709 
N5 3
0.3385 0.2531 0.4084 
N6 2
0.395 0.605 
N7 2
0.4138 0.5862 
N8 2
0.3921 0.6079 
6 175.2215 0.0225
5 100.7722 18.0253
0 193.5025 0.8278
7 107.5973 0.0277
8 123.4734 0.0145
2 107.3952 0.1144
9 125.4808 -0.0159
1 106.9773 0.0083
3 127.1103 13.3182
4 119.6835 0.0017
###===
47 0 8 0 0 0 0
N4 1 2
N2 N3 
0 1 
0.3823 0.4038 
0.6176 0.3824 
N0 2
0.4153 0.5847 
N1 2
0.5 0.5 
N2 2
0.496 0.504 
N3 2
0.7456 0.2544 
N4 2
0.5291 0.4709 
N5 3
0.3385 0.2531 0.4084 
N6 2
0.395 0.605 
N7 2
0.4138 0.5862 
N8 2
0.3921 0.6079 
6 175.2215 0.0225
5 100.7722 18.0253
0 193.4996 0.8278
7 107.599 0.0277
8 123.4733 0.0145
2 107.3952 0.1144
9 125.4809 -0.0159
1 106.9773 0.0083
3 127.1103 13.3182
4 119.6836 0.0017
###===
48 0 6 0 0 0 0
N8 1 1
N5 
2 
0.6132 0.6151 
0.3868 0.6132 
N0 2
0.4153 0.5847 
N1 2
0.5 0.5 
N2 2
0.496 0.504 
N3 2
0.7456 0.2544 
N4 2
0.5291 0.4709 
N5 3
0.3385 0.2531 0.4084 
N6 2
0.395 0.605 
N7 2
0.4138 0.5862 
N8 2
0.3921 0.6079 
6 175.2215 0.0046
5 100.7724 18.0253
0 193.4999 0.8278
7 107.599 0.0277
8 123.4727 0.0145
2 107.3952 0.1144
9 125.4808 -0.0159
1 106.9779 0.0083
3 127.1103 13.3182
4 119.6826 0.0017
###===
49 0 0 0 2 0 0
N2 1 2
N3 N4 
1 0 
0.438 0.562 
N2 1 2
N3 N4 
1 1 
0.8962 0.1038 
N0 2
0.4153 0.5847 
N1 2
0.5 0.5 
N2 2
0.4741 0.5259 
N3 2
0.7456 0.2544 
N4 2
0.5291 0.4709 
N5 3
0.3385 0.2531 0.4084 
N6 2
0.395 0.605 
N7 2
0.4138 0.5862 
N8 2
0.3921 0.6079 
6 175.2215 0.0046
5 100.7724 18.0253
0 192.1004 11.5228
7 110.7197 0.0277
8 123.4736 0.0145
2 105.2452 0.1144
9 125.5257 -0.0159
1 106.9779 0.0083
3 128.6066 13.3182
4 119.6826 0.0017
###===
50 0 1 0 0 0 0
N6 0 2
N5 N8 
1 1 
0.2808 0.7758 
0.5267 0.4733 
N0 2
0.4153 0.5847 
N1 2
0.5 0.5 
N2 2
0.4741 0.5259 
N3 2
0.7456 0.2544 
N4 2
0.5291 0.4709 
N5 3
0.3385 0.2531 0.4084 
N6 2
0.3902 0.6098 
N7 2
0.4138 0.5862 
N8 2
0.3921 0.6079 
6 175.2215 0.0046
5 100.7724 18.0253
0 192.1004 11.5228
7 110.7197 0.0277
8 123.3192 0.0145
2 105.2452 0.1144
9 125.5258 -0.0159
1 107.0185 0.0083
3 128.6066 13.3182
4 119.6826 0.0017
###===
51 0 6 0 0 0 0
N0 0 1
N1 
0 
0.1721 0.4916 
0.49 0.51 
N0 2
0.5739 0.4261 
N1 2
0.5 0.5 
N2 2
0.4741 0.5259 
N3 2
0.7456 0.2544 
N4 2
0.5291 0.4709 
N5 3
0.3385 0.2531 0.4084 
N6 2
0.3902 0.6098 
N7 2
0.4138 0.5862 
N8 2
0.3921 0.6079 
6 183.221 0.0046
5 101.661 18.0253
0 192.1004 11.5228
7 110.7206 0.0277
8 123.3192 0.0145
2 105.2452 0.1144
9 98.9886 -0.0159
1 107.8823 0.0083
3 128.6066 13.3182
4 119.6826 0.0017
###===
52 0 1 0 0 0 1
N6 0 2
N5 N8 
1 1 
0.2808 0.7758 
0.7733 0.2267 
N0 2
0.5739 0.4261 
N1 2
0.5 0.5 
N2 2
0.4741 0.5259 
N3 2
0.7456 0.2544 
N4 2
0.5291 0.4709 
N5 3
0.3385 0.2531 0.4084 
N6 2
0.4302 0.5698 
N7 2
0.4138 0.5862 
N8 2
0.3921 0.6079 
6 183.221 0.0046
5 101.661 18.0253
0 192.1004 11.5228
7 110.7206 0.0277
8 124.6171 0.0145
2 105.2452 0.1144
9 98.9886 -0.0159
1 110.2439 0.0083
3 128.6066 13.3182
4 119.6826 0.0017
47
6 164.1703 0.0225
5 101.661 18.0253
0 190.7206 0.8278
7 110.7206 0.0277
8 124.6163 0.0145
2 105.2452 0.1144
9 98.9886 -0.0159
1 107.8418 0.0083
3 128.6066 13.3182
4 119.6826 0.0017
N0 2
0.5739 0.4261 
N1 2
0.5 0.5 
N2 2
0.4741 0.5259 
N3 2
0.7456 0.2544 
N4 2
0.5291 0.4709 
N5 3
0.3385 0.2531 0.4084 
N6 2
0.4302 0.5698 
N7 2
0.4138 0.5862 
N8 2
0.3921 0.6079 
###===
53 0 9 0 2 0 0
N4 0 2
N2 N3 
0 0 
0.2574 0.7426 
N4 0 2
N2 N3 
0 1 
0.5316 0.4684 
N0 2
0.5739 0.4261 
N1 2
0.5 0.5 
N2 2
0.4741 0.5259 
N3 2
0.7456 0.2544 
N4 2
0.5311 0.4689 
N5 3
0.3385 0.2531 0.4084 
N6 2
0.4302 0.5698 
N7 2
0.4138 0.5862 
N8 2
0.3921 0.6079 
6 164.1703 0.0225
5 101.5769 18.0253
0 190.8406 0.8278
7 110.5922 0.0277
8 124.5775 0.0145
2 105.2452 0.1144
9 98.9859 1.3041
1 107.8418 0.0083
3 128.6066 13.3182
4 119.6804 0.0017
###===
54 0 9 0 2 0 0
N5 2 2
N7 N8 
0 0 
0.4857 0.2938 0.2205 
N5 2 2
N7 N8 
1 0 
0.3148 0.2141 0.4711 
N0 2
0.5739 0.4261 
N1 2
0.5 0.5 
N2 2
0.4741 0.5259 
N3 2
0.7456 0.2544 
N4 2
0.5311 0.4689 
N5 3
0.3359 0.2541 0.41 
N6 2
0.4302 0.5698 
N7 2
0.4138 0.5862 
N8 2
0.3921 0.6079 
6 164.1721 0.0225
5 101.5208 18.0253
0 190.8815 0.8278
7 110.5907 0.0277
8 124.5797 0.0145
2 105.2452 0.1144
9 98.9807 2.6408
1 107.8424 0.0083
3 128.6066 13.3182
4 119.6703 0.0017
###===
55 0 2 0 0 0 0
N1 1 1
N0 
1 
0.4012 0.4019 
0.5981 0.4019 
N0 2
0.5739 0.4261 
N1 2
0.4998 0.5002 
N2 2
0.4741 0.5259 
N3 2
0.7456 0.2544 
N4 2
0.5311 0.4689 
N5 3
0.3359 0.2541 0.41 
N6 2
0.4302 0.5698 
N7 2
0.4138 0.5862 
N8 2
0.3921 0.6079 
6 164.1593 0.0225
5 101.5211 18.0253
0 190.8815 0.8278
7 110.5907 0.0277
8 124.5797 0.0145
2 105.2452 0.0116
9 98.9696 2.6408
1 107.8426 0.0083
3 128.6068 13.3182
4 119.6703 0.0017
###===
56 0 6 0 1 0 0
N5 0 2
N6 N8 
1 0 
0.3599 0.2316 0.4085 
N0 2
0.5739 0.4261 
N1 2
0.4998 0.5002 
N2 2
0.4741 0.5259 
N3 2
0.7456 0.2544 
N4 2
0.5311 0.4689 
N5 3
0.3364 0.2529 0.4106 
N6 2
0.4302 0.5698 
N7 2
0.4137 0.5863 
N8 2
0.3921 0.6079 
6 164.1575 0.0225
5 101.5871 18.0253
0 190.9033 0.8278
7 110.5925 0.0277
8 124.5793 0.0145
2 105.2452 0.0116
9 98.9695 2.6408
1 107.8426 0.0083
3 128.6067 13.3182
4 119.6836 0.0017
###===
57 0 1 80.9785 0 0 0
N7 0 2
N5 N8 
0 0 
0.1978 0.6274 
0.6252 0.3748 
N0 2
0.5739 0.4261 
N1 2
0.4998 0.5002 
N2 2
0.4741 0.5259 
N3 2
0.7456 0.2544 
N4 2
0.5311 0.4689 
N5 3
0.3364 0.2529 0.4106 
N6 2
0.4302 0.5698 
N7 2
0.4529 0.5471 
N8 2
0.3921 0.6079 
6 164.1221 0.0225
5 101.5871 18.0253
0 190.9033 0.8278
7 110.5925 0.0277
8 124.7343 0.0145
2 105.2452 0.0116
9 98.9978 2.6408
1 192.084 0.8447
3 128.6067 13.3182
4 115.9467 0.0017
###===
58 0 7 0 0 0 0
N6 1 2
N5 N8 
0 1 
0.6525 0.6637 
0.3363 0.6637 
N0 2
0.5739 0.4261 
N1 2
0.4998 0.5002 
N2 2
0.4741 0.5259 
N3 2
0.7456 0.2544 
N4 2
0.5311 0.4689 
N5 3
0.3364 0.2529 0.4106 
N6 2
0.4295 0.5705 
N7 2
0.4529 0.5471 
N8 2
0.3921 0.6079 
6 164.1221 0.0225
5 101.5871 18.0253
0 190.9033 0.8278
7 110.5934 0.0033
8 124.8094 0.0145
2 105.2412 0.0116
9 98.9978 2.6408
1 192.084 0.8447
3 128.6067 13.3182
4 115.9467 0.0017
###===
59 0 3 46.1821 2 0 0
N3 1 2
N2 N4 
1 0 
0.7754 0.2246 
N3 1 2
N2 N4 
1 1 
0.8947 0.1053 
N0 2
0.5739 0.4261 
N1 2
0.4998 0.5002 
N2 2
0.4741 0.5259 
N3 2
0.7537 0.2463 
N4 2
0.5311 0.4689 
N5 3
0.3364 0.2529 0.4106 
N6 2
0.4295 0.5705 
N7 2
0.4529 0.5471 
N8 2
0.3921 0.6079 
6 166.7589 0.0225
5 100.6815 18.0253
0 190.9033 0.8278
7 109.3488 0.0033
8 124.8689 0.0145
2 106.3343 0.0116
9 98.9978 2.6408
1 192.084 0.8447
3 174.0695 163.3439
4 115.9857 0.0017
###===
60 0 6 0 0 0 0
N7 0 1
N5 
0 
0.6015 0.6068 
0.6025 0.3975 
N0 2
0.5739 0.4261 
N1 2
0.4998 0.5002 
N2 2
0.4741 0.5259 
N3 2
0.7537 0.2463 
N4 2
0.5311 0.4689 
N5 3
0.3364 0.2529 0.4106 
N6 2
0.4295 0.5705 
N7 2
0.4519 0.5481 
N8 2
0.3921 0.6079 
6 166.7588 0.0225
5 100.6815 18.0253
0 190.9181 0.8278
7 109.3489 0.0033
8 124.8637 0.0145
2 106.3343 0.0116
9 98.9975 2.6408
1 192.0136 0.8447
3 174.0695 163.3439
4 115.9866 0.0017
###===
61 0 4 0 0 0 0
N6 0 2
N5 N8 
2 1 
0.2612 0.7914 
0.7888 0.2112 
N0 2
0.5739 0.4261 
N1 2
0.4998 0.5002 
N2 2
0.4741 0.5259 
N3 2
0.7537 0.2463 
N4 2
0.5311 0.4689 
N5 3
0.3364 0.2529 0.4106 
N6 2
0.4878 0.5122 
N7 2
0.4519 0.5481 
N8 2
0.3921 0.6079 
6 166.7588 0.0225
5 100.6814 18.0253
0 190.9181 0.8278
7 109.3488 0.0033
8 126.7571 0.0145
2 106.3343 0.0116
9 98.997 2.6408
1 192.0135 0.8447
3 174.0695 163.3439
4 120.2836 0.0017
###===
62 0 7 0 3 0 0
N3 1 2
N2 N4 
0 0 
0.3537 0.6463 
N3 1 2
N2 N4 
0 1 
0.7176 0.2824 
N3 1 2
N2 N4 
1 1 
0.7548 0.2452 
N0 2
0.5739 0.4261 
N1 2
0.4998 0.5002 
N2 2
0.4741 0.5259 
N3 2
0.6857 0.3143 
N4 2
0.5311 0.4689 
N5 3
0.3364 0.2529 0.4106 
N6 2
0.4878 0.5122 
N7 2
0.4519 0.5481 
N8 2
0.3921 0.6079 
6 168.9361 0.0225
5 100.4736 18.0253
0 191.7529 0.8278
7 106.1473 43.1627
8 125.5991 0.0145
2 103.3471 0.0116
9 98.9618 2.6408
1 192.0135 0.8447
3 174.0695 163.3439
4 120.3083 0.0017
###===
63 0 8 0 0 0 0
N8 0 2
N5 N7 
2 0 
0.1104 0.6205 
0.1129 0.8871 
N0 2
0.5739 0.4261 
N1 2
0.4998 0.5002 
N2 2
0.4741 0.5259 
N3 2
0.6857 0.3143 
N4 2
0.5311 0.4689 
N5 3
0.3364 0.2529 0.4106 
N6 2
0.4937 0.5063 
N7 2
0.4519 0.5481 
N8 2
0.381 0.619 
6 168.9565 0.0225
5 100.4023 18.0253
0 191.7529 0.8278
7 106.1473 43.1627
8 126.4833 0.0145
2 103.3471 0.0116
9 98.9551 2.6408
1 191.8094 0.8447
3 174.0695 163.3439
4 122.3416 0.0017
###===
64 0 3 0 0 0 0
N6 0 2
N5 N8 
1 0 
0.0815 0.7592 
0.0849 0.9151 
N0 2
0.5739 0.4261 
N1 2
0.4998 0.5002 
N2 2
0.4741 0.5259 
N3 2
0.6857 0.3143 
N4 2
0.5311 0.4689 
N5 3
0.3364 0.2529 0.4106 
N6 2
0.4785 0.5215 
N7 2
0.4519 0.5481 
N8 2
0.381 0.619 
6 168.9519 0.0225
5 100.4023 18.0253
0 191.753 0.8278
7 106.1473 43.1627
8 126.4833 0.0145
2 103.3471 0.0116
9 98.9551 2.6408
1 194.1982 0.8447
3 175.2872 5.8715
4 122.3416 0.0017
###===
65 0 7 0 1 0 0
N6 0 2
N5 N8 
0 1 
0.3401 0.6599 
N0 2
0.5739 0.4261 
N1 2
0.4998 0.5002 
N2 2
0.4741 0.5259 
N3 2
0.6857 0.3143 
N4 2
0.5311 0.4689 
N5 3
0.3364 0.2529 0.4106 
N6 2
0.4792 0.5208 
N7 2
0.4519 0.5481 
N8 2
0.381 0.619 
6 168.9519 0.0225
5 100.4023 18.0253
0 191.753 0.8278
7 106.1464 43.1871
8 126.4082 0.0145
2 103.351 0.0116
9 98.9551 2.6408
1 194.1982 0.8447
3 175.2872 5.8715
4 122.3416 0.0017
###===
66 0 6 0 0 0 0
N2 1 1
N4 
0 
0.3496 0.8461 
0.1564 0.8436 
N0 2
0.5739 0.4261 
N1 2
0.4998 0.5002 
N2 2
0.3948 0.6052 
N3 2
0.7191 0.2809 
N4 2
0.5311 0.4689 
N5 3
0.3364 0.2529 0.4106 
N6 2
0.4792 0.5208 
N7 2
0.4519 0.5481 
N8 2
0.381 0.619 
6 180.1818 0.0225
5 99.0952 18.0253
0 187.2162 0.8278
7 110.5227 43.1871
8 127.618 0.0145
2 103.9227 0.0116
9 98.9411 2.6408
1 194.1981 0.8447
3 175.9689 5.8715
4 122.393 0.0017
###===
67 0 7 0 0 0 0
N0 1 1
N1 
1 
0.2538 0.5125 
0.7449 0.2551 
N0 2
0.6176 0.3824 
N1 2
0.4998 0.5002 
N2 2
0.3948 0.6052 
N3 2
0.7191 0.2809 
N4 2
0.5311 0.4689 
N5 3
0.3364 0.2529 0.4106 
N6 2
0.4792 0.5208 
N7 2
0.4519 0.5481 
N8 2
0.381 0.619 
6 184.2986 0.0225
5 99.0952 18.0253
0 187.2163 0.8278
7 111.8034 0.754
8 127.6181 0.0145
2 103.916 0.0116
9 98.9411 2.6408
1 194.1982 0.8447
3 175.9689 5.8715
4 122.393 0.0017
###===
68 0 8 0 0 0 0
N0 1 1
N1 
1 
0.2551 0.2552 
0.7449 0.2551 
N0 2
0.6176 0.3824 
N1 2
0.4998 0.5002 
N2 2
0.3948 0.6052 
N3 2
0.7191 0.2809 
N4 2
0.5311 0.4689 
N5 3
0.3364 0.2529 0.4106 
N6 2
0.4792 0.5208 
N7 2
0.4519 0.5481 
N8 2
0.381 0.619 
6 184.2986 0.0225
5 99.0952 18.0253
0 187.2162 0.8278
7 111.8034 0.754
8 127.618 0.0145
2 103.916 0.0116
9 98.9411 2.6408
1 194.1982 0.8447
3 175.9689 5.8715
4 122.393 0.0017
###===
69 0 0 0 2 0 0
N3 0 2
N2 N4 
0 0 
0.5028 0.4972 
N3 0 2
N2 N4 
0 1 
0.5933 0.4067 
N0 2
0.6176 0.3824 
N1 2
0.4998 0.5002 
N2 2
0.3948 0.6052 
N3 2
0.6928 0.3072 
N4 2
0.5311 0.4689 
N5 3
0.3364 0.2529 0.4106 
N6 2
0.4792 0.5208 
N7 2
0.4519 0.5481 
N8 2
0.381 0.619 
6 184.2986 0.0225
5 97.432 18.0253
0 185.1722 53.4117
7 111.8034 0.754
8 126.1815 0.0145
2 103.916 0.0116
9 98.9209 2.6408
1 194.1982 0.8447
3 175.9689 5.8715
4 122.4738 0.0017
###===
70 0 0 0 0 0 0
N5 2 1
N7 
0 
0.1507 0.7273 
0.4856 0.3608 0.1536 
N0 2
0.6176 0.3824 
N1 2
0.4998 0.5002 
N2 2
0.3948 0.6052 
N3 2
0.6928 0.3072 
N4 2
0.5311 0.4689 
N5 3
0.3532 0.2654 0.3814 
N6 2
0.471 0.529 
N7 2
0.4519 0.5481 
N8 2
0.3874 0.6126 
6 184.2669 0.0225
5 97.0456 18.0253
0 188.917 2.7359
7 111.8138 0.754
8 125.2988 0.0145
2 103.916 0.0116
9 98.9247 2.6408
1 194.996 0.8447
3 176.0012 5.8715
4 121.2031 0.0017
###===
71 0 1 0 0 0 0
N7 1 1
N8 
0 
0.6492 0.8021 
0.3501 0.6499 
N0 2
0.6176 0.3824 
N1 2
0.4998 0.5002 
N2 2
0.3948 0.6052 
N3 2
0.6928 0.3072 
N4 2
0.5311 0.4689 
N5 3
0.3538 0.2654 0.3808 
N6 2
0.471 0.529 
N7 2
0.4531 0.5469 
N8 2
0.3874 0.6126 
6 184.2655 0.0225
5 97.0463 18.0253
0 188.8825 2.7359
7 111.8138 0.754
8 125.294 0.0145
2 103.916 0.0116
9 98.9256 2.6408
1 195.0892 0.1593
3 176.001 5.8715
4 121.0842 0.0017
###===
72 0 8 0 0 0 0
N1 0 1
N0 
0 
0.3967 0.3968 
0.3967 0.6033 
N0 2
0.6176 0.3824 
N1 2
0.4998 0.5002 
N2 2
0.3948 0.6052 
N3 2
0.6928 0.3072 
N4 2
0.5311 0.4689 
N5 3
0.3538 0.2654 0.3808 
N6 2
0.471 0.529 
N7 2
0.4531 0.5469 
N8 2
0.3874 0.6126 
6 184.2662 0.0225
5 97.0462 18.0253
0 188.8825 2.7359
7 111.814 0.754
8 125.294 0.0103
2 103.916 0.0116
9 98.9264 2.6408
1 195.0892 0.1593
3 176.001 5.8715
4 121.0842 0.0017
###===
73 0 1 0 3 0 0
N7 1 2
N5 N8 
0 0 
0.3621 0.6379 
N7 1 2
N5 N8 
1 0 
0.3382 0.6618 
N7 1 2
N5 N8 
2 0 
0.0538 0.9462 
N0 2
0.6176 0.3824 
N1 2
0.4998 0.5002 
N2 2
0.3948 0.6052 
N3 2
0.6928 0.3072 
N4 2
0.5311 0.4689 
N5 3
0.3538 0.2654 0.3808 
N6 2
0.471 0.529 
N7 2
0.4108 0.5892 
N8 2
0.3874 0.6126 
6 184.3805 0.0225
5 97.0462 18.0253
0 188.4191 2.7359
7 111.814 0.754
8 125.1386 0.0103
2 103.916 0.0116
9 98.8959 2.6408
1 191.5858 80.4079
3 176.0011 5.8715
4 125.118 0.0017
###===
74 0 9 90.9674 0 0 0
N5 1 2
N7 N8 
1 1 
0.0719 0.5497 
0.1431 0.5473 0.3096 
N0 2
0.6176 0.3824 
N1 2
0.4998 0.5002 
N2 2
0.3948 0.6052 
N3 2
0.6928 0.3072 
N4 2
0.5311 0.4689 
N5 3
0.3156 0.3863 0.2982 
N6 2
0.4862 0.5138 
N7 2
0.4108 0.5892 
N8 2
0.3874 0.6126 
6 184.3216 0.0225
5 92.8718 18.0253
0 169.0383 2.7359
7 111.9864 0.754
8 127.4421 0.0103
2 103.9161 0.0116
9 209.5972 0.7622
1 191.5858 80.4079
3 176.0011 5.8715
4 123.6995 0.0017
###===
75 0 5 0 0 0 0
N7 1 2
N5 N8 
0 0 
0.3769 0.7861 
0.621 0.379 
N0 2
0.6176 0.3824 
N1 2
0.4998 0.5002 
N2 2
0.3948 0.6052 
N3 2
0.6928 0.3072 
N4 2
0.5311 0.4689 
N5 3
0.3156 0.3863 0.2982 
N6 2
0.4862 0.5138 
N7 2
0.4493 0.5507 
N8 2
0.3874 0.6126 
6 184.2167 0.0225
5 95.8302 0.7994
0 169.4803 2.7359
7 111.9864 0.754
8 127.5942 0.0103
2 103.9161 0.0116
9 209.6249 0.7622
1 191.5858 80.4079
3 176.001 5.8715
4 120.0316 0.0017
###===
76 0 0 0 0 0 0
N7 1 1
N5 
1 
0.396 0.864 
0.1384 0.8616 
N0 2
0.6176 0.3824 
N1 2
0.4998 0.5002 
N2 2
0.3948 0.6052 
N3 2
0.6928 0.3072 
N4 2
0.5311 0.4689 
N5 3
0.3156 0.3863 0.2982 
N6 2
0.48 0.52 
N7 2
0.3397 0.6603 
N8 2
0.3965 0.6035 
6 183.9355 0.0225
5 95.6631 0.7994
0 171.0781 2.5074
7 111.9588 0.754
8 127.3658 0.0103
2 103.9161 0.0116
9 225.3965 0.7622
1 191.9923 80.4079
3 176.123 5.8715
4 117.2805 0.0017
###===
77 0 9 0 0 0 0
N2 1 2
N3 N4 
1 1 
0.2318 0.2373 
0.7681 0.2319 
N0 2
0.6176 0.3824 
N1 2
0.4998 0.5002 
N2 2
0.395 0.605 
N3 2
0.6928 0.3072 
N4 2
0.5311 0.4689 
N5 3
0.3156 0.3863 0.2982 
N6 2
0.48 0.52 
N7 2
0.3397 0.6603 
N8 2
0.3965 0.6035 
6 183.9355 0.0225
5 95.6631 0.7994
0 171.0722 2.5074
7 111.9616 0.754
8 127.3659 0.0103
2 103.9374 0.0116
9 225.3966 0.0405
1 191.9924 80.4079
3 176.1248 5.8715
4 117.2805 0.0017
###===
78 0 4 0 4 0 0
N3 0 2
N2 N4 
0 0 
0.5001 0.4999 
N3 0 2
N2 N4 
1 0 
0.7736 0.2264 
N3 0 2
N2 N4 
0 1 
0.5956 0.4044 
N3 0 2
N2 N4 
1 1 
0.7579 0.2421 
N0 2
0.6176 0.3824 
N1 2
0.4998 0.5002 
N2 2
0.395 0.605 
N3 2
0.6929 0.3071 
N4 2
0.5311 0.4689 
N5 3
0.3156 0.3863 0.2982 
N6 2
0.48 0.52 
N7 2
0.3397 0.6603 
N8 2
0.3965 0.6035 
6 183.8134 0.0225
5 95.7394 0.7994
0 171.0722 2.5074
7 111.9616 0.754
8 127.3906 0.0103
2 103.8677 0.0116
9 225.3971 0.0405
1 191.9923 80.4079
3 176.1248 5.8715
4 117.2787 0.7722
###===
79 0 5 97.9247 0 0 0
N3 0 1
N4 
1 
0.2024 0.8653 
0.2058 0.7942 
N0 2
0.6176 0.3824 
N1 2
0.4998 0.5002 
N2 2
0.4281 0.5719 
N3 2
0.4846 0.5154 
N4 2
0.5311 0.4689 
N5 3
0.3156 0.3863 0.2982 
N6 2
0.48 0.52 
N7 2
0.3397 0.6603 
N8 2
0.3965 0.6035 
6 191.8594 0.0225
5 215.3264 2.3752
0 170.1651 2.5074
7 112.3804 0.754
8 120.6561 0.0103
2 96.0725 0.0116
9 225.2968 0.0405
1 191.9924 80.4079
3 176.4046 5.8715
4 117.2873 0.7722
###===
80 0 6 0 2 0 0
N0 1 1
N1 
0 
0.6091 0.3909 
N0 1 1
N1 
1 
0.6029 0.3971 
N0 2
0.606 0.394 
N1 2
0.4998 0.5002 
N2 2
0.4281 0.5719 
N3 2
0.4846 0.5154 
N4 2
0.5311 0.4689 
N5 3
0.3156 0.3863 0.2982 
N6 2
0.48 0.52 
N7 2
0.3397 0.6603 
N8 2
0.3965 0.6035 
6 186.5498 31.9298
5 215.6595 2.3752
0 170.1651 2.5074
7 108.091 0.754
8 120.6556 0.0103
2 96.0895 0.0116
9 215.3495 0.0405
1 192.3162 80.4079
3 176.4046 5.8715
4 117.2873 0.7722
###===
81 0 2 0 0 0 0
N7 1 1
N5 
0 
0.3127 0.3128 
0.6872 0.3128 
N0 2
0.606 0.394 
N1 2
0.4998 0.5002 
N2 2
0.4281 0.5719 
N3 2
0.4846 0.5154 
N4 2
0.5311 0.4689 
N5 3
0.3156 0.3863 0.2982 
N6 2
0.48 0.52 
N7 2
0.3397 0.6603 
N8 2
0.3965 0.6035 
6 186.5498 31.9298
5 215.6571 2.3752
0 170.1651 2.5074
7 108.091 0.754
8 120.6557 0.0103
2 96.0895 -0.0094
9 215.3482 0.0405
1 192.3163 80.4079
3 176.4046 5.8715
4 117.2873 0.7722
###===
82 0 9 0 0 0 0
N5 1 2
N7 N8 
1 1 
0.0849 0.6433 
0.1137 0.6405 0.2458 
N0 2
0.606 0.394 
N1 2
0.4998 0.5002 
N2 2
0.4281 0.5719 
N3 2
0.4846 0.5154 
N4 2
0.5311 0.4689 
N5 3
0.3159 0.3853 0.2988 
N6 2
0.4798 0.5202 
N7 2
0.3397 0.6603 
N8 2
0.3965 0.6035 
6 186.5503 31.9298
5 215.6917 2.3752
0 170.2668 2.5074
7 108.0896 0.754
8 120.6358 0.0103
2 96.0895 -0.0094
9 215.0577 1.0926
1 192.3163 80.4079
3 176.4046 5.8715
4 117.2988 0.7722
###===
83 0 8 83.5422 0 0 0
N0 1 1
N1 
1 
0.2225 0.6622 
0.34 0.66 
N0 2
0.4745 0.5255 
N1 2
0.4998 0.5002 
N2 2
0.4281 0.5719 
N3 2
0.4846 0.5154 
N4 2
0.5311 0.4689 
N5 3
0.3159 0.3853 0.2988 
N6 2
0.4798 0.5202 
N7 2
0.3397 0.6603 
N8 2
0.3965 0.6035 
6 186.5503 31.9298
5 215.6917 2.3752
0 170.2668 2.5074
7 100.1461 0.754
8 214.3221 0.9165
2 96.1096 -0.0094
9 215.0577 1.0926
1 192.3163 80.4079
3 176.4046 5.8715
4 117.2988 0.7722
###===
84 0 2 0 0 0 0
N0 1 1
N1 
1 
0.6589 0.6602 
0.3411 0.6589 
N0 2
0.4751 0.5249 
N1 2
0.4998 0.5002 
N2 2
0.4281 0.5719 
N3 2
0.4846 0.5154 
N4 2
0.5311 0.4689 
N5 3
0.3159 0.3853 0.2988 
N6 2
0.4798 0.5202 
N7 2
0.3397 0.6603 
N8 2
0.3965 0.6035 
6 186.5503 31.9298
5 215.6917 2.3752
0 170.2668 2.5074
7 100.1793 0.754
8 214.2363 0.9165
2 96.1097 -0.0094
9 215.0577 1.0926
1 192.3163 80.4079
3 176.4046 5.8715
4 117.2988 0.7722
###===
85 0 1 0 0 0 0
N1 0 1
N0 
1 
0.2132 0.644 
0.6418 0.3582 
N0 2
0.4751 0.5249 
N1 2
0.6414 0.3586 
N2 2
0.4281 0.5719 
N3 2
0.4846 0.5154 
N4 2
0.5311 0.4689 
N5 3
0.3159 0.3853 0.2988 
N6 2
0.4798 0.5202 
N7 2
0.3397 0.6603 
N8 2
0.3965 0.6035 
6 182.0307 31.9298
5 215.4885 2.3752
0 170.2668 2.5074
7 106.1857 0.754
8 203.8611 0.9165
2 96.1076 -0.0094
9 223.6724 1.0926
1 203.3771 0.8744
3 176.284 5.8715
4 117.2988 0.7722
###===
86 0 2 0 0 0 0
N4 0 2
N2 N3 
1 1 
0.5405 0.5404 
0.5404 0.4596 
N0 2
0.4751 0.5249 
N1 2
0.6414 0.3586 
N2 2
0.4281 0.5719 
N3 2
0.4846 0.5154 
N4 2
0.531 0.469 
N5 3
0.3159 0.3853 0.2988 
N6 2
0.4798 0.5202 
N7 2
0.3397 0.6603 
N8 2
0.3965 0.6035 
6 182.0305 31.9298
5 215.4897 2.3752
0 170.2668 2.5074
7 106.1859 0.754
8 203.861 0.9165
2 96.1076 -0.024
9 223.6724 1.0926
1 203.377 0.8744
3 176.2839 5.8715
4 117.2988 0.7722
###===
87 0 0 33.0923 4 0 0
N5 2 2
N7 N8 
0 0 
0.6258 0.2133 0.1609 
N5 2 2
N7 N8 
1 0 
0.2677 0.2924 0.4399 
N5 2 2
N7 N8 
0 1 
0.2805 0.2966 0.4229 
N5 2 2
N7 N8 
1 1 
0.089 0.7811 0.1299 
N0 2
0.4751 0.5249 
N1 2
0.6414 0.3586 
N2 2
0.4281 0.5719 
N3 2
0.4846 0.5154 
N4 2
0.531 0.469 
N5 3
0.2433 0.4676 0.2891 
N6 2
0.509 0.491 
N7 2
0.3397 0.6603 
N8 2
0.3965 0.6035 
6 182.1454 31.9298
5 209.0083 2.3752
0 193.0014 101.2022
7 106.2886 0.754
8 207.4898 0.9165
2 96.1101 -0.024
9 238.957 1.0926
1 203.4957 0.8744
3 176.3492 5.8715
4 116.0017 0.7722
###===
88 0 2 0 0 0 0
N8 1 1
N7 
0 
0.6745 0.6784 
0.3255 0.6745 
N0 2
0.4751 0.5249 
N1 2
0.6414 0.3586 
N2 2
0.4281 0.5719 
N3 2
0.4846 0.5154 
N4 2
0.531 0.469 
N5 3
0.2433 0.4676 0.2891 
N6 2
0.509 0.491 
N7 2
0.3397 0.6603 
N8 2
0.3964 0.6036 
6 182.1455 31.9298
5 209.0058 2.3752
0 192.9987 101.2022
7 106.2886 0.754
8 207.4914 0.9165
2 96.1101 0.0069
9 238.9569 1.0926
1 203.4944 0.8744
3 176.3491 5.8715
4 116.01 0.7722
###===
89 0 1 0 2 0 0
N0 1 1
N1 
0 
0.6001 0.3999 
N0 1 1
N1 
1 
0.3411 0.6589 
N0 2
0.5072 0.4928 
N1 2
0.6414 0.3586 
N2 2
0.4281 0.5719 
N3 2
0.4846 0.5154 
N4 2
0.531 0.469 
N5 3
0.2433 0.4676 0.2891 
N6 2
0.509 0.491 
N7 2
0.3397 0.6603 
N8 2
0.3964 0.6036 
6 182.1455 31.9298
5 209.4564 2.3752
0 192.9987 101.2022
7 103.3729 0.754
8 215.0198 0.9165
2 96.0916 0.0069
9 225.5007 1.0926
1 198.5451 33.845
3 176.3491 5.8715
4 116.01 0.7722
###===
90 0 8 0 5 1 0
N5 1 2
N7 N8 
0 0 
0.536 0.1852 0.2787 
N5 1 2
N7 N8 
1 0 
0.2704 0.2913 0.4383 
N5 1 2
N7 N8 
0 1 
0.2935 0.3147 0.3918 
N5 1 2
N7 N8 
1 1 
0.0901 0.7801 0.1298 
N5 1 2
N6 N8 
0 1 
0.1814 0.59 0.2286 
N0 2
0.5072 0.4928 
N1 2
0.6414 0.3586 
N2 2
0.4281 0.5719 
N3 2
0.4846 0.5154 
N4 2
0.531 0.469 
N5 3
0.2803 0.4371 0.2825 
N6 2
0.508 0.492 
N7 2
0.3543 0.6457 
N8 2
0.3964 0.6036 
6 182.1927 31.9298
5 209.9321 2.3752
0 191.9352 101.2022
7 103.3398 0.754
8 211.729 83.4761
2 96.2427 0.0069
9 219.5638 1.0926
1 198.4182 33.845
3 176.3033 5.8715
4 116.4207 0.7722
N5
1
N0 2
0.5072 0.4928 
N1 2
0.6414 0.3586 
N2 2
0.4281 0.5719 
N3 2
0.4846 0.5154 
N4 2
0.531 0.469 
N6 2
0.5939 0.4061 
N7 2
0.1978 0.8022 
N8 2
0.2373 0.7627 
6 181.6322 31.9298
5 187.505 19.6011
0 194.6601 101.2022
7 103.7381 0.754
8 214.5817 83.4762
2 96.0914 1.7508
9 296.3603 92.891
1 198.6452 34.4068
3 178.0947 5.8715
4 114.1293 0.7722
###===
91 0 3 0 0 0 0
N7 0 1
N8 
1 
0.0638 0.7415 
0.0672 0.9328 
N0 2
0.5072 0.4928 
N1 2
0.6414 0.3586 
N2 2
0.4281 0.5719 
N3 2
0.4846 0.5154 
N4 2
0.531 0.469 
N6 2
0.5939 0.4061 
N7 2
0.0981 0.9019 
N8 2
0.2373 0.7627 
6 181.3004 31.9298
5 187.505 19.6011
0 201.9086 101.2022
7 103.7381 0.754
8 213.7138 83.4762
2 96.0883 1.7508
9 316.1527 92.891
1 198.6452 34.4068
3 185.6075 5.8714
4 108.4202 0.7722
###===
92 0 5 79.4257 0 0 0
N6 1 1
N8 
1 
0.1098 0.6666 
0.8875 0.1125 
N0 2
0.5072 0.4928 
N1 2
0.6414 0.3586 
N2 2
0.4281 0.5719 
N3 2
0.4846 0.5154 
N4 2
0.531 0.469 
N6 2
0.697 0.303 
N7 2
0.0981 0.9019 
N8 2
0.2373 0.7627 
6 181.3004 31.9298
5 273.2969 3.5565
0 201.9087 101.2022
7 103.7381 0.754
8 215.3365 83.4762
2 96.0883 1.7508
9 316.1528 92.891
1 198.6452 34.4068
3 185.6075 5.8714
4 108.4202 0.7722
###===
93 0 3 0 0 0 0
N8 1 1
N6 
0 
0.9221 0.9722 
0.028 0.972 
N0 2
0.5072 0.4928 
N1 2
0.6414 0.3586 
N2 2
0.4281 0.5719 
N3 2
0.4846 0.5154 
N4 2
0.531 0.469 
N6 2
0.697 0.303 
N7 2
0.098 0.902 
N8 2
0.2367 0.7633 
6 181.2994 31.9298
5 273.3237 3.5565
0 201.88 101.2022
7 103.74 0.754
8 215.3495 83.4762
2 96.0883 1.7508
9 316.2703 92.891
1 198.7077 34.4068
3 185.7152 1.2547
4 108.4363 0.7722
###===
94 0 0 0 0 0 0
N7 0 1
N8 
0 
0.0676 0.8357 
0.0714 0.9286 
N0 2
0.5072 0.4928 
N1 2
0.6414 0.3586 
N2 2
0.4281 0.5719 
N3 2
0.4846 0.5154 
N4 2
0.531 0.469 
N6 2
0.697 0.303 
N7 2
0.0682 0.9318 
N8 2
0.2367 0.7633 
6 181.2994 31.9298
5 273.3236 3.5565
0 206.2371 7.9787
7 103.74 0.754
8 215.9414 83.4762
2 96.0902 1.7508
9 316.2487 92.891
1 198.7077 34.4068
3 185.7151 1.2547
4 111.6879 0.7722
###===
95 0 2 0 0 0 0
N8 0 0
0.2339 0.2463 
0.2462 0.7538 
N0 2
0.5072 0.4928 
N1 2
0.6414 0.3586 
N2 2
0.4281 0.5719 
N3 2
0.4846 0.5154 
N4 2
0.531 0.469 
N6 2
0.6894 0.3106 
N7 2
0.0682 0.9318 
N8 2
0.2462 0.7538 
6 181.3108 31.9298
5 273.07 3.5565
0 206.8407 7.9787
7 103.7113 0.754
8 215.7865 83.4762
2 96.1258 0.0105
9 314.4916 92.891
1 199.1355 34.4068
3 185.7485 1.2547
4 111.5776 0.7722
###===
96 0 4 0 0 0 0
N7 0 1
N8 
0 
0.071 0.5661 
0.0735 0.9265 
N0 2
0.5072 0.4928 
N1 2
0.6414 0.3586 
N2 2
0.4281 0.5719 
N3 2
0.4846 0.5154 
N4 2
0.531 0.469 
N6 2
0.6894 0.3106 
N7 2
0.0688 0.9312 
N8 2
0.2462 0.7538 
6 181.3108 31.9298
5 273.07 3.5565
0 206.7157 7.9787
7 103.7113 0.754
8 215.7762 83.4762
2 96.1258 0.0105
9 314.492 92.891
1 199.1355 34.4068
3 185.7485 1.2547
4 111.5224 4.9543
###===
97 0 0 0 0 0 0
N3 1 2
N2 N4 
1 0 
0.1771 0.3947 
0.6064 0.3936 
N0 2
0.5072 0.4928 
N1 2
0.6414 0.3586 
N2 2
0.4281 0.5719 
N3 2
0.4097 0.5903 
N4 2
0.531 0.469 
N6 2
0.6894 0.3106 
N7 2
0.0688 0.9312 
N8 2
0.2462 0.7538 
6 173.1789 31.9298
5 275.9988 3.5565
0 211.24 0.2695
7 103.7113 0.754
8 214.4606 83.4762
2 85.9555 0.0105
9 314.492 92.891
1 199.1355 34.4068
3 185.7485 1.2547
4 111.5224 4.9543
###===
98 0 1 90.8972 1 0 0
N6 1 1
N8 
0 
0.2101 0.7899 
N0 2
0.5072 0.4928 
N1 2
0.6414 0.3586 
N2 2
0.4281 0.5719 
N3 2
0.4097 0.5903 
N4 2
0.531 0.469 
N6 2
0.7208 0.2792 
N7 2
0.0688 0.9312 
N8 2
0.2462 0.7538 
6 173.1884 31.9298
5 275.9988 3.5565
0 211.24 0.2695
7 103.7113 0.754
8 214.4606 83.4762
2 85.9555 0.0105
9 314.492 92.891
1 287.8894 223.8857
3 179.734 1.2547
4 111.5224 4.9543
###===
99 0 9 0 0 0 0
N4 1 1
N2 
1 
0.1138 0.5909 
0.8838 0.1162 
N0 2
0.5072 0.4928 
N1 2
0.6414 0.3586 
N2 2
0.4281 0.5719 
N3 2
0.4271 0.5729 
N4 2
0.5885 0.4115 
N6 2
0.7208 0.2792 
N7 2
0.0688 0.9312 
N8 2
0.2462 0.7538 
6 180.3167 31.9298
5 272.2748 3.5565
0 211.8205 0.2695
7 102.3538 0.754
8 214.8909 83.4762
2 88.3143 0.0105
9 317.3526 2.9797
1 287.8894 223.8857
3 180.7145 1.2547
4 111.4802 4.9543
###===
100 0 6 0 3 0 0
N2 0 2
N3 N4 
0 0 
0.4058 0.5942 
N2 0 2
N3 N4 
1 0 
0.3314 0.6686 
N2 0 2
N3 N4 
0 1 
0.5946 0.4054 
N0 2
0.5072 0.4928 
N1 2
0.6414 0.3586 
N2 2
0.5541 0.4459 
N3 2
0.4271 0.5729 
N4 2
0.5885 0.4115 
N6 2
0.7208 0.2792 
N7 2
0.0688 0.9312 
N8 2
0.2462 0.7538 
6 167.4812 98.4694
5 272.2748 3.5565
0 219.5972 0.2695
7 94.5927 0.754
8 212.5772 83.4762
2 88.7448 0.0105
9 313.9426 2.9797
1 287.8894 223.8857
3 179.4288 1.2547
4 111.4193 4.9543
###===
101 0 3 0 0 0 0
N7 0 1
N8 
1 
0.0638 0.7415 
0.7381 0.2619 
N0 2
0.5072 0.4928 
N1 2
0.6414 0.3586 
N2 2
0.5541 0.4459 
N3 2
0.4271 0.5729 
N4 2
0.5885 0.4115 
N6 2
0.7208 0.2792 
N7 2
0.5745 0.4255 
N8 2
0.2462 0.7538 
6 169.1638 98.4694
5 272.2748 3.5565
0 182.8386 0.2695
7 94.5927 0.754
8 216.9786 83.4762
2 88.7604 0.0105
9 213.5716 2.9797
1 287.8894 223.8857
3 245.7609 1.2547
4 140.3711 4.9543
###===
102 0 8 0 0 0 0
N7 1 1
N8 
1 
0.1277 0.6613 
0.3414 0.6586 
N0 2
0.5072 0.4928 
N1 2
0.6414 0.3586 
N2 2
0.5541 0.4459 
N3 2
0.4271 0.5729 
N4 2
0.5885 0.4115 
N6 2
0.7208 0.2792 
N7 2
0.2754 0.7246 
N8 2
0.2462 0.7538 
6 168.1689 98.4694
5 272.2748 3.5565
0 204.5738 0.2695
7 94.5926 0.754
8 251.7973 1.1387
2 88.7512 0.0105
9 272.9205 2.9797
1 287.8894 223.8857
3 140.7031 1.2547
4 123.252 4.9543
###===
103 0 4 0 4 0 0
N4 0 2
N2 N3 
0 0 
0.7522 0.2478 
N4 0 2
N2 N3 
1 0 
0.8664 0.1336 
N4 0 2
N2 N3 
0 1 
0.2195 0.7805 
N4 0 2
N2 N3 
1 1 
0.7775 0.2225 
N0 2
0.5072 0.4928 
N1 2
0.6414 0.3586 
N2 2
0.5541 0.4459 
N3 2
0.4271 0.5729 
N4 2
0.5898 0.4102 
N6 2
0.7208 0.2792 
N7 2
0.2754 0.7246 
N8 2
0.2462 0.7538 
6 168.2213 98.4694
5 272.2276 3.5565
0 204.6582 0.2695
7 94.4974 0.754
8 251.7886 1.1387
2 88.7512 0.0105
9 272.9552 2.9797
1 287.8894 223.8857
3 140.7086 1.2547
4 123.2512 5.3059
###===
104 0 2 0 0 0 0
N7 0 1
N8 
0 
0.0698 0.1203 
0.1201 0.8799 
N0 2
0.5072 0.4928 
N1 2
0.6414 0.3586 
N2 2
0.5541 0.4459 
N3 2
0.4271 0.5729 
N4 2
0.5898 0.4102 
N6 2
0.7208 0.2792 
N7 2
0.2869 0.7131 
N8 2
0.2462 0.7538 
6 168.2213 98.4694
5 272.2276 3.5565
0 201.8827 0.2695
7 94.4974 0.754
8 251.561 1.1387
2 89.2323 0.0105
9 272.9635 2.9797
1 287.8894 223.8857
3 140.7086 1.2547
4 122.0524 5.3059
###===
105 0 1 5.5798 0 0 0
N1 0 1
N0 
0 
0.0853 0.9508 
0.9465 0.0535 
N0 2
0.5072 0.4928 
N1 2
0.7366 0.2634 
N2 2
0.5541 0.4459 
N3 2
0.4271 0.5729 
N4 2
0.5898 0.4102 
N6 2
0.7208 0.2792 
N7 2
0.2869 0.7131 
N8 2
0.2462 0.7538 
6 165.1815 98.4694
5 272.6243 3.5565
0 201.8827 0.2695
7 92.7876 0.754
8 259.4277 1.1387
2 89.1879 0.0105
9 262.8301 2.9797
1 311.0523 12.2098
3 140.6275 1.2547
4 122.0524 5.3059
###===
106 0 1 0 0 0 0
N2 0 2
N3 N4 
0 0 
0.3733 0.4544 
0.3886 0.6114 
N0 2
0.5072 0.4928 
N1 2
0.7366 0.2634 
N2 2
0.548 0.452 
N3 2
0.4271 0.5729 
N4 2
0.5898 0.4102 
N6 2
0.7208 0.2792 
N7 2
0.2869 0.7131 
N8 2
0.2462 0.7538 
6 165.1815 98.4694
5 272.6243 3.5565
0 201.3552 0.2695
7 93.1267 0.754
8 259.5641 1.1387
2 89.4195 0.0105
9 262.933 2.9797
1 311.0849 5.8104
3 140.6803 1.2547
4 122.0534 5.3059
###===
107 0 9 0 0 0 0
N1 1 1
N0 
0 
0.0251 0.0728 
0.944 0.056 
N0 2
0.5072 0.4928 
N1 2
0.7353 0.2647 
N2 2
0.548 0.452 
N3 2
0.4271 0.5729 
N4 2
0.5898 0.4102 
N6 2
0.7208 0.2792 
N7 2
0.2869 0.7131 
N8 2
0.2462 0.7538 
6 165.222 98.4694
5 272.619 3.5565
0 201.3552 0.2695
7 93.1495 0.754
8 259.4594 1.1387
2 89.4201 0.0105
9 263.0724 2.5982
1 310.6602 5.8104
3 140.6814 1.2547
4 122.0534 5.3059
###===
108 0 7 0 0 0 0
N3 0 2
N2 N4 
0 1 
0.0741 0.5465 
0.0764 0.9236 
N0 2
0.5072 0.4928 
N1 2
0.7353 0.2647 
N2 2
0.548 0.452 
N3 2
0.4058 0.5942 
N4 2
0.5898 0.4102 
N6 2
0.7208 0.2792 
N7 2
0.2869 0.7131 
N8 2
0.2462 0.7538 
6 165.9113 98.4694
5 278.0128 3.5565
0 201.3552 0.2695
7 94.1005 0.754
8 258.702 1.1387
2 89.4201 0.0105
9 263.0613 2.5982
1 310.6602 5.8104
3 140.6814 1.2547
4 122.0694 5.3059
###===
109 0 7 0 1 0 0
N3 0 2
N2 N4 
0 1 
0.1404 0.8596 
N0 2
0.5072 0.4928 
N1 2
0.7353 0.2647 
N2 2
0.548 0.452 
N3 2
0.4271 0.5729 
N4 2
0.5898 0.4102 
N6 2
0.7208 0.2792 
N7 2
0.2869 0.7131 
N8 2
0.2462 0.7538 
6 165.222 98.4694
5 272.619 3.5565
0 201.3552 0.2695
7 93.1495 0.754
8 259.4594 1.1387
2 89.4201 0.0105
9 263.0724 2.5982
1 310.6601 5.8104
3 140.6814 1.2547
4 122.0534 5.3059
###===
110 0 7 0 0 0 0
N2 0 1
N4 
1 
0.4273 0.8905 
0.4714 0.5286 
N0 2
0.5072 0.4928 
N1 2
0.7353 0.2647 
N2 2
0.4091 0.5909 
N3 2
0.4644 0.5356 
N4 2
0.5898 0.4102 
N6 2
0.7208 0.2792 
N7 2
0.2869 0.7131 
N8 2
0.2462 0.7538 
6 164.0124 98.4694
5 263.1548 3.5565
0 205.163 0.2695
7 108.2867 0.754
8 260.3111 1.1387
2 83.5172 0.0105
9 250.4892 2.5982
1 310.6601 5.8104
3 139.5069 1.2547
4 121.992 5.3059
###===
111 0 4 0 2 0 0
N3 0 2
N2 N4 
0 0 
0.629 0.371 
N3 0 2
N2 N4 
0 1 
0.141 0.859 
N0 2
0.5072 0.4928 
N1 2
0.7353 0.2647 
N2 2
0.4091 0.5909 
N3 2
0.4648 0.5352 
N4 2
0.5898 0.4102 
N6 2
0.7208 0.2792 
N7 2
0.2869 0.7131 
N8 2
0.2462 0.7538 
6 164.0301 98.4694
5 263.1136 3.5565
0 205.163 0.2695
7 108.2867 0.754
8 260.3142 1.1387
2 83.5172 0.0105
9 250.4894 2.5982
1 310.6584 5.8104
3 139.5069 1.2547
4 121.9918 5.4722
###===
112 0 2 0 0 0 0
N7 0 0
0.2868 0.287 
0.2868 0.7132 
N0 2
0.5072 0.4928 
N1 2
0.7353 0.2647 
N2 2
0.4091 0.5909 
N3 2
0.4648 0.5352 
N4 2
0.5898 0.4102 
N6 2
0.7208 0.2792 
N7 2
0.2868 0.7132 
N8 2
0.2462 0.7538 
6 164.0298 98.4694
5 263.1129 3.5565
0 205.1752 0.2695
7 108.2866 0.754
8 260.3355 1.1387
2 83.5163 -0.0169
9 250.5054 2.5982
1 310.6593 5.8104
3 139.4738 1.2547
4 121.9871 5.4722
###===
113 0 6 0 0 1 0
N7 0 1
N8 
1 
0.1685 0.6671 
0.4004 0.5996 
N0 2
0.5072 0.4928 
N1 2
0.7353 0.2647 
N2 2
0.4091 0.5909 
N3 2
0.4648 0.5352 
N4 2
0.5898 0.4102 
N6 2
0.7208 0.2792 
N7 2
0.3314 0.6686 
N8 2
0.2462 0.7538 
6 165.0031 84.9013
5 263.1129 3.5565
0 201.9358 0.2695
7 108.2866 0.754
8 249.8364 1.1387
2 83.514 -0.0169
9 241.6599 2.5982
1 310.6593 5.8104
3 155.132 1.2547
4 124.5386 5.4722
N7
1
N0 2
0.5072 0.4928 
N1 2
0.7353 0.2647 
N2 2
0.4091 0.5909 
N3 2
0.4648 0.5352 
N4 2
0.5898 0.4102 
N6 2
0.6681 0.3319 
N8 2
0.324 0.676 
6 154.1167 84.9013
5 261.0324 3.5565
0 236.9385 166.178
7 108.0511 0.754
8 310.0527 103.3164
2 81.222 0.0339
9 286.0841 2.5982
1 313.4906 5.8104
3 60.8022 1.2547
4 110.3235 109.9663
###===
114 0 7 11.5952 1 0 0
N8 0 0
0.3287 0.6713 
N0 2
0.5072 0.4928 
N1 2
0.7353 0.2647 
N2 2
0.4091 0.5909 
N3 2
0.4648 0.5352 
N4 2
0.5898 0.4102 
N6 2
0.6649 0.3351 
N8 2
0.3287 0.6713 
6 154.186 84.9013
5 260.9091 3.5565
0 237.2891 166.178
7 119.6393 14.3884
8 309.373 103.3164
2 81.2222 0.0339
9 285.1681 2.5982
1 313.6585 5.8104
3 61.496 1.2547
4 110.322 109.9663
###===
115 0 9 53.9421 0 0 0
N4 1 2
N2 N3 
1 1 
0.2995 0.8222 
0.1804 0.8196 
N0 2
0.5072 0.4928 
N1 2
0.7353 0.2647 
N2 2
0.4091 0.5909 
N3 2
0.4648 0.5352 
N4 2
0.481 0.519 
N6 2
0.6649 0.3351 
N8 2
0.3287 0.6713 
6 154.4722 84.9013
5 273.7698 3.5565
0 228.607 166.178
7 138.2661 14.3884
8 308.8172 103.3164
2 81.2256 0.0339
9 339.8795 2.0808
1 313.6585 5.8104
3 59.6397 1.2547
4 110.322 109.9663
###===
116 0 2 74.8428 1 0 0
N0 1 1
N1 
1 
0.1069 0.8931 
N0 2
0.5071 0.4929 
N1 2
0.7353 0.2647 
N2 2
0.4091 0.5909 
N3 2
0.4648 0.5352 
N4 2
0.481 0.519 
N6 2
0.6649 0.3351 
N8 2
0.3287 0.6713 
6 154.4722 84.9013
5 273.7698 3.5565
0 228.607 166.178
7 138.2602 14.3884
8 308.8323 103.3164
2 156.0684 74.8767
9 339.8788 2.0808
1 313.6796 5.8104
3 59.6397 1.2547
4 110.322 109.9663
###===
117 0 5 0 1 0 0
N0 1 1
N1 
0 
0.6423 0.3577 
N0 2
0.5006 0.4994 
N1 2
0.7353 0.2647 
N2 2
0.4091 0.5909 
N3 2
0.4648 0.5352 
N4 2
0.481 0.519 
N6 2
0.6649 0.3351 
N8 2
0.3287 0.6713 
6 154.4722 84.9013
5 273.7516 4.9918
0 228.607 166.178
7 138.2602 14.3884
8 308.8324 103.3164
2 156.0677 74.8767
9 340.9727 2.0808
1 313.4716 5.8104
3 59.6397 1.2547
4 110.322 109.9663
###===
118 0 3 0 0 0 0
N1 1 1
N0 
0 
0.0557 0.0647 
0.9353 0.0647 
N0 2
0.5006 0.4994 
N1 2
0.7312 0.2688 
N2 2
0.4091 0.5909 
N3 2
0.4648 0.5352 
N4 2
0.481 0.519 
N6 2
0.6649 0.3351 
N8 2
0.3287 0.6713 
6 154.6026 84.9013
5 273.7426 4.9918
0 228.607 166.178
7 138.3335 14.3884
8 308.4951 103.3164
2 156.0676 74.8767
9 341.4357 2.0808
1 312.1044 5.8104
3 59.6863 0.0025
4 110.322 109.9663
###===
119 0 7 99.8847 1 0 0
N0 1 1
N1 
1 
0.0827 0.9173 
N0 2
0.4904 0.5096 
N1 2
0.7312 0.2688 
N2 2
0.4091 0.5909 
N3 2
0.4648 0.5352 
N4 2
0.481 0.519 
N6 2
0.6649 0.3351 
N8 2
0.3287 0.6713 
6 154.6026 84.9013
5 273.7426 4.9918
0 228.607 166.178
7 237.8942 120.3458
8 310.08 103.3164
2 156.0676 74.8767
9 341.3687 2.0808
1 314.3125 5.8104
3 59.4888 0.0025
4 110.322 109.9663
###===
120 0 4 7.1055 0 0 1
N0 0 1
N1 
0 
0.2844 0.8402 
0.8374 0.1626 
N0 2
0.6345 0.3655 
N1 2
0.7312 0.2688 
N2 2
0.4091 0.5909 
N3 2
0.4648 0.5352 
N4 2
0.481 0.519 
N6 2
0.6649 0.3351 
N8 2
0.3287 0.6713 
6 154.6026 84.9013
5 273.7426 4.9918
0 228.607 166.178
7 237.895 120.3458
8 310.0794 103.3164
2 156.0824 74.8767
9 317.2029 2.0808
1 318.9076 5.8104
3 59.3084 0.0025
4 127.5138 2.5317
116
6 154.6026 84.9013
5 274.5237 3.5565
0 228.607 166.178
7 237.6051 114.2731
8 310.0794 103.3164
2 156.0788 74.8767
9 317.2029 2.0808
1 318.9076 5.8104
3 59.6432 1.2547
4 117.4275 117.0718
N0 2
0.6345 0.3655 
N1 2
0.7312 0.2688 
N2 2
0.4091 0.5909 
N3 2
0.4648 0.5352 
N4 2
0.481 0.519 
N6 2
0.6649 0.3351 
N8 2
0.3287 0.6713 
###===
121 0 7 0 2 0 0
N1 1 1
N0 
0 
0.9689 0.0311 
N1 1 1
N0 
1 
0.2643 0.7357 
N0 2
0.6345 0.3655 
N1 2
0.7114 0.2886 
N2 2
0.4091 0.5909 
N3 2
0.4648 0.5352 
N4 2
0.481 0.519 
N6 2
0.6649 0.3351 
N8 2
0.3287 0.6713 
6 155.2338 84.9013
5 274.5662 3.5565
0 228.607 166.178
7 237.0996 126.7584
8 311.9216 103.3164
2 156.078 74.8767
9 315.5604 2.0808
1 317.8389 5.8104
3 59.6601 1.2547
4 117.4275 117.0718
###===
122 0 4 0 0 0 0
N4 0 2
N2 N3 
0 0 
0.3696 0.9259 
0.9231 0.0769 
N0 2
0.6345 0.3655 
N1 2
0.7114 0.2886 
N2 2
0.4091 0.5909 
N3 2
0.4648 0.5352 
N4 2
0.4957 0.5043 
N6 2
0.6649 0.3351 
N8 2
0.3287 0.6713 
6 156.8893 84.9013
5 275.9864 3.5565
0 229.7589 166.178
7 236.902 126.7584
8 311.4034 103.3164
2 156.078 74.8767
9 315.5604 2.0808
1 317.7446 5.8104
3 59.6601 1.2547
4 118.2542 5.3775
###===
123 0 9 0 1 0 0
N8 0 0
0.6598 0.3402 
N0 2
0.6345 0.3655 
N1 2
0.7114 0.2886 
N2 2
0.4091 0.5909 
N3 2
0.4648 0.5352 
N4 2
0.4957 0.5043 
N6 2
0.4406 0.5594 
N8 2
0.6598 0.3402 
6 161.8675 84.9013
5 267.1341 3.5565
0 254.9271 166.178
7 236.902 126.7584
8 262.6081 103.3164
2 156.0875 74.8767
9 282.7739 102.6198
1 329.7915 5.8104
3 109.4611 1.2547
4 118.1461 5.3775
###===
124 0 2 0 0 0 0
N6 1 1
N8 
0 
0.47 0.875 
0.528 0.472 
N0 2
0.6345 0.3655 
N1 2
0.7114 0.2886 
N2 2
0.4091 0.5909 
N3 2
0.4648 0.5352 
N4 2
0.4957 0.5043 
N6 2
0.6503 0.3497 
N8 2
0.6598 0.3402 
6 161.9314 84.9013
5 267.1341 3.5565
0 254.9271 166.178
7 236.902 126.7584
8 262.6081 103.3164
2 179.2638 0.6198
9 282.7739 102.6198
1 329.7915 5.8104
3 69.3282 1.2547
4 118.1461 5.3775
###===
125 0 4 0 0 0 0
N1 0 1
N0 
0 
0.9335 0.9701 
0.9337 0.0663 
N0 2
0.6345 0.3655 
N1 2
0.6891 0.3109 
N2 2
0.4091 0.5909 
N3 2
0.4648 0.5352 
N4 2
0.4957 0.5043 
N6 2
0.6503 0.3497 
N8 2
0.6598 0.3402 
6 162.6456 84.9013
5 267.0409 3.5565
0 254.9271 166.178
7 236.902 126.7584
8 260.7599 103.3164
2 179.2742 0.6198
9 285.3105 102.6198
1 322.2996 5.8104
3 69.3473 1.2547
4 119.5825 0.0315
###===
126 0 5 0 0 0 0
N6 0 1
N8 
0 
0.2658 0.7624 
0.2683 0.7317 
N0 2
0.6345 0.3655 
N1 2
0.6891 0.3109 
N2 2
0.4091 0.5909 
N3 2
0.4648 0.5352 
N4 2
0.4957 0.5043 
N6 2
0.479 0.521 
N8 2
0.6598 0.3402 
6 162.5934 84.9013
5 280.2845 1.3577
0 254.9271 166.178
7 236.902 126.7584
8 260.7599 103.3164
2 143.768 0.6198
9 285.3105 102.6198
1 322.2996 5.8104
3 102.1342 1.2547
4 119.5825 0.0315
###===
127 0 0 0 0 0 0
N1 1 1
N0 
0 
0.021 0.7049 
0.9756 0.0244 
N0 2
0.6345 0.3655 
N1 2
0.7157 0.2843 
N2 2
0.4091 0.5909 
N3 2
0.4648 0.5352 
N4 2
0.4957 0.5043 
N6 2
0.479 0.521 
N8 2
0.6598 0.3402 
6 161.7444 84.9013
5 280.3953 1.3577
0 256.6148 21.9653
7 236.902 126.7584
8 262.9569 103.3164
2 143.7556 0.6198
9 282.2952 102.6198
1 331.2054 5.8104
3 102.1115 1.2547
4 116.5309 0.0315
###===
128 0 0 0 0 1 0
N6 1 1
N8 
1 
0.0965 0.2378 
0.9028 0.0972 
N0 2
0.6345 0.3655 
N1 2
0.7157 0.2843 
N2 2
0.4091 0.5909 
N3 2
0.4648 0.5352 
N4 2
0.4957 0.5043 
N6 2
0.4842 0.5158 
N8 2
0.6598 0.3402 
6 161.7444 84.9013
5 281.1076 1.3577
0 256.6741 0.9956
7 236.902 126.7584
8 263.0384 103.3164
2 143.7556 0.6198
9 282.2952 102.6198
1 331.2054 5.8104
3 102.1122 1.2547
4 116.531 0.0315
N6
1
N0 2
0.6345 0.3655 
N1 2
0.7157 0.2843 
N2 2
0.4091 0.5909 
N3 2
0.4648 0.5352 
N4 2
0.4957 0.5043 
N8 2
0.9359 0.0641 
6 165.824 84.9013
5 311.1273 3.5565
0 276.2578 0.9956
7 236.902 126.7584
8 221.3716 103.3164
2 86.5702 0.6198
9 282.2952 102.6198
1 341.2512 5.8104
3 188.6061 1.8783
4 116.4408 0.0315
###===
129 0 3 0 0 0 0
N3 1 1
N4 
1 
0.7889 0.8018 
0.1982 0.8018 
N0 2
0.6345 0.3655 
N1 2
0.7157 0.2843 
N2 2
0.4095 0.5905 
N3 2
0.4635 0.5365 
N4 2
0.4957 0.5043 
N8 2
0.9359 0.0641 
6 165.8661 84.9013
5 311.4566 3.5565
0 276.2476 0.9956
7 236.8223 126.7584
8 221.3349 103.3164
2 86.4525 0.6198
9 282.3959 102.6198
1 341.2512 5.8104
3 188.6108 0.0161
4 116.459 0.0315
###===
130 0 0 0 2 0 0
N8 1 0
0.896 0.104 
N8 1 0
0.8817 0.1183 
N0 2
0.6345 0.3655 
N1 2
0.7157 0.2843 
N2 2
0.4095 0.5905 
N3 2
0.4635 0.5365 
N4 2
0.4957 0.5043 
N8 2
0.8817 0.1183 
6 165.055 84.9013
5 302.8567 3.5565
0 273.8608 89.3709
7 236.8223 126.7584
8 228.5627 103.3164
2 90.476 0.6198
9 282.3959 102.6198
1 339.2799 5.8104
3 178.2764 0.0161
4 116.4767 0.0315
###===
131 0 9 0 4 0 0
N3 0 2
N2 N4 
0 0 
0.6516 0.3484 
N3 0 2
N2 N4 
1 0 
0.5697 0.4303 
N3 0 2
N2 N4 
0 1 
0.0689 0.9311 
N3 0 2
N2 N4 
1 1 
0.4039 0.5961 
N0 2
0.6345 0.3655 
N1 2
0.7157 0.2843 
N2 2
0.4095 0.5905 
N3 2
0.445 0.555 
N4 2
0.4957 0.5043 
N8 2
0.8817 0.1183 
6 158.4975 84.9013
5 294.1934 3.5565
0 280.9846 89.3709
7 236.8223 126.7584
8 228.6655 103.3164
2 88.0042 0.6198
9 275.8604 215.6259
1 339.02 5.8104
3 178.1746 0.0161
4 116.4784 0.0315
###===
132 0 2 0 0 0 0
N4 1 1
N3 
0 
0.1629 0.6584 
0.8346 0.1654 
N0 2
0.6345 0.3655 
N1 2
0.7157 0.2843 
N2 2
0.4384 0.5616 
N3 2
0.445 0.555 
N4 2
0.5658 0.4342 
N8 2
0.8817 0.1183 
6 166.3714 84.9013
5 300.9481 3.5565
0 281.687 89.3709
7 224.1741 126.7584
8 227.5205 103.3164
2 91.0178 0.6198
9 276.7546 215.6259
1 338.9448 5.8104
3 179.1497 0.0161
4 117.6741 0.0315
###===
133 0 8 0 0 0 0
N8 0 0
0.4308 0.9771 
0.9743 0.0257 
N0 2
0.6345 0.3655 
N1 2
0.7157 0.2843 
N2 2
0.4384 0.5616 
N3 2
0.445 0.555 
N4 2
0.5658 0.4342 
N8 2
0.9743 0.0257 
6 167.7576 84.9013
5 315.6443 3.5565
0 281.687 89.3709
7 224.1741 126.7584
8 223.5452 16.4559
2 84.142 0.6198
9 276.7546 215.6259
1 342.3136 5.8104
3 196.81 0.0161
4 117.6439 0.0315
###===
134 0 9 23.3923 0 0 0
N4 1 1
N2 
1 
0.0882 0.898 
0.1061 0.8939 
N0 2
0.6345 0.3655 
N1 2
0.7157 0.2843 
N2 2
0.4384 0.5616 
N3 2
0.3577 0.6423 
N4 2
0.325 0.675 
N8 2
0.9743 0.0257 
6 154.057 84.9013
5 334.2092 3.5565
0 279.6323 89.3709
7 265.3956 126.7584
8 221.3807 16.4559
2 61.8007 0.6198
9 333.7485 5.6284
1 341.6834 5.8104
3 192.6694 0.0161
4 117.6496 0.0315
###===
135 0 9 0 0 0 0
N3 1 1
N4 
0 
0.3046 0.3429 
0.6952 0.3048 
N0 2
0.6345 0.3655 
N1 2
0.7157 0.2843 
N2 2
0.4386 0.5614 
N3 2
0.3616 0.6384 
N4 2
0.325 0.675 
N8 2
0.9743 0.0257 
6 154.3778 84.9013
5 334.0572 3.5565
0 279.5519 89.3709
7 265.3841 126.7584
8 221.377 16.4559
2 62.0263 0.6198
9 333.8195 0.0754
1 341.6654 5.8104
3 192.6677 0.0161
4 117.6978 0.0315
###===
136 0 3 0 2 0 0
N3 0 2
N2 N4 
0 1 
0.0371 0.9629 
N3 0 2
N2 N4 
1 1 
0.2607 0.7393 
N0 2
0.6345 0.3655 
N1 2
0.7157 0.2843 
N2 2
0.4386 0.5614 
N3 2
0.3632 0.6368 
N4 2
0.325 0.675 
N8 2
0.9743 0.0257 
6 154.3242 84.9013
5 333.6379 3.5565
0 279.5519 89.3709
7 265.3841 126.7584
8 221.4228 16.4559
2 62.0776 0.6198
9 333.8195 0.0754
1 341.6654 5.8104
3 192.6657 1.7395
4 117.6866 0.0315
###===
137 0 9 0 0 0 0
N4 0 1
N3 
1 
0.1555 0.8713 
0.1591 0.8409 
N0 2
0.6345 0.3655 
N1 2
0.7157 0.2843 
N2 2
0.4397 0.5603 
N3 2
0.3632 0.6368 
N4 2
0.3273 0.6727 
N8 2
0.9743 0.0257 
6 154.3183 84.9013
5 333.3722 3.5565
0 279.6995 89.3709
7 265.0507 126.7584
8 221.4343 16.4559
2 62.1813 0.6198
9 333.583 3.3138
1 341.6654 5.8104
3 192.6831 1.7395
4 117.6864 0.0315
###===
138 0 8 0 0 0 0
N0 1 1
N1 
0 
0.0679 0.5648 
0.9296 0.0704 
N0 2
0.6808 0.3192 
N1 2
0.7157 0.2843 
N2 2
0.4397 0.5603 
N3 2
0.3632 0.6368 
N4 2
0.3273 0.6727 
N8 2
0.9743 0.0257 
6 154.3183 84.9013
5 333.6311 3.5565
0 279.9922 89.3709
7 266.4627 126.7584
8 223.6137 5.1785
2 62.1861 0.6198
9 325.8319 3.3138
1 343.1392 5.8104
3 192.683 1.7395
4 117.4393 0.0315
###===
139 0 2 21.0383 0 0 0
N1 1 1
N0 
1 
0.7247 0.8642 
0.1365 0.8635 
N0 2
0.6808 0.3192 
N1 2
0.7089 0.2911 
N2 2
0.4397 0.5603 
N3 2
0.3632 0.6368 
N4 2
0.3273 0.6727 
N8 2
0.9743 0.0257 
6 154.5356 84.9013
5 333.6409 3.5565
0 279.9922 89.3709
7 266.4627 126.7584
8 224.7517 5.1785
2 83.3063 0.7224
9 325.4177 3.3138
1 342.5551 5.8104
3 192.6888 1.7395
4 117.4393 0.0315
###===
140 0 5 97.4035 0 0 0
N0 0 1
N1 
0 
0.4484 0.9695 
0.9669 0.0331 
N0 2
0.7009 0.2991 
N1 2
0.7089 0.2911 
N2 2
0.4397 0.5603 
N3 2
0.3632 0.6368 
N4 2
0.3273 0.6727 
N8 2
0.9743 0.0257 
6 154.5356 84.9013
5 432.0067 11.6428
0 280.1196 89.3709
7 267.0772 126.7584
8 226.8497 5.1785
2 83.7295 0.7224
9 322.0448 3.3138
1 343.1965 5.8104
3 192.6888 1.7395
4 117.3318 0.0315
###===
141 0 9 0 4 0 0
N2 1 2
N3 N4 
0 0 
0.4422 0.5578 
N2 1 2
N3 N4 
1 0 
0.3595 0.6405 
N2 1 2
N3 N4 
0 1 
0.0703 0.9297 
N2 1 2
N3 N4 
1 1 
0.4093 0.5907 
N0 2
0.7009 0.2991 
N1 2
0.7089 0.2911 
N2 2
0.3652 0.6348 
N3 2
0.3632 0.6368 
N4 2
0.3273 0.6727 
N8 2
0.9743 0.0257 
6 154.5356 84.9013
5 432.0067 11.6428
0 272.214 89.3709
7 262.2686 126.7584
8 228.8408 5.1785
2 87.9884 0.7224
9 304.2518 157.5336
1 344.1356 5.8104
3 194.3233 1.7395
4 115.6639 0.0315
###===
142 0 2 0 2 0 0
N0 0 1
N1 
0 
0.9619 0.0381 
N0 0 1
N1 
1 
0.0543 0.9457 
N0 2
0.6976 0.3024 
N1 2
0.7089 0.2911 
N2 2
0.3652 0.6348 
N3 2
0.3632 0.6368 
N4 2
0.3273 0.6727 
N8 2
0.9743 0.0257 
6 154.5356 84.9013
5 431.6551 11.6428
0 272.1464 89.3709
7 262.17 126.7584
8 228.4224 5.1785
2 87.9515 21.0132
9 304.848 157.5336
1 343.9546 5.8104
3 194.3233 1.7395
4 115.7172 0.0315
###===
143 0 1 0 0 0 0
N0 0 1
N1 
1 
0.0521 0.7985 
0.0558 0.9442 
N0 2
0.6981 0.3019 
N1 2
0.7089 0.2911 
N2 2
0.3652 0.6348 
N3 2
0.3632 0.6368 
N4 2
0.3273 0.6727 
N8 2
0.9743 0.0257 
6 154.5356 84.9013
5 431.6551 11.6428
0 272.0815 89.3709
7 262.1837 126.7584
8 228.3522 5.1785
2 87.9515 21.0132
9 304.851 157.5336
1 343.8577 9.866
3 194.3233 1.7395
4 115.7664 0.0315
###===
144 0 4 0 0 0 0
N2 0 2
N3 N4 
1 0 
0.1656 0.7049 
0.1683 0.8317 
N0 2
0.6981 0.3019 
N1 2
0.7089 0.2911 
N2 2
0.3458 0.6542 
N3 2
0.3632 0.6368 
N4 2
0.3273 0.6727 
N8 2
0.9743 0.0257 
6 154.5356 84.9013
5 431.6551 11.6428
0 272.6443 89.3709
7 263.2532 126.7584
8 228.3521 5.1785
2 86.0514 21.0132
9 304.851 157.5336
1 343.8577 9.866
3 194.4898 1.7395
4 117.0742 0.0315
###===
145 0 5 0 0 0 0
N2 1 1
N4 
0 
0.304 0.8309 
0.1717 0.8283 
N0 2
0.6981 0.3019 
N1 2
0.7089 0.2911 
N2 2
0.285 0.715 
N3 2
0.3477 0.6523 
N4 2
0.3273 0.6727 
N8 2
0.9743 0.0257 
6 153.2568 84.9013
5 436.2466 2.2139
0 270.2242 89.3709
7 266.6089 126.7584
8 229.2331 5.1785
2 84.5682 21.0132
9 304.4618 157.5336
1 344.3437 9.866
3 195.0125 1.7395
4 118.1846 0.0315
###===
146 0 4 0 0 0 0
N4 0 2
N2 N3 
0 0 
0.3459 0.8325 
0.8301 0.1699 
N0 2
0.6981 0.3019 
N1 2
0.7089 0.2911 
N2 2
0.285 0.715 
N3 2
0.3477 0.6523 
N4 2
0.3271 0.6729 
N8 2
0.9743 0.0257 
6 153.2413 84.9013
5 436.2479 2.2139
0 270.2135 89.3709
7 266.6107 126.7584
8 229.2379 5.1785
2 84.5507 21.0132
9 304.4821 157.5336
1 344.3446 9.866
3 195.0126 1.7395
4 118.1673 2.0759
###===
147 0 7 0 0 0 0
N3 1 1
N4 
0 
0.1483 0.733 
0.8488 0.1512 
N0 2
0.6981 0.3019 
N1 2
0.7089 0.2911 
N2 2
0.2956 0.7044 
N3 2
0.4151 0.5849 
N4 2
0.3271 0.6729 
N8 2
0.9743 0.0257 
6 158.7992 84.9013
5 432.1046 2.2139
0 263.9276 89.3709
7 271.0212 2.781
8 230.0804 5.1785
2 94.6866 21.0132
9 306.1736 157.5336
1 344.466 9.866
3 194.9214 1.7395
4 116.5429 2.0759
###===
148 0 5 0 0 0 0
N2 1 2
N3 N4 
0 0 
0.2835 0.7759 
0.7141 0.2859 
N0 2
0.6981 0.3019 
N1 2
0.7089 0.2911 
N2 2
0.4307 0.5693 
N3 2
0.4151 0.5849 
N4 2
0.3271 0.6729 
N8 2
0.9743 0.0257 
6 158.7992 84.9013
5 434.1958 1.2333
0 275.5264 89.3709
7 263.5632 2.781
8 227.0804 5.1785
2 89.5939 21.0132
9 306.1736 157.5336
1 343.0315 9.866
3 193.7597 1.7395
4 118.5118 2.0759
###===
149 0 8 0 0 0 0
N0 1 1
N1 
1 
0.2858 0.9502 
0.0531 0.9469 
N0 2
0.6973 0.3027 
N1 2
0.7089 0.2911 
N2 2
0.4307 0.5693 
N3 2
0.4151 0.5849 
N4 2
0.3271 0.6729 
N8 2
0.9743 0.0257 
6 158.7992 84.9013
5 434.1958 1.2333
0 275.6397 89.3709
7 263.5392 2.781
8 227.2059 5.1785
2 89.5939 21.0132
9 306.1685 157.5336
1 343.1989 9.866
3 193.7597 1.7395
4 118.4258 2.0759
###===
150 0 0 0 0 0 0
N3 0 1
N4 
1 
0.1042 0.594 
0.5915 0.4085 
N0 2
0.6973 0.3027 
N1 2
0.7089 0.2911 
N2 2
0.3426 0.6574 
N3 2
0.6757 0.3243 
N4 2
0.3271 0.6729 
N8 2
0.9743 0.0257 
6 150.352 84.9013
5 368.1031 1.2333
0 312.6732 0.8796
7 282.3 2.781
8 234.4535 5.1785
2 88.6537 21.0132
9 311.2377 157.5336
1 343.1989 9.866
3 192.9691 1.7395
4 116.3277 2.0759
###===
151 0 1 0.841 2 0 0
N0 1 1
N1 
0 
0.9529 0.0471 
N0 1 1
N1 
1 
0.197 0.803 
N0 2
0.7328 0.2672 
N1 2
0.7089 0.2911 
N2 2
0.3426 0.6574 
N3 2
0.6757 0.3243 
N4 2
0.3271 0.6729 
N8 2
0.9743 0.0257 
6 150.352 84.9013
5 367.4715 1.2333
0 306.5889 0.8796
7 283.3859 2.781
8 226.9369 5.1785
2 88.6537 21.0132
9 312.5813 157.5336
1 340.308 199.8815
3 192.9691 1.7395
4 120.9479 2.0759
###===
152 0 9 0 0 0 0
N2 0 2
N3 N4 
1 0 
0.0235 0.688 
0.6846 0.3154 
N0 2
0.7328 0.2672 
N1 2
0.7089 0.2911 
N2 2
0.373 0.627 
N3 2
0.6757 0.3243 
N4 2
0.3271 0.6729 
N8 2
0.9743 0.0257 
6 150.352 84.9013
5 363.1434 1.2333
0 305.7059 0.8796
7 281.708 2.781
8 226.9369 5.1785
2 91.6346 21.0132
9 321.2789 1.5477
1 340.308 199.8815
3 192.7077 1.7395
4 116.4759 2.0759
###===
153 0 2 0 0 0 0
N2 1 1
N3 
0 
0.4377 0.7131 
0.561 0.439 
N0 2
0.7328 0.2672 
N1 2
0.7089 0.2911 
N2 2
0.5254 0.4746 
N3 2
0.6757 0.3243 
N4 2
0.4335 0.5665 
N8 2
0.9743 0.0257 
6 162.3004 84.9013
5 384.1631 1.2333
0 296.5723 0.8796
7 256.3381 2.781
8 223.6531 5.1785
2 109.7505 0.4406
9 305.5568 1.5477
1 339.3411 199.8815
3 193.5619 1.7395
4 116.3273 2.0759
###===
154 0 9 0 0 0 0
N1 1 1
N0 
0 
0.0353 0.0881 
0.9121 0.0879 
N0 2
0.7328 0.2672 
N1 2
0.7018 0.2982 
N2 2
0.5254 0.4746 
N3 2
0.6757 0.3243 
N4 2
0.4335 0.5665 
N8 2
0.9743 0.0257 
6 162.5255 84.9013
5 384.1035 1.2333
0 295.5113 0.8796
7 256.3381 2.781
8 222.947 5.1785
2 109.7794 0.4406
9 306.4215 0.0345
1 338.3517 199.8815
3 193.5679 1.7395
4 117.1362 2.0759
###===
155 0 5 0 4 0 0
N4 0 2
N2 N3 
0 0 
0.7039 0.2961 
N4 0 2
N2 N3 
1 0 
0.1875 0.8125 
N4 0 2
N2 N3 
0 1 
0.587 0.413 
N4 0 2
N2 N3 
1 1 
0.1446 0.8554 
N0 2
0.7328 0.2672 
N1 2
0.7018 0.2982 
N2 2
0.5254 0.4746 
N3 2
0.6757 0.3243 
N4 2
0.4341 0.5659 
N8 2
0.9743 0.0257 
6 155.4447 84.9013
5 373.6642 9.747
0 310.6466 0.8796
7 244.0476 2.781
8 225.5272 5.1785
2 101.9748 0.4406
9 321.5108 0.0345
1 338.7797 199.8815
3 193.8019 1.7395
4 103.7518 2.0759
###===
156 0 3 56.7578 0 0 0
N1 0 1
N0 
0 
0.6081 0.9417 
0.887 0.113 
N0 2
0.7328 0.2672 
N1 2
0.6834 0.3166 
N2 2
0.5254 0.4746 
N3 2
0.6757 0.3243 
N4 2
0.4341 0.5659 
N8 2
0.9743 0.0257 
6 156.0321 84.9013
5 373.5085 9.747
0 307.8774 0.8796
7 244.0476 2.781
8 223.6844 5.1785
2 102.0502 0.4406
9 323.9324 0.0345
1 336.1973 199.8815
3 250.9594 54.4715
4 105.8631 2.0759
###===
157 0 9 0 0 0 0
N4 1 1
N2 
1 
0.097 0.8286 
0.8994 0.1006 
N0 2
0.7328 0.2672 
N1 2
0.6834 0.3166 
N2 2
0.5254 0.4746 
N3 2
0.7001 0.2999 
N4 2
0.7796 0.2204 
N8 2
0.9743 0.0257 
6 181.4785 84.9013
5 367.4883 9.747
0 288.6824 0.8796
7 180.8305 2.781
8 223.8353 5.1785
2 131.4716 0.4406
9 343.2272 5.2744
1 337.194 199.8815
3 256.9004 54.4715
4 109.9806 2.0759
###===
158 0 7 0 0 0 0
N4 0 1
N2 
1 
0.6017 0.9913 
0.9894 0.0106 
N0 2
0.7328 0.2672 
N1 2
0.6834 0.3166 
N2 2
0.5254 0.4746 
N3 2
0.7031 0.2969 
N4 2
0.8223 0.1777 
N8 2
0.9743 0.0257 
6 184.6245 84.9013
5 366.744 9.747
0 286.3093 0.8796
7 177.8421 2.781
8 223.854 5.1785
2 135.109 0.4406
9 357.9957 5.2744
1 337.3172 199.8815
3 257.6349 54.4715
4 110.4896 2.0759
###===
159 0 0 0 0 0 0
N3 1 2
N2 N4 
1 1 
0.3182 0.9107 
0.6789 0.3211 
N0 2
0.7328 0.2672 
N1 2
0.6834 0.3166 
N2 2
0.5254 0.4746 
N3 2
0.7035 0.2965 
N4 2
0.8223 0.1777 
N8 2
0.9743 0.0257 
6 184.6138 84.9013
5 366.6622 9.747
0 286.399 0.8796
7 177.8421 2.781
8 223.8631 5.1785
2 135.1022 0.4406
9 358.0022 5.2744
1 337.3173 199.8815
3 257.6349 54.4715
4 110.4896 2.0759
###===
160 0 4 0 0 0 0
N2 0 1
N4 
0 
0.4221 0.7368 
0.7352 0.2648 
N0 2
0.7328 0.2672 
N1 2
0.6834 0.3166 
N2 2
0.7772 0.2228 
N3 2
0.7218 0.2782 
N4 2
0.8223 0.1777 
N8 2
0.9743 0.0257 
6 186.126 84.9013
5 381.2411 9.747
0 298.8656 0.8796
7 163.4818 2.781
8 219.9549 5.1785
2 161.408 0.4406
9 330.839 5.2744
1 335.3719 199.8815
3 255.4695 54.4715
4 126.3966 0.8616
###===
161 0 9 0 0 0 0
N0 0 1
N1 
0 
0.917 0.9854 
0.9851 0.0149 
N0 2
0.756 0.244 
N1 2
0.6834 0.3166 
N2 2
0.7772 0.2228 
N3 2
0.7218 0.2782 
N4 2
0.8223 0.1777 
N8 2
0.9743 0.0257 
6 186.126 84.9013
5 383.5419 9.747
0 299.0125 0.8796
7 164.1902 2.781
8 222.3735 5.1785
2 161.408 0.4406
9 328.576 3.2302
1 335.3719 199.8815
3 255.3762 54.4715
4 126.2727 0.8616
###===
162 0 6 0 4 0 0
N3 1 2
N2 N4 
0 0 
0.6367 0.3633 
N3 1 2
N2 N4 
1 0 
0.5495 0.4505 
N3 1 2
N2 N4 
0 1 
0.6992 0.3008 
N3 1 2
N2 N4 
1 1 
0.7258 0.2742 
N0 2
0.756 0.244 
N1 2
0.6834 0.3166 
N2 2
0.7772 0.2228 
N3 2
0.629 0.371 
N4 2
0.8223 0.1777 
N8 2
0.9743 0.0257 
6 181.9306 94.5385
5 393.2201 9.747
0 304.5616 0.8796
7 147.5248 2.781
8 222.5058 5.1785
2 150.5582 0.4406
9 345.4276 3.2302
1 335.7117 199.8815
3 255.3762 54.4715
4 117.4677 0.8616
###===
163 0 5 0 0 0 0
N8 0 0
0.3031 0.976 
0.9726 0.0274 
N0 2
0.756 0.244 
N1 2
0.6834 0.3166 
N2 2
0.7772 0.2228 
N3 2
0.629 0.371 
N4 2
0.8223 0.1777 
N8 2
0.9726 0.0274 
6 181.9052 94.5385
5 392.9584 18.9877
0 304.5616 0.8796
7 147.5247 2.781
8 222.3336 5.1785
2 150.6844 0.4406
9 345.4276 3.2302
1 335.6498 199.8815
3 255.0519 54.4715
4 117.4682 0.8616
###===
164 0 0 0 0 0 0
N8 1 0
0.0272 0.0333 
0.9667 0.0333 
N0 2
0.756 0.244 
N1 2
0.6834 0.3166 
N2 2
0.7772 0.2228 
N3 2
0.629 0.371 
N4 2
0.8223 0.1777 
N8 2
0.9667 0.0333 
6 181.8168 94.5385
5 392.078 18.9877
0 304.6498 0.0017
7 147.5247 2.781
8 221.7362 5.1785
2 151.1226 0.4406
9 345.4276 3.2302
1 335.4351 199.8815
3 253.9266 54.4715
4 117.4702 0.8616
###===
165 0 4 4.4277 0 0 0
N2 1 1
N4 
1 
0.0127 0.0711 
0.9871 0.0129 
N0 2
0.756 0.244 
N1 2
0.6834 0.3166 
N2 2
0.78 0.22 
N3 2
0.6289 0.3711 
N4 2
0.8223 0.1777 
N8 2
0.9667 0.0333 
6 181.8193 94.5385
5 392.2712 18.9877
0 304.5475 0.0017
7 147.8305 2.781
8 221.7503 5.1785
2 151.3892 0.4406
9 346.2591 3.2302
1 335.4351 199.8815
3 253.9512 54.4715
4 121.8265 2.7711
###===
166 0 7 0 0 0 0
N4 0 1
N3 
1 
0.8398 0.8819 
0.8817 0.1183 
N0 2
0.756 0.244 
N1 2
0.6834 0.3166 
N2 2
0.7771 0.2229 
N3 2
0.6289 0.3711 
N4 2
0.8318 0.1682 
N8 2
0.9667 0.0333 
6 182.5304 94.5385
5 392.4977 18.9877
0 306.2885 0.0017
7 146.8905 0.2344
8 221.7988 5.1785
2 151.1126 0.4406
9 347.2376 3.2302
1 335.4351 199.8815
3 253.9738 54.4715
4 121.3911 2.7711
###===
167 0 9 0 0 0 0
N1 1 1
N0 
0 
0.0424 0.1711 
0.957 0.043 
N0 2
0.756 0.244 
N1 2
0.7337 0.2663 
N2 2
0.7771 0.2229 
N3 2
0.6289 0.3711 
N4 2
0.8318 0.1682 
N8 2
0.9667 0.0333 
6 180.9241 94.5385
5 392.9235 18.9877
0 313.8613 0.0017
7 146.8906 0.2344
8 226.8381 5.1785
2 150.9062 0.4406
9 344.0062 2.0223
1 342.4969 199.8815
3 251.9055 54.4715
4 115.6176 2.7711
###===
168 0 0 0 0 0 0
N1 0 1
N0 
0 
0.3371 0.957 
0.3402 0.6598 
N0 2
0.756 0.244 
N1 2
0.2674 0.7326 
N2 2
0.7771 0.2229 
N3 2
0.6289 0.3711 
N4 2
0.8318 0.1682 
N8 2
0.9667 0.0333 
6 195.8147 94.5385
5 388.9763 18.9877
0 401.8013 1.334
7 146.8906 0.2344
8 180.1216 5.1785
2 152.8194 0.4406
9 335.2837 2.0223
1 277.0311 199.8815
3 271.0792 54.4715
4 169.1406 2.7711
###===
169 0 9 0 0 0 0
N8 0 0
0.9532 0.9672 
0.9671 0.0329 
N0 2
0.756 0.244 
N1 2
0.2674 0.7326 
N2 2
0.7771 0.2229 
N3 2
0.6289 0.3711 
N4 2
0.8318 0.1682 
N8 2
0.9671 0.0329 
6 195.8207 94.5385
5 389.036 18.9877
0 401.7897 1.334
7 146.8906 0.2344
8 180.1622 5.1785
2 152.7897 0.4406
9 335.2841 0.2789
1 277.0457 199.8815
3 271.1555 54.4715
4 169.1405 2.7711
###===
170 0 0 0 3 0 0
N2 1 2
N3 N4 
0 0 
0.6395 0.3605 
N2 1 2
N3 N4 
1 0 
0.7325 0.2675 
N2 1 2
N3 N4 
0 1 
0.99 0.01 
N0 2
0.756 0.244 
N1 2
0.2674 0.7326 
N2 2
0.7288 0.2712 
N3 2
0.6289 0.3711 
N4 2
0.8318 0.1682 
N8 2
0.9671 0.0329 
6 195.4963 94.5385
5 380.1576 18.9877
0 399.0175 1.334
7 150.2983 0.2344
8 181.5478 5.1785
2 148.1599 0.4406
9 353.6073 0.2789
1 277.7066 199.8815
3 271.5784 54.4715
4 157.0591 2.7711
###===
171 0 6 0 1 0 0
N8 1 0
0.9636 0.0364 
N0 2
0.756 0.244 
N1 2
0.2674 0.7326 
N2 2
0.7288 0.2712 
N3 2
0.6289 0.3711 
N4 2
0.8318 0.1682 
N8 2
0.9636 0.0364 
6 195.4707 108.9798
5 379.6292 18.9877
0 399.1202 1.334
7 150.2983 0.2344
8 181.1892 5.1785
2 148.4229 0.4406
9 353.6009 0.2789
1 277.5778 199.8815
3 270.903 54.4715
4 157.0602 2.7711
###===
172 0 6 84.9768 0 0 0
N2 1 1
N3 
1 
0.0618 0.8024 
0.2013 0.7987 
N0 2
0.756 0.244 
N1 2
0.2674 0.7326 
N2 2
0.5205 0.4795 
N3 2
0.6289 0.3711 
N4 2
0.8625 0.1375 
N8 2
0.9636 0.0364 
6 318.9804 2.6728
5 396.3643 18.9877
0 404.7326 1.334
7 161.2267 0.2344
8 181.3461 5.1785
2 127.9859 0.4406
9 307.738 0.2789
1 277.5778 199.8815
3 272.6617 54.4715
4 147.2767 2.7711
###===
173 0 6 61.5801 0 0 0
N8 0 0
0.6172 0.9767 
0.619 0.381 
N0 2
0.756 0.244 
N1 2
0.2674 0.7326 
N2 2
0.5205 0.4795 
N3 2
0.6289 0.3711 
N4 2
0.8625 0.1375 
N8 2
0.619 0.381 
6 470.1596 0.4095
5 344.9477 18.9877
0 414.7291 1.334
7 161.2267 0.2344
8 146.4535 5.1785
2 153.5718 0.4406
9 307.1168 0.2789
1 265.0418 199.8815
3 206.9446 54.4715
4 147.3893 2.7711
###===
174 0 8 0 0 0 0
N1 0 1
N0 
1 
0.0403 0.7108 
0.0436 0.9564 
N0 2
0.756 0.244 
N1 2
0.2678 0.7322 
N2 2
0.5205 0.4795 
N3 2
0.6289 0.3711 
N4 2
0.8625 0.1375 
N8 2
0.619 0.381 
6 470.1451 0.4095
5 344.9065 18.9877
0 414.7291 1.334
7 161.2267 0.2344
8 146.3789 9.3006
2 153.5699 0.4406
9 307.0667 0.2789
1 265.1056 199.8815
3 206.9442 54.4715
4 147.3893 2.7711
###===
175 0 1 0 0 0 0
N1 1 1
N0 
1 
0.2393 0.9959 
0.2478 0.7522 
N0 2
0.756 0.244 
N1 2
0.3177 0.6823 
N2 2
0.5205 0.4795 
N3 2
0.6289 0.3711 
N4 2
0.8625 0.1375 
N8 2
0.619 0.381 
6 468.5543 0.4095
5 340.3854 18.9877
0 414.7291 1.334
7 161.2267 0.2344
8 138.3554 9.3006
2 153.3656 0.4406
9 301.5676 0.2789
1 280.8951 165.2318
3 206.9017 54.4715
4 147.3893 2.7711
###===
176 0 6 91.284 4 0 0
N4 0 2
N2 N3 
0 0 
0.6061 0.3939 
N4 0 2
N2 N3 
1 0 
0.9889 0.0111 
N4 0 2
N2 N3 
0 1 
0.7642 0.2358 
N4 0 2
N2 N3 
1 1 
0.9904 0.0096 
N0 2
0.756 0.244 
N1 2
0.3177 0.6823 
N2 2
0.5205 0.4795 
N3 2
0.6289 0.3711 
N4 2
0.8019 0.1981 
N8 2
0.619 0.381 
6 557.592 153.8232
5 340.3854 18.9877
0 418.7981 1.334
7 160.2258 0.2344
8 140.1684 9.3006
2 146.6094 0.4406
9 307.6829 0.2789
1 281.228 165.2318
3 206.8915 54.4715
4 137.0659 2.7711
###===
177 0 6 0 0 0 0
N4 1 2
N2 N3 
1 0 
0.001 0.9147 
0.0899 0.9101 
N0 2
0.756 0.244 
N1 2
0.3177 0.6823 
N2 2
0.5205 0.4795 
N3 2
0.6289 0.3711 
N4 2
0.6373 0.3627 
N8 2
0.619 0.381 
6 657.8577 7.5663
5 340.3854 18.9877
0 435.4576 1.334
7 126.0952 0.2344
8 140.9161 9.3006
2 125.7477 0.4406
9 242.5671 0.2789
1 280.5332 165.2318
3 204.0604 54.4715
4 136.6513 2.7711
###===
178 0 7 93.1837 0 0 0
N1 0 1
N0 
0 
0.1441 0.7206 
0.1469 0.8531 
N0 2
0.756 0.244 
N1 2
0.1715 0.8285 
N2 2
0.5205 0.4795 
N3 2
0.6289 0.3711 
N4 2
0.6373 0.3627 
N8 2
0.619 0.381 
6 662.5244 7.5663
5 339.1484 18.9877
0 492.8373 1.334
7 229.7316 2.8129
8 126.2756 9.3006
2 126.3473 0.4406
9 239.8336 0.2789
1 260.0168 165.2318
3 210.0693 54.4715
4 153.425 2.7711
###===
179 0 1 25.793 2 0 0
N1 1 1
N0 
0 
0.0611 0.9389 
N1 1 1
N0 
1 
0.0169 0.9831 
N0 2
0.756 0.244 
N1 2
0.0503 0.9497 
N2 2
0.5205 0.4795 
N3 2
0.6289 0.3711 
N4 2
0.6373 0.3627 
N8 2
0.619 0.381 
6 666.3941 7.5663
5 343.7107 18.9877
0 518.3067 1.334
7 239.9953 2.8129
8 128.8482 9.3006
2 126.8445 0.4406
9 244.8372 0.2789
1 264.356 229.6415
3 212.7845 54.4715
4 160.8704 2.7711
###===
180 0 8 0 4 0 0
N4 0 2
N2 N3 
0 0 
0.6625 0.3375 
N4 0 2
N2 N3 
1 0 
0.0925 0.9075 
N4 0 2
N2 N3 
0 1 
0.7578 0.2422 
N4 0 2
N2 N3 
1 1 
0.9901 0.0099 
N0 2
0.756 0.244 
N1 2
0.0503 0.9497 
N2 2
0.5205 0.4795 
N3 2
0.6289 0.3711 
N4 2
0.6623 0.3377 
N8 2
0.619 0.381 
6 665.9251 7.5663
5 343.7107 18.9877
0 515.6064 1.334
7 240.8081 2.8129
8 128.3987 13.1876
2 130.0927 0.4406
9 241.2006 0.2789
1 264.197 229.6415
3 212.7816 54.4715
4 165.9071 2.7711
###===
181 0 6 0 0 0 0
N8 0 0
0.5874 0.9778 
0.9759 0.0241 
N0 2
0.756 0.244 
N1 2
0.0503 0.9497 
N2 2
0.5205 0.4795 
N3 2
0.6289 0.3711 
N4 2
0.6623 0.3377 
N8 2
0.9759 0.0241 
6 576.6764 12.0629
5 396.9688 18.9877
0 505.2519 1.334
7 240.8081 2.8129
8 164.541 13.1876
2 103.5904 0.4406
9 241.8441 0.2789
1 277.1819 229.6415
3 280.8525 54.4715
4 165.7906 2.7711
###===
182 0 0 39.1278 1 0 0
N8 0 0
0.9802 0.0198 
N0 2
0.756 0.244 
N1 2
0.0503 0.9497 
N2 2
0.5205 0.4795 
N3 2
0.6289 0.3711 
N4 2
0.6623 0.3377 
N8 2
0.9802 0.0198 
6 576.9396 12.0629
5 397.611 18.9877
0 544.3152 41.0966
7 240.8081 2.8129
8 164.9768 13.1876
2 103.2709 0.4406
9 241.8519 0.2789
1 277.3385 229.6415
3 281.6732 54.4715
4 165.7891 2.7711
###===
183 0 2 0 2 0 0
N1 0 1
N0 
0 
0.0628 0.9372 
N1 0 1
N0 
1 
0.0174 0.9826 
N0 2
0.756 0.244 
N1 2
0.0517 0.9483 
N2 2
0.5205 0.4795 
N3 2
0.6289 0.3711 
N4 2
0.6623 0.3377 
N8 2
0.9802 0.0198 
6 576.8961 12.0629
5 397.6109 18.9877
0 543.8249 41.0966
7 240.6105 2.8129
8 165.083 13.1876
2 103.2681 4.2892
9 241.8623 0.2789
1 277.3385 229.6415
3 281.6218 54.4715
4 165.6458 2.7711
###===
184 0 1 84.1637 2 0 0
N0 1 1
N1 
0 
0.9125 0.0875 
N0 1 1
N1 
1 
0.7341 0.2659 
N0 2
0.7433 0.2567 
N1 2
0.0517 0.9483 
N2 2
0.5205 0.4795 
N3 2
0.6289 0.3711 
N4 2
0.6623 0.3377 
N8 2
0.9802 0.0198 
6 576.8961 12.0629
5 397.5837 18.9877
0 540.7558 41.0966
7 239.7938 2.8129
8 167.0876 13.1876
2 103.2704 4.2892
9 243.2463 0.2789
1 361.4398 321.1076
3 281.1719 54.4715
4 164.2853 2.7711
###===
185 0 9 0 2 0 0
N1 1 1
N0 
0 
0.0562 0.9438 
N1 1 1
N0 
1 
0.0371 0.9629 
N0 2
0.7433 0.2567 
N1 2
0.0513 0.9487 
N2 2
0.5205 0.4795 
N3 2
0.6289 0.3711 
N4 2
0.6623 0.3377 
N8 2
0.9802 0.0198 
6 576.9091 12.0629
5 397.0837 18.9877
0 542.8813 41.0966
7 240.6504 2.8129
8 165.7392 13.1876
2 103.2704 4.2892
9 242.9516 1.3964
1 361.4391 321.1076
3 281.3902 54.4715
4 164.9067 2.7711
###===
186 0 4 0 0 0 0
N8 0 0
0.9616 0.9806 
0.9805 0.0195 
N0 2
0.7433 0.2567 
N1 2
0.0513 0.9487 
N2 2
0.5205 0.4795 
N3 2
0.6289 0.3711 
N4 2
0.6623 0.3377 
N8 2
0.9805 0.0195 
6 576.9272 12.0629
5 397.1279 18.9877
0 542.8813 41.0966
7 240.6504 2.8129
8 165.7692 13.1876
2 103.2484 4.2892
9 242.9521 1.3964
1 361.4499 321.1076
3 281.4468 54.4715
4 164.9069 0.9194
###===
187 0 3 15.5954 0 0 0
N1 0 1
N0 
0 
0.0346 0.5633 
0.0372 0.9628 
N0 2
0.7433 0.2567 
N1 2
0.0372 0.9628 
N2 2
0.5205 0.4795 
N3 2
0.6289 0.3711 
N4 2
0.6623 0.3377 
N8 2
0.9805 0.0195 
6 577.3776 12.0629
5 397.0085 18.9877
0 548.4185 41.0966
7 242.8818 2.8129
8 164.3564 13.1876
2 103.2484 4.2892
9 242.9521 1.3964
1 361.4256 321.1076
3 298.0329 10.6091
4 166.5256 0.9194
###===
188 0 6 0 0 0 0
N8 0 0
0.5901 0.9821 
0.5921 0.4079 
N0 2
0.7433 0.2567 
N1 2
0.0372 0.9628 
N2 2
0.5205 0.4795 
N3 2
0.6289 0.3711 
N4 2
0.6623 0.3377 
N8 2
0.5921 0.4079 
6 689.4608 0.478
5 339.0499 18.9877
0 548.4186 41.0966
7 242.8818 2.8129
8 125.0241 13.1876
2 132.0898 4.2892
9 242.2518 1.3964
1 347.2947 321.1076
3 223.9541 10.6091
4 165.7895 0.9194
###===
189 0 4 0 0 0 0
N3 0 2
N2 N4 
0 0 
0.2004 0.9093 
0.4856 0.5144 
N0 2
0.7433 0.2567 
N1 2
0.0372 0.9628 
N2 2
0.5205 0.4795 
N3 2
0.5045 0.4955 
N4 2
0.6623 0.3377 
N8 2
0.5921 0.4079 
6 666.8979 0.478
5 344.004 18.9877
0 552.6246 41.0966
7 222.9986 2.8129
8 123.852 13.1876
2 119.1029 4.2892
9 280.0279 1.3964
1 348.0909 321.1076
3 223.9541 10.6091
4 167.2401 0.9194
###===
190 0 1 0 0 0 0
N0 1 1
N1 
0 
0.0273 0.9206 
0.9682 0.0318 
N0 2
0.7517 0.2483 
N1 2
0.0372 0.9628 
N2 2
0.5205 0.4795 
N3 2
0.5045 0.4955 
N4 2
0.6623 0.3377 
N8 2
0.5921 0.4079 
6 666.8979 0.478
5 344.8321 18.9877
0 551.4321 41.0966
7 222.2424 2.8129
8 124.67 13.1876
2 119.1014 4.2892
9 279.13 1.3964
1 349.1049 21.7649
3 223.4242 10.6091
4 167.1954 0.9194
###===
191 0 4 83.1918 2 0 0
N0 0 1
N1 
0 
0.9693 0.0307 
N0 0 1
N1 
1 
0.5756 0.4244 
N0 2
0.5902 0.4098 
N1 2
0.0372 0.9628 
N2 2
0.5205 0.4795 
N3 2
0.5045 0.4955 
N4 2
0.6623 0.3377 
N8 2
0.5921 0.4079 
6 666.898 0.478
5 344.8362 18.9877
0 511.097 41.0966
7 211.3198 2.8129
8 151.0322 13.1876
2 119.1311 4.2892
9 296.4977 1.3964
1 349.119 21.7649
3 217.1061 10.6091
4 241.9138 84.2782
###===
192 0 4 0 0 0 0
N1 1 1
N0 
1 
0.3244 0.9984 
0.6722 0.3278 
N0 2
0.5902 0.4098 
N1 2
0.3115 0.6885 
N2 2
0.5205 0.4795 
N3 2
0.5045 0.4955 
N4 2
0.6623 0.3377 
N8 2
0.5921 0.4079 
6 658.1389 0.478
5 319.9421 18.9877
0 511.097 41.0966
7 211.3198 2.8129
8 106.8522 13.1876
2 119.1311 4.2892
9 296.4977 1.3964
1 267.0068 21.7649
3 216.8725 10.6091
4 417.0751 1.4875
###===
193 0 5 0 0 0 0
N3 0 1
N2 
1 
0.3348 0.9017 
0.3376 0.6624 
N0 2
0.5902 0.4098 
N1 2
0.3115 0.6885 
N2 2
0.5205 0.4795 
N3 2
0.4832 0.5168 
N4 2
0.6814 0.3186 
N8 2
0.5921 0.4079 
6 650.288 0.478
5 325.4621 1.2084
0 509.8265 41.0966
7 211.9054 2.8129
8 106.3905 13.1876
2 119.319 4.2892
9 300.2243 1.3964
1 266.9985 21.7649
3 217.2002 10.6091
4 417.9168 1.4875
###===
194 0 5 0 0 0 0
N8 1 0
0.4045 0.7913 
0.5936 0.4064 
N0 2
0.5902 0.4098 
N1 2
0.3115 0.6885 
N2 2
0.5205 0.4795 
N3 2
0.4832 0.5168 
N4 2
0.6814 0.3186 
N8 2
0.5936 0.4064 
6 649.6126 0.478
5 325.6866 0.6769
0 509.8265 41.0966
7 211.9054 2.8129
8 106.5424 13.1876
2 119.2076 4.2892
9 300.227 1.3964
1 267.053 21.7649
3 217.4863 10.6091
4 417.9196 1.4875
###===
195 0 9 0 0 0 0
N3 0 2
N2 N4 
0 0 
0.1421 0.9816 
0.1463 0.8537 
N0 2
0.5902 0.4098 
N1 2
0.3115 0.6885 
N2 2
0.5205 0.4795 
N3 2
0.3638 0.6362 
N4 2
0.6814 0.3186 
N8 2
0.5936 0.4064 
6 627.9586 0.478
5 330.4412 0.6769
0 513.8631 41.0966
7 192.823 2.8129
8 105.4175 13.1876
2 106.7438 4.2892
9 349.5276 1.3965
1 267.8172 21.7649
3 217.4863 10.6091
4 432.5661 1.4875
###===
196 0 5 20.5945 0 0 0
N0 0 1
N1 
1 
0.3703 0.9103 
0.9076 0.0924 
N0 2
0.6609 0.3391 
N1 2
0.3115 0.6885 
N2 2
0.5205 0.4795 
N3 2
0.3638 0.6362 
N4 2
0.6814 0.3186 
N8 2
0.5936 0.4064 
6 627.9586 0.478
5 355.0016 4.2046
0 531.5216 41.0966
7 197.6039 2.8129
8 93.8763 13.1876
2 106.7308 4.2892
9 341.9211 1.3965
1 267.8172 21.7649
3 220.2516 10.6091
4 443.9149 1.4875
###===
197 0 6 0 0 0 0
N3 0 2
N2 N4 
1 0 
0.0453 0.9743 
0.9697 0.0303 
N0 2
0.6609 0.3391 
N1 2
0.3115 0.6885 
N2 2
0.5205 0.4795 
N3 2
0.6683 0.3317 
N4 2
0.6814 0.3186 
N8 2
0.5936 0.4064 
6 605.3456 23.8908
5 271.5698 4.2046
0 521.2278 41.0966
7 246.2669 2.8129
8 100.4969 13.1876
2 139.0536 4.2892
9 397.0694 1.3965
1 269.1023 21.7649
3 220.2516 10.6091
4 432.4177 1.4875
###===
198 0 8 0 0 0 0
N0 0 1
N1 
1 
0.8283 0.9728 
0.829 0.171 
N0 2
0.6068 0.3932 
N1 2
0.3115 0.6885 
N2 2
0.5205 0.4795 
N3 2
0.6683 0.3317 
N4 2
0.6814 0.3186 
N8 2
0.5936 0.4064 
6 605.3456 23.8908
5 264.7974 4.2046
0 507.7121 41.0966
7 242.6076 2.8129
8 112.3266 0.1192
2 139.0636 4.2892
9 402.8914 1.3965
1 269.1023 21.7649
3 218.135 10.6091
4 423.7314 1.4875
###===
199 0 9 0 2 0 0
N0 1 1
N1 
0 
0.2162 0.7838 
N0 1 1
N1 
1 
0.9109 0.0891 
N0 2
0.6945 0.3055 
N1 2
0.3115 0.6885 
N2 2
0.5205 0.4795 
N3 2
0.6683 0.3317 
N4 2
0.6814 0.3186 
N8 2
0.5936 0.4064 
6 605.3456 23.8908
5 274.9564 4.2046
0 517.3177 41.0966
7 243.5833 2.8129
8 100.4513 0.1192
2 139.0475 4.2892
9 398.0369 14.9832
1 279.7157 21.7649
3 218.3527 10.6091
4 408.0045 1.4875
