Gch_comingSoon999
0 0 6 0 0 0 1
N0 1 1
N1 
1 
0.25 0.75 
0.2525 0.7475 
N0 2
0.3762 0.6237 
N1 2
0.5 0.5 
N2 2
0.5 0.5 
N3 2
0.5 0.5 
N4 2
0.5 0.5 
N5 3
0.3333 0.3333 0.3333 
N6 2
0.5 0.5 
N7 2
0.5 0.5 
N8 2
0.5 0.5 
N9 2
0.5 0.5 
6 109.2392 1.4355
0
6 100 100
N0 2
0.3762 0.6237 
N1 2
0.5 0.5 
N2 2
0.5 0.5 
N3 2
0.5 0.5 
N4 2
0.5 0.5 
N5 3
0.3333 0.3333 0.3333 
N6 2
0.5 0.5 
N7 2
0.5 0.5 
N8 2
0.5 0.5 
N9 2
0.5 0.5 
###===
1 1 9 0 0 0 0
N7 
2 
N6 0 2
N5 N8 
2 0 
0.25 0.75 
0.7475 0.2525 
N0 2
0.3762 0.6237 
N1 2
0.5 0.5 
N2 2
0.5 0.5 
N3 2
0.5 0.5 
N4 2
0.5 0.5 
N5 3
0.3333 0.3333 0.3333 
N6 2
0.5412 0.4588 
N7 2
0.5 0.5 
N8 2
0.5 0.5 
N9 2
0.5 0.5 
6 100 100
9 103.0797 1.4355
###===
2 0 3 0 0 0 0
N0 1 1
N1 
1 
0.3738 0.8737 
0.6237 0.3763 
N0 2
0.5619 0.4381 
N1 2
0.5 0.5 
N2 2
0.5 0.5 
N3 2
0.5 0.5 
N4 2
0.5 0.5 
N5 3
0.3333 0.3333 0.3333 
N6 2
0.5412 0.4588 
N7 2
0.5 0.5 
N8 2
0.5 0.5 
N9 2
0.5 0.5 
6 100 100
9 103.0797 1.4355
3 122.0526 0.981
###===
3 0 1 0 0 0 0
N4 1 1
N3 
1 
0.25 0.75 
0.2525 0.7475 
N0 2
0.5619 0.4381 
N1 2
0.5 0.5 
N2 2
0.5 0.5 
N3 2
0.5 0.5 
N4 2
0.3762 0.6237 
N5 3
0.3333 0.3333 0.3333 
N6 2
0.5412 0.4588 
N7 2
0.5 0.5 
N8 2
0.5 0.5 
N9 2
0.5 0.5 
6 100 100
9 103.0797 1.4355
1 109.2392 1.4355
3 122.0526 0.981
###===
4 0 4 19.7799 0 0 0
N6 0 1
N8 
0 
0.2539 0.818 
0.2568 0.7432 
N0 2
0.5619 0.4381 
N1 2
0.5 0.5 
N2 2
0.5 0.5 
N3 2
0.5 0.5 
N4 2
0.3762 0.6237 
N5 3
0.3517 0.3517 0.2965 
N6 2
0.3784 0.6216 
N7 2
0.5 0.5 
N8 2
0.5 0.5 
N9 2
0.5 0.5 
6 100 100
9 95.8026 1.4355
1 109.2392 1.4355
3 122.0526 0.981
4 135.5241 1.6186
###===
5 0 9 0 1 0 0
N6 0 2
N5 N8 
2 0 
0.1985 0.8015 
N0 2
0.5619 0.4381 
N1 2
0.5 0.5 
N2 2
0.5 0.5 
N3 2
0.5 0.5 
N4 2
0.3762 0.6237 
N5 3
0.3517 0.3517 0.2965 
N6 2
0.3492 0.6508 
N7 2
0.5 0.5 
N8 2
0.5 0.5 
N9 2
0.5 0.5 
6 100 100
9 93.3594 48.8541
1 109.2392 1.4355
3 122.0526 0.981
4 141.394 1.6186
###===
6 0 9 0 0 0 0
N8 0 2
N5 N7 
1 0 
0.2631 0.7631 
0.2656 0.7344 
N0 2
0.5619 0.4381 
N1 2
0.5 0.5 
N2 2
0.5 0.5 
N3 2
0.5 0.5 
N4 2
0.3762 0.6237 
N5 3
0.3517 0.3517 0.2965 
N6 2
0.3631 0.6369 
N7 2
0.5 0.5 
N8 2
0.4542 0.5458 
N9 2
0.5 0.5 
6 100 100
9 96.9181 1.371
1 109.2392 1.4355
3 122.0526 0.981
4 139.4129 1.6186
###===
7 0 1 0 0 0 0
N0 0 1
N1 
1 
0.6175 0.6274 
0.6274 0.3726 
N0 2
0.5637 0.4363 
N1 2
0.5 0.5 
N2 2
0.5 0.5 
N3 2
0.5 0.5 
N4 2
0.3762 0.6237 
N5 3
0.3517 0.3517 0.2965 
N6 2
0.3631 0.6369 
N7 2
0.5 0.5 
N8 2
0.4542 0.5458 
N9 2
0.5 0.5 
6 100 100
9 96.9181 1.371
1 109.2413 0.01
3 122.4771 0.981
4 139.4129 1.6186
###===
8 0 7 0 0 0 0
N0 0 1
N1 
1 
0.3137 0.8137 
0.3162 0.6838 
N0 2
0.4081 0.5919 
N1 2
0.5 0.5 
N2 2
0.5 0.5 
N3 2
0.5 0.5 
N4 2
0.3762 0.6237 
N5 3
0.3517 0.3517 0.2965 
N6 2
0.3631 0.6369 
N7 2
0.5 0.5 
N8 2
0.4542 0.5458 
N9 2
0.5 0.5 
6 100 100
7 114.3197 1.1452
9 96.9181 1.371
1 108.8867 0.01
3 86.7706 0.981
4 139.4129 1.6186
###===
9 0 7 66.6608 0 0 0
N2 1 2
N3 N4 
1 1 
0.3125 0.6875 
0.6856 0.3144 
N0 2
0.4081 0.5919 
N1 2
0.5 0.5 
N2 2
0.5694 0.4306 
N3 2
0.5 0.5 
N4 2
0.3762 0.6237 
N5 3
0.3517 0.3517 0.2965 
N6 2
0.3631 0.6369 
N7 2
0.5 0.5 
N8 2
0.4542 0.5458 
N9 2
0.5 0.5 
6 100 100
7 184.7857 0.8733
9 96.9181 1.371
1 108.8867 0.01
3 86.7706 0.981
4 139.4129 1.6186
###===
10 0 1 0 0 0 0
N8 1 1
N5 
1 
0.6041 0.6041 
0.3959 0.6041 
N0 2
0.4081 0.5919 
N1 2
0.5 0.5 
N2 2
0.5694 0.4306 
N3 2
0.5 0.5 
N4 2
0.3762 0.6237 
N5 3
0.3517 0.3517 0.2965 
N6 2
0.3631 0.6369 
N7 2
0.5 0.5 
N8 2
0.4542 0.5458 
N9 2
0.5 0.5 
6 100 100
7 184.7857 0.8733
9 96.9178 1.371
1 108.8867 0.0071
3 86.7706 0.981
4 139.4131 1.6186
###===
11 0 8 0 0 0 1
N5 2 2
N7 N8 
1 1 
0.1667 0.6667 
0.1679 0.1679 0.6642 
N0 2
0.4081 0.5919 
N1 2
0.5 0.5 
N2 2
0.5694 0.4306 
N3 2
0.5 0.5 
N4 2
0.3762 0.6237 
N5 3
0.3104 0.3104 0.3792 
N6 2
0.3631 0.6369 
N7 2
0.5 0.5 
N8 2
0.4542 0.5458 
N9 2
0.5 0.5 
6 100 100
7 184.7857 0.8733
8 108.2103 1.0627
9 96.9177 1.371
1 108.8868 0.0071
3 86.7706 0.981
4 139.4131 1.6186
0
6 100 100
7 166.6608 166.6608
8 100 100
9 100 100
1 100 100
3 100 100
4 119.7799 119.7799
N0 2
0.4081 0.5919 
N1 2
0.5 0.5 
N2 2
0.5694 0.4306 
N3 2
0.5 0.5 
N4 2
0.3762 0.6237 
N5 3
0.3104 0.3104 0.3792 
N6 2
0.3631 0.6369 
N7 2
0.5 0.5 
N8 2
0.4542 0.5458 
N9 2
0.5 0.5 
###===
12 0 1 62.4547 0 1 0
N5 1 1
N8 
1 
0.1017 0.7774 
0.2993 0.1051 0.5956 
N0 2
0.4081 0.5919 
N1 2
0.5 0.5 
N2 2
0.5694 0.4306 
N3 2
0.5 0.5 
N4 2
0.3762 0.6237 
N5 3
0.3484 0.1966 0.4549 
N6 2
0.3631 0.6369 
N7 2
0.4647 0.5353 
N8 2
0.4542 0.5458 
N9 2
0.5 0.5 
6 100 100
7 166.6608 166.6608
8 100 100
9 100 100
1 172.0942 4.7692
3 100 100
4 119.7799 119.7799
N5
1
N0 2
0.4081 0.5919 
N1 2
0.5 0.5 
N2 2
0.5694 0.4306 
N3 2
0.5 0.5 
N4 2
0.3762 0.6237 
N6 2
0.2865 0.7135 
N7 2
0.4578 0.5422 
N8 2
0.7082 0.2918 
N9 2
0.5 0.5 
6 100 100
7 166.6608 166.6608
8 100 100
9 100 100
1 116.4489 4.7692
3 100 100
4 119.7799 119.7799
###===
13 0 9 0 0 0 0
N0 0 1
N1 
0 
0.25 0.75 
0.2525 0.7475 
N0 2
0.2844 0.7157 
N1 2
0.5 0.5 
N2 2
0.5694 0.4306 
N3 2
0.5 0.5 
N4 2
0.3762 0.6237 
N6 2
0.2865 0.7135 
N7 2
0.4578 0.5422 
N8 2
0.7082 0.2918 
N9 2
0.5 0.5 
6 100 100
7 166.6608 166.6608
8 100 100
9 109.2392 1.4355
1 116.4489 4.7692
3 100 100
4 119.7799 119.7799
###===
14 0 2 0 0 0 0
N3 1 2
N2 N4 
0 1 
0.3361 0.8361 
0.6614 0.3386 
N0 2
0.2844 0.7157 
N1 2
0.5 0.5 
N2 2
0.5694 0.4306 
N3 2
0.6272 0.3728 
N4 2
0.3762 0.6237 
N6 2
0.2865 0.7135 
N7 2
0.4578 0.5422 
N8 2
0.7082 0.2918 
N9 2
0.5 0.5 
6 100 100
7 166.6608 166.6608
8 100 100
2 112.7587 1.0852
9 109.2392 1.4355
1 116.4489 4.7692
3 100 100
4 119.7799 119.7799
###===
15 0 7 0 0 0 0
N8 1 1
N7 
1 
0.0416 0.7266 
0.2768 0.7232 
N0 2
0.2844 0.7157 
N1 2
0.5 0.5 
N2 2
0.5694 0.4306 
N3 2
0.6272 0.3728 
N4 2
0.3762 0.6237 
N6 2
0.3831 0.6169 
N7 2
0.4578 0.5422 
N8 2
0.3877 0.6123 
N9 2
0.5 0.5 
6 100 100
7 238.1483 1.7716
8 100 100
2 112.7587 1.0852
9 109.2392 1.4355
1 65.8986 4.7692
3 100 100
4 119.7799 119.7799
###===
16 0 7 0 0 0 0
N6 1 1
N8 
1 
0.1575 0.8425 
0.8391 0.1609 
N0 2
0.2844 0.7157 
N1 2
0.5 0.5 
N2 2
0.5694 0.4306 
N3 2
0.6272 0.3728 
N4 2
0.3762 0.6237 
N6 2
0.5908 0.4092 
N7 2
0.4578 0.5422 
N8 2
0.3877 0.6123 
N9 2
0.5 0.5 
6 100 100
7 260.4091 1.7716
8 100 100
2 112.7587 1.0852
9 109.2392 1.4355
1 65.8986 4.7692
3 100 100
4 119.7799 119.7799
###===
17 0 8 0 0 0 0
N4 1 2
N2 N3 
0 1 
0.3358 0.8358 
0.1667 0.8333 
N0 2
0.2844 0.7157 
N1 2
0.5 0.5 
N2 2
0.5694 0.4306 
N3 2
0.6272 0.3728 
N4 2
0.3452 0.6548 
N6 2
0.5908 0.4092 
N7 2
0.4578 0.5422 
N8 2
0.3877 0.6123 
N9 2
0.5 0.5 
6 100 100
7 260.4091 1.7716
8 101.8509 2.1755
2 109.6841 1.0852
9 109.2392 1.4355
1 65.8986 4.7692
3 100 100
4 119.7799 119.7799
###===
18 0 2 0 0 0 0
N6 1 1
N8 
0 
0.7955 0.803 
0.2045 0.7955 
N0 2
0.2844 0.7157 
N1 2
0.5 0.5 
N2 2
0.5694 0.4306 
N3 2
0.6272 0.3728 
N4 2
0.3452 0.6548 
N6 2
0.5931 0.4069 
N7 2
0.4578 0.5422 
N8 2
0.3877 0.6123 
N9 2
0.5 0.5 
6 100 100
7 260.4091 1.7716
8 101.8509 2.1755
2 109.6905 0.0007
9 109.2392 1.4355
1 65.8986 4.7692
3 100 100
4 119.7799 119.7799
###===
19 0 4 57.3231 0 0 0
N6 0 1
N8 
1 
0.2459 0.9529 
0.2494 0.7506 
N0 2
0.2844 0.7157 
N1 2
0.5 0.5 
N2 2
0.5694 0.4306 
N3 2
0.6272 0.3728 
N4 2
0.3452 0.6548 
N6 2
0.232 0.768 
N7 2
0.4578 0.5422 
N8 2
0.3877 0.6123 
N9 2
0.5 0.5 
6 100 100
7 174.3723 1.7716
8 101.8509 2.1755
2 109.6905 0.0007
9 109.2392 1.4355
1 65.8986 4.7692
3 100 100
4 252.4933 2.0649
###===
20 0 6 0 0 0 0
N8 0 1
N6 
0 
0.1709 0.6709 
0.6684 0.3316 
N0 2
0.2844 0.7157 
N1 2
0.5 0.5 
N2 2
0.5694 0.4306 
N3 2
0.6272 0.3728 
N4 2
0.3452 0.6548 
N6 2
0.232 0.768 
N7 2
0.477 0.523 
N8 2
0.4635 0.5365 
N9 2
0.5 0.5 
6 107.3982 1.0752
7 151.9628 1.7716
8 101.8509 2.1755
2 110.0162 0.0007
9 109.2392 1.4355
1 77.8491 4.7692
3 100 100
4 265.7589 2.0649
###===
21 0 3 21.4988 0 0 0
N7 1 1
N8 
0 
0.1668 0.736 
0.8304 0.1696 
N0 2
0.2844 0.7157 
N1 2
0.5 0.5 
N2 2
0.5694 0.4306 
N3 2
0.6272 0.3728 
N4 2
0.3452 0.6548 
N6 2
0.232 0.768 
N7 2
0.5778 0.4222 
N8 2
0.4635 0.5365 
N9 2
0.5 0.5 
6 107.3982 1.0752
7 168.5882 1.7716
8 101.8509 2.1755
2 110.0162 0.0007
9 109.2392 1.4355
1 77.8491 4.7692
3 129.0067 2.4207
4 265.7589 2.0649
###===
22 0 3 0 1 0 0
N7 1 1
N8 
0 
0.6128 0.3872 
N0 2
0.2844 0.7157 
N1 2
0.5 0.5 
N2 2
0.5694 0.4306 
N3 2
0.6272 0.3728 
N4 2
0.3452 0.6548 
N6 2
0.232 0.768 
N7 2
0.477 0.523 
N8 2
0.4635 0.5365 
N9 2
0.5 0.5 
6 107.3982 1.0752
7 151.9628 1.7716
8 101.8509 2.1755
2 110.0162 0.0007
9 109.2392 1.4355
1 77.8491 4.7692
3 121.4988 121.4988
4 265.7589 2.0649
###===
23 0 6 0 0 0 0
N8 0 1
N6 
1 
0.2008 0.7008 
0.6983 0.3017 
N0 2
0.2844 0.7157 
N1 2
0.5 0.5 
N2 2
0.5694 0.4306 
N3 2
0.6272 0.3728 
N4 2
0.3452 0.6548 
N6 2
0.232 0.768 
N7 2
0.5347 0.4653 
N8 2
0.6914 0.3086 
N9 2
0.5 0.5 
6 127.3145 1.0752
7 138.8755 1.7716
8 101.8509 2.1755
2 109.769 0.0007
9 109.2392 1.4355
1 113.7872 4.7692
3 121.4988 121.4988
4 215.1201 2.0649
###===
24 0 0 0 0 0 0
N3 1 1
N4 
0 
0.1379 0.6379 
0.3646 0.6354 
N0 2
0.2844 0.7157 
N1 2
0.5 0.5 
N2 2
0.5491 0.4509 
N3 2
0.503 0.497 
N4 2
0.3452 0.6548 
N6 2
0.232 0.768 
N7 2
0.5347 0.4653 
N8 2
0.6914 0.3086 
N9 2
0.5 0.5 
6 127.3145 1.0752
0 113.9549 0.9753
7 138.8755 1.7716
8 97.7618 2.1755
2 109.769 0.0007
9 109.2392 1.4355
1 113.7872 4.7692
3 121.4988 121.4988
4 215.1201 2.0649
###===
25 0 7 0 0 0 0
N2 0 1
N4 
1 
0.622 0.6342 
0.6341 0.3659 
N0 2
0.2844 0.7157 
N1 2
0.5 0.5 
N2 2
0.552 0.448 
N3 2
0.5033 0.4967 
N4 2
0.3452 0.6548 
N6 2
0.232 0.768 
N7 2
0.5347 0.4653 
N8 2
0.6914 0.3086 
N9 2
0.5 0.5 
6 127.3145 1.0752
0 113.9549 0.9753
7 138.8795 0.0338
8 97.7969 2.1755
2 109.8372 0.0007
9 109.2392 1.4355
1 113.7872 4.7692
3 121.4988 121.4988
4 215.1201 2.0649
###===
26 0 0 0 0 0 0
N3 0 1
N4 
1 
0.2882 0.7882 
0.7857 0.2143 
N0 2
0.2844 0.7157 
N1 2
0.5 0.5 
N2 2
0.5645 0.4355 
N3 2
0.6404 0.3596 
N4 2
0.3452 0.6548 
N6 2
0.232 0.768 
N7 2
0.5347 0.4653 
N8 2
0.6914 0.3086 
N9 2
0.5 0.5 
6 127.3145 1.0752
0 123.1545 0.9753
7 138.9139 0.0338
8 95.3161 2.1755
2 127.0568 0.0007
9 109.2392 1.4355
1 113.7872 4.7692
3 121.4988 121.4988
4 215.1201 2.0649
###===
27 0 6 0 0 0 0
N7 0 1
N8 
1 
0.3569 0.3644 
0.357 0.643 
N0 2
0.2844 0.7157 
N1 2
0.5 0.5 
N2 2
0.5645 0.4355 
N3 2
0.6404 0.3596 
N4 2
0.3452 0.6548 
N6 2
0.232 0.768 
N7 2
0.5339 0.4661 
N8 2
0.6914 0.3086 
N9 2
0.5 0.5 
6 127.3152 0.0274
0 123.1545 0.9753
7 139.111 0.0338
8 95.3161 2.1755
2 127.0568 0.0007
9 109.2392 1.4355
1 113.7872 4.7692
3 121.4988 121.4988
4 215.1201 2.0649
###===
28 0 5 0 0 0 0
N1 1 1
N0 
0 
0.278 0.778 
0.2245 0.7755 
N0 2
0.2844 0.7157 
N1 2
0.4376 0.5624 
N2 2
0.5645 0.4355 
N3 2
0.6404 0.3596 
N4 2
0.3452 0.6548 
N6 2
0.232 0.768 
N7 2
0.5339 0.4661 
N8 2
0.6914 0.3086 
N9 2
0.5 0.5 
6 127.3152 0.0274
5 104.3049 1.6172
0 123.1545 0.9753
7 139.111 0.0338
8 95.3161 2.1755
2 127.0568 0.0007
9 115.3909 1.4355
1 113.7872 4.7692
3 121.4988 121.4988
4 215.1201 2.0649
###===
29 0 6 54.3832 0 0 0
N2 0 1
N3 
1 
0.2964 0.6106 
0.298 0.702 
N0 2
0.2844 0.7157 
N1 2
0.4376 0.5624 
N2 2
0.5162 0.4838 
N3 2
0.6404 0.3596 
N4 2
0.3566 0.6434 
N6 2
0.232 0.768 
N7 2
0.5339 0.4661 
N8 2
0.6914 0.3086 
N9 2
0.5 0.5 
6 183.6776 0.7713
5 104.3049 1.6172
0 125.6605 0.9753
7 139.0612 0.0338
8 96.7705 2.1755
2 129.563 0.0007
9 115.3909 1.4355
1 113.7872 4.7692
3 121.4988 121.4988
4 215.1201 2.0649
###===
30 0 8 0 0 0 0
N9 1 0
0.4925 0.5075 
0.5074 0.4926 
N0 2
0.2844 0.7157 
N1 2
0.4376 0.5624 
N2 2
0.5162 0.4838 
N3 2
0.6404 0.3596 
N4 2
0.3566 0.6434 
N6 2
0.232 0.768 
N7 2
0.5339 0.4661 
N8 2
0.6914 0.3086 
N9 2
0.5074 0.4926 
6 183.6776 0.7713
5 104.3049 1.6172
0 125.6604 0.9753
7 139.0612 0.0338
8 96.7863 0.0244
2 129.563 0.0007
9 115.3909 1.4355
1 113.7872 4.7692
3 121.4988 121.4988
4 215.1201 2.0649
###===
31 0 6 81.5139 0 0 0
N9 1 0
0.2785 0.7132 
0.289 0.711 
N0 2
0.2844 0.7157 
N1 2
0.4376 0.5624 
N2 2
0.5162 0.4838 
N3 2
0.6404 0.3596 
N4 2
0.3566 0.6434 
N6 2
0.232 0.768 
N7 2
0.5339 0.4661 
N8 2
0.6914 0.3086 
N9 2
0.289 0.711 
6 279.3658 1.0798
5 104.3049 1.6172
0 125.6605 0.9753
7 139.0613 0.0338
8 95.8536 0.0244
2 129.563 0.0007
9 115.3909 1.4355
1 113.7872 4.7692
3 121.4988 121.4988
4 215.1201 2.0649
###===
32 0 6 0 1 0 0
N3 1 2
N2 N4 
0 1 
0.8092 0.1908 
N0 2
0.2844 0.7157 
N1 2
0.4376 0.5624 
N2 2
0.5162 0.4838 
N3 2
0.6198 0.3802 
N4 2
0.3566 0.6434 
N6 2
0.232 0.768 
N7 2
0.5339 0.4661 
N8 2
0.6914 0.3086 
N9 2
0.289 0.711 
6 278.8388 1.0798
5 104.3049 1.6172
0 122.7283 0.9753
7 139.0612 0.0338
8 96.4918 0.0244
2 125.4592 0.0007
9 115.3909 1.4355
1 113.7872 4.7692
3 121.4988 121.4988
4 215.1201 2.0649
###===
33 0 1 0 0 0 1
N4 0 2
N2 N3 
0 0 
0.1567 0.1892 
0.1568 0.8432 
N0 2
0.2844 0.7157 
N1 2
0.4376 0.5624 
N2 2
0.5162 0.4838 
N3 2
0.6198 0.3802 
N4 2
0.3546 0.6454 
N6 2
0.232 0.768 
N7 2
0.5339 0.4661 
N8 2
0.6914 0.3086 
N9 2
0.289 0.711 
6 278.8212 1.0798
5 104.3049 1.6172
0 123.0152 0.9753
7 139.0633 0.0338
8 96.4918 0.0244
2 125.6613 0.0007
9 115.3909 1.4355
1 113.7927 0.1174
3 121.4988 121.4988
4 215.1201 2.0649
26
6 263.2116 136.9723
5 100 100
0 115.5324 0.9753
7 139.0633 0.0338
8 97.4087 2.1755
2 125.6613 0.0007
9 115.3909 1.4355
1 113.7872 4.7692
3 121.4988 121.4988
4 215.1201 2.0649
N0 2
0.2844 0.7157 
N1 2
0.4376 0.5624 
N2 2
0.5162 0.4838 
N3 2
0.6198 0.3802 
N4 2
0.3546 0.6454 
N6 2
0.232 0.768 
N7 2
0.5339 0.4661 
N8 2
0.6914 0.3086 
N9 2
0.289 0.711 
###===
34 0 7 0 1 0 0
N4 0 2
N2 N3 
1 0 
0.2697 0.7303 
N0 2
0.2844 0.7157 
N1 2
0.4376 0.5624 
N2 2
0.5162 0.4838 
N3 2
0.6198 0.3802 
N4 2
0.3541 0.6459 
N6 2
0.232 0.768 
N7 2
0.5339 0.4661 
N8 2
0.6914 0.3086 
N9 2
0.289 0.711 
6 263.2116 136.9723
5 100 100
0 115.5869 0.9753
7 139.0628 0.0338
8 97.4087 2.1755
2 125.6613 0.0007
9 115.3909 1.4355
1 113.7872 4.7692
3 121.4988 121.4988
4 215.1201 2.0649
###===
35 0 8 0 0 0 0
N4 1 2
N2 N3 
0 0 
0.4216 0.9216 
0.5759 0.4241 
N0 2
0.2844 0.7157 
N1 2
0.4376 0.5624 
N2 2
0.5162 0.4838 
N3 2
0.6198 0.3802 
N4 2
0.5169 0.4831 
N6 2
0.232 0.768 
N7 2
0.5339 0.4661 
N8 2
0.6914 0.3086 
N9 2
0.289 0.711 
6 263.2116 136.9723
5 100 100
0 99.4608 0.9753
7 138.8979 0.0338
8 123.0705 0.853
2 109.1748 0.0007
9 115.3909 1.4355
1 113.7872 4.7692
3 121.4988 121.4988
4 215.1201 2.0649
###===
36 0 0 0 0 0 0
N9 0 0
0.2871 0.2938 
0.2871 0.7129 
N0 2
0.2844 0.7157 
N1 2
0.4376 0.5624 
N2 2
0.5162 0.4838 
N3 2
0.6198 0.3802 
N4 2
0.5169 0.4831 
N6 2
0.232 0.768 
N7 2
0.5339 0.4661 
N8 2
0.6914 0.3086 
N9 2
0.2871 0.7129 
6 263.2116 136.9723
5 100 100
0 99.4621 0.0237
7 138.8979 0.0338
8 123.0705 0.853
2 109.1748 0.0007
9 115.3909 1.4355
1 113.7872 4.7692
3 121.4988 121.4988
4 215.1201 2.0649
###===
37 0 9 0 0 0 0
N2 1 1
N4 
1 
0.495 0.5049 
0.5049 0.4951 
N0 2
0.2844 0.7157 
N1 2
0.4376 0.5624 
N2 2
0.5186 0.4814 
N3 2
0.6198 0.3802 
N4 2
0.5169 0.4831 
N6 2
0.232 0.768 
N7 2
0.5339 0.4661 
N8 2
0.6914 0.3086 
N9 2
0.2871 0.7129 
6 263.2116 136.9723
5 100 100
0 99.4621 0.0237
7 138.9036 0.0338
8 122.9349 0.853
2 109.2632 0.0007
9 115.3942 0.0258
1 113.7872 4.7692
3 121.4988 121.4988
4 215.1201 2.0649
###===
38 0 5 0 0 0 0
N9 0 0
0.1436 0.6436 
0.6411 0.3589 
N0 2
0.2844 0.7157 
N1 2
0.4376 0.5624 
N2 2
0.5186 0.4814 
N3 2
0.6198 0.3802 
N4 2
0.5169 0.4831 
N6 2
0.232 0.768 
N7 2
0.5339 0.4661 
N8 2
0.6914 0.3086 
N9 2
0.6411 0.3589 
6 263.2116 136.9723
5 138.7679 0.9882
0 98.9889 0.0237
7 138.9036 0.0338
8 122.9349 0.853
2 109.2632 0.0007
9 115.3942 0.0258
1 113.7872 4.7692
3 121.4988 121.4988
4 215.1201 2.0649
###===
39 0 7 0 0 0 1
N8 1 1
N7 
0 
0.2045 0.747 
0.2557 0.7443 
N0 2
0.2844 0.7157 
N1 2
0.4376 0.5624 
N2 2
0.5186 0.4814 
N3 2
0.6198 0.3802 
N4 2
0.5169 0.4831 
N6 2
0.2392 0.7608 
N7 2
0.5339 0.4661 
N8 2
0.4042 0.5958 
N9 2
0.6411 0.3589 
6 210.8082 136.9723
5 138.7679 0.9882
0 98.9889 0.0237
7 160.2122 0.0338
8 122.9349 0.853
2 109.228 0.0007
9 115.3942 0.0258
1 68.5024 4.7692
3 121.4988 121.4988
4 250.4947 2.0649
26
6 210.8082 136.9723
5 100 100
0 99.4608 0.9753
7 108.9831 0.0338
8 97.4319 2.1755
2 109.228 0.0007
9 115.3909 1.4355
1 68.5024 4.7692
3 121.4988 121.4988
4 250.4947 2.0649
N0 2
0.2844 0.7157 
N1 2
0.4376 0.5624 
N2 2
0.5186 0.4814 
N3 2
0.6198 0.3802 
N4 2
0.5169 0.4831 
N6 2
0.2392 0.7608 
N7 2
0.5339 0.4661 
N8 2
0.4042 0.5958 
N9 2
0.6411 0.3589 
###===
40 0 4 31.2549 0 0 0
N6 1 1
N8 
1 
0.038 0.8021 
0.2017 0.7983 
N0 2
0.2844 0.7157 
N1 2
0.4376 0.5624 
N2 2
0.5186 0.4814 
N3 2
0.6198 0.3802 
N4 2
0.5169 0.4831 
N6 2
0.2108 0.7892 
N7 2
0.5339 0.4661 
N8 2
0.4042 0.5958 
N9 2
0.6411 0.3589 
6 210.8114 136.9723
5 100 100
0 99.4608 0.9753
7 102.232 0.0338
8 97.4319 2.1755
2 109.228 0.0007
9 115.3909 1.4355
1 68.5024 4.7692
3 121.4988 121.4988
4 293.5489 2.7787
###===
41 0 1 0 0 0 0
N1 0 1
N0 
0 
0.2172 0.2497 
0.2496 0.7504 
N0 2
0.2844 0.7157 
N1 2
0.4447 0.5553 
N2 2
0.5186 0.4814 
N3 2
0.6198 0.3802 
N4 2
0.5169 0.4831 
N6 2
0.2108 0.7892 
N7 2
0.5339 0.4661 
N8 2
0.4042 0.5958 
N9 2
0.6411 0.3589 
6 210.8114 136.9723
5 100 100
0 99.4608 0.9753
7 102.2319 0.0338
8 97.4319 2.1755
2 109.228 0.0007
9 114.6875 1.4355
1 68.5748 0.0225
3 121.4988 121.4988
4 293.5489 2.7787
###===
42 0 6 0 1 0 0
N6 1 1
N8 
0 
0.2045 0.7955 
N0 2
0.2844 0.7157 
N1 2
0.4447 0.5553 
N2 2
0.5186 0.4814 
N3 2
0.6198 0.3802 
N4 2
0.5169 0.4831 
N6 2
0.2028 0.7972 
N7 2
0.5339 0.4661 
N8 2
0.4042 0.5958 
N9 2
0.6411 0.3589 
6 210.7428 136.9723
5 100 100
0 99.4608 0.9753
7 102.2319 0.0338
8 97.4319 2.1755
2 109.1849 0.0007
9 114.6875 1.4355
1 68.5748 0.0225
3 121.4988 121.4988
4 293.5489 2.7787
###===
43 0 4 0 0 0 0
N4 1 1
N3 
0 
0.5281 0.5471 
0.4719 0.5281 
N0 2
0.2844 0.7157 
N1 2
0.4447 0.5553 
N2 2
0.5204 0.4796 
N3 2
0.6198 0.3802 
N4 2
0.5233 0.4767 
N6 2
0.2028 0.7972 
N7 2
0.5339 0.4661 
N8 2
0.4042 0.5958 
N9 2
0.6411 0.3589 
6 210.7428 136.9723
5 100 100
0 98.8333 0.9753
7 102.2343 0.0338
8 97.4319 2.1755
2 108.865 0.0007
9 114.6875 1.4355
1 68.5748 0.0225
3 121.4988 121.4988
4 293.5677 0.0125
###===
44 0 3 103.8532 0 0 1
N3 0 1
N2 
0 
0.158 0.9482 
0.1619 0.8381 
N0 2
0.2844 0.7157 
N1 2
0.4447 0.5553 
N2 2
0.5204 0.4796 
N3 2
0.3121 0.6879 
N4 2
0.4657 0.5343 
N6 2
0.2028 0.7972 
N7 2
0.5339 0.4661 
N8 2
0.4042 0.5958 
N9 2
0.6411 0.3589 
6 210.7428 136.9723
5 100 100
0 131.3089 0.9753
7 102.2926 0.0338
8 91.2786 2.1755
2 77.5211 0.0007
9 114.6875 1.4355
1 68.5748 0.0225
3 283.5943 3.5564
4 293.3548 0.0125
26
6 210.6758 136.9723
5 100 100
0 131.3089 0.9753
7 102.2926 0.0338
8 91.2786 2.1755
2 77.5211 0.0007
9 114.6875 1.4355
1 68.5024 4.7692
3 225.352 225.352
4 293.0047 33.3198
N0 2
0.2844 0.7157 
N1 2
0.4447 0.5553 
N2 2
0.5204 0.4796 
N3 2
0.3121 0.6879 
N4 2
0.4657 0.5343 
N6 2
0.2028 0.7972 
N7 2
0.5339 0.4661 
N8 2
0.4042 0.5958 
N9 2
0.6411 0.3589 
###===
45 0 7 0 0 0 0
N7 1 1
N8 
0 
0.6621 0.8923 
0.3368 0.6632 
N0 2
0.2844 0.7157 
N1 2
0.4447 0.5553 
N2 2
0.5204 0.4796 
N3 2
0.3121 0.6879 
N4 2
0.4657 0.5343 
N6 2
0.2028 0.7972 
N7 2
0.5335 0.4665 
N8 2
0.4042 0.5958 
N9 2
0.6411 0.3589 
6 210.6758 136.9723
5 100 100
0 131.3089 0.9753
7 102.2291 0.2416
8 91.2786 2.1755
2 77.5211 0.0007
9 114.6875 1.4355
1 68.5024 4.7692
3 225.352 225.352
4 293.0047 33.3198
###===
46 0 4 0 0 0 0
N3 0 1
N2 
0 
0.1285 0.3347 
0.1295 0.8705 
N0 2
0.2844 0.7157 
N1 2
0.4447 0.5553 
N2 2
0.5204 0.4796 
N3 2
0.2952 0.7048 
N4 2
0.4625 0.5375 
N6 2
0.2028 0.7972 
N7 2
0.5335 0.4665 
N8 2
0.4042 0.5958 
N9 2
0.6411 0.3589 
6 210.6758 136.9723
5 100 100
0 133.0884 0.9753
7 102.2323 0.2416
8 90.9415 2.1755
2 75.8037 0.0007
9 114.6875 1.4355
1 68.5024 4.7692
3 225.352 225.352
4 293.3126 1.1047
###===
47 0 6 73.1868 0 0 0
N1 1 1
N0 
1 
0.1113 0.8783 
0.1255 0.8745 
N0 2
0.2844 0.7157 
N1 2
0.1608 0.8392 
N2 2
0.5204 0.4796 
N3 2
0.2952 0.7048 
N4 2
0.4625 0.5375 
N6 2
0.2028 0.7972 
N7 2
0.5335 0.4665 
N8 2
0.4042 0.5958 
N9 2
0.6411 0.3589 
6 319.9733 4.4531
5 100 100
0 133.0884 0.9753
7 102.2323 0.2416
8 90.9415 2.1755
2 75.8037 0.0007
9 98.215 1.4355
1 68.5024 4.7692
3 225.352 225.352
4 293.3126 1.1047
###===
48 0 6 0 0 0 0
N7 0 1
N8 
1 
0.6467 0.677 
0.6468 0.3532 
N0 2
0.2844 0.7157 
N1 2
0.1608 0.8392 
N2 2
0.5204 0.4796 
N3 2
0.2952 0.7048 
N4 2
0.4625 0.5375 
N6 2
0.2028 0.7972 
N7 2
0.5215 0.4785 
N8 2
0.4042 0.5958 
N9 2
0.6411 0.3589 
6 320.0509 0.0327
5 100 100
0 133.0884 0.9753
7 105.1749 0.2416
8 90.9415 2.1755
2 75.8037 0.0007
9 98.215 1.4355
1 68.5024 4.7692
3 225.352 225.352
4 293.3126 1.1047
###===
49 0 5 0 0 0 0
N3 1 2
N2 N4 
0 0 
0.4102 0.9102 
0.5873 0.4127 
N0 2
0.2844 0.7157 
N1 2
0.1608 0.8392 
N2 2
0.5204 0.4796 
N3 2
0.3845 0.6155 
N4 2
0.4625 0.5375 
N6 2
0.2028 0.7972 
N7 2
0.5215 0.4785 
N8 2
0.4042 0.5958 
N9 2
0.6411 0.3589 
6 320.0509 0.0327
5 113.0179 0.8832
0 113.5014 0.9753
7 105.1749 0.2416
8 99.6718 2.1755
2 75.8037 0.0007
9 98.215 1.4355
1 68.5024 4.7692
3 225.352 225.352
4 289.9492 1.1047
###===
50 0 1 0 0 0 0
N7 0 1
N8 
0 
0.1092 0.7849 
0.7815 0.2185 
N0 2
0.2844 0.7157 
N1 2
0.1608 0.8392 
N2 2
0.5204 0.4796 
N3 2
0.3845 0.6155 
N4 2
0.4625 0.5375 
N6 2
0.2028 0.7972 
N7 2
0.7012 0.2988 
N8 2
0.4042 0.5958 
N9 2
0.6411 0.3589 
6 320.0509 0.0327
5 113.0179 0.8832
0 113.5015 0.9753
7 134.7011 0.2416
8 99.6718 2.1755
2 75.8037 0.0007
9 98.2151 1.4355
1 92.7136 2.2737
3 225.352 225.352
4 289.9492 1.1047
###===
51 0 9 0 0 0 0
N4 0 1
N2 
1 
0.5029 0.5128 
0.503 0.497 
N0 2
0.2844 0.7157 
N1 2
0.1608 0.8392 
N2 2
0.5204 0.4796 
N3 2
0.3855 0.6145 
N4 2
0.4602 0.5398 
N6 2
0.2028 0.7972 
N7 2
0.7012 0.2988 
N8 2
0.4042 0.5958 
N9 2
0.6411 0.3589 
6 320.0509 0.0327
5 113.0179 0.8832
0 113.352 0.9753
7 134.697 0.2416
8 99.6718 2.1755
2 75.8037 0.0007
9 98.2184 0.0242
1 92.7136 2.2737
3 225.352 225.352
4 289.9492 1.1047
###===
52 0 5 0 0 1 0
N0 1 1
N1 
1 
0.7412 0.7473 
0.2588 0.7412 
N0 2
0.2882 0.7118 
N1 2
0.1608 0.8392 
N2 2
0.5204 0.4796 
N3 2
0.3855 0.6145 
N4 2
0.4602 0.5398 
N6 2
0.2028 0.7972 
N7 2
0.7012 0.2988 
N8 2
0.4042 0.5958 
N9 2
0.6411 0.3589 
6 319.7184 0.0327
5 113.0245 0.0017
0 113.352 0.9753
7 134.697 0.2416
8 99.6718 2.1755
2 75.8037 0.0007
9 98.2184 0.0242
1 92.7136 2.2737
3 225.352 225.352
4 289.9492 1.1047
N0
0
N1 2
0.2463 0.7537 
N2 2
0.5204 0.4796 
N3 2
0.3855 0.6145 
N4 2
0.4602 0.5398 
N6 2
0.2028 0.7972 
N7 2
0.7012 0.2988 
N8 2
0.4042 0.5958 
N9 2
0.6411 0.3589 
6 283.9402 205.7387
5 114.9433 0.8832
0 113.352 0.9753
7 134.697 0.2416
8 99.6718 2.1755
2 75.8037 0.0007
9 75.7271 0.0242
1 92.7136 2.2737
3 225.352 225.352
4 289.9492 1.1047
###===
53 0 4 0 0 0 0
N4 1 1
N3 
1 
0.447 0.6532 
0.3478 0.6522 
N1 2
0.2463 0.7537 
N2 2
0.5452 0.4548 
N3 2
0.3855 0.6145 
N4 2
0.4054 0.5946 
N6 2
0.2028 0.7972 
N7 2
0.7012 0.2988 
N8 2
0.4042 0.5958 
N9 2
0.6411 0.3589 
6 283.9402 205.7387
5 116.7691 0.8832
0 106.7592 0.9753
7 134.7208 0.2416
8 102.8199 2.1755
2 71.526 0.0007
9 75.795 0.0242
1 92.7136 2.2737
3 225.352 225.352
4 291.5451 0.4241
###===
54 0 3 0 0 0 0
N7 0 1
N8 
0 
0.1639 0.9542 
0.1678 0.8322 
N1 2
0.2463 0.7537 
N2 2
0.5452 0.4548 
N3 2
0.3855 0.6145 
N4 2
0.4054 0.5946 
N6 2
0.2028 0.7972 
N7 2
0.4532 0.5468 
N8 2
0.4042 0.5958 
N9 2
0.6411 0.3589 
6 283.9401 205.7387
5 116.7691 0.8832
0 106.7592 0.9753
7 93.9737 0.2416
8 102.8199 2.1755
2 71.526 0.0007
9 75.795 0.0242
1 22.8601 2.2737
3 275.1925 3.4016
4 291.5451 0.4241
###===
55 0 2 0 0 1 0
N4 0 1
N3 
0 
0.2505 0.7467 
0.253 0.747 
N1 2
0.2463 0.7537 
N2 2
0.4957 0.5043 
N3 2
0.3855 0.6145 
N4 2
0.3113 0.6887 
N6 2
0.2028 0.7972 
N7 2
0.4532 0.5468 
N8 2
0.4042 0.5958 
N9 2
0.6411 0.3589 
6 283.9401 205.7387
5 105.9752 0.8832
0 116.0846 0.9753
7 93.8475 0.2416
8 102.8199 2.1755
2 79.8515 0.0007
9 75.9549 0.0242
1 22.8601 2.2737
3 275.1925 3.4016
4 293.1404 0.4241
N4
0
N1 2
0.2463 0.7537 
N2 2
0.4412 0.5588 
N3 2
0.3134 0.6866 
N6 2
0.2028 0.7972 
N7 2
0.4532 0.5468 
N8 2
0.4042 0.5958 
N9 2
0.6411 0.3589 
6 283.9401 205.7387
5 114.9368 0.8832
0 151.6766 0.9753
7 94.0589 1.9794
8 77.3941 2.1755
2 69.4568 1.4225
9 74.9352 0.0242
1 22.8601 2.2737
3 275.1925 3.4016
4 264.9113 0.4241
###===
56 0 4 0 0 0 0
N6 0 1
N8 
0 
0.0606 0.7643 
0.7607 0.2393 
N1 2
0.2463 0.7537 
N2 2
0.4412 0.5588 
N3 2
0.3134 0.6866 
N6 2
0.4276 0.5724 
N7 2
0.4532 0.5468 
N8 2
0.4042 0.5958 
N9 2
0.6411 0.3589 
6 287.7527 205.7387
5 114.9368 0.8832
0 151.6766 0.9753
7 94.0589 1.9794
8 77.3941 2.1755
2 70.6668 1.4225
9 74.9352 0.0242
1 22.8601 2.2737
3 275.1925 3.4016
4 306.4197 0.4241
###===
57 0 7 0 1 0 0
N7 0 1
N8 
1 
0.9094 0.0906 
N1 2
0.2463 0.7537 
N2 2
0.4412 0.5588 
N3 2
0.3134 0.6866 
N6 2
0.4276 0.5724 
N7 2
0.6096 0.3904 
N8 2
0.4042 0.5958 
N9 2
0.6411 0.3589 
6 285.737 205.7387
5 114.9368 0.8832
0 151.6766 0.9753
7 71.7016 1.9794
8 77.3941 2.1755
2 70.6668 1.4225
9 74.9352 0.0242
1 22.8601 2.2737
3 275.1925 3.4016
4 306.4198 0.4241
###===
58 0 0 40.8163 1 0 0
N3 0 1
N2 
0 
0.8063 0.1937 
N1 2
0.2463 0.7537 
N2 2
0.4412 0.5588 
N3 2
0.459 0.541 
N6 2
0.4276 0.5724 
N7 2
0.6096 0.3904 
N8 2
0.4042 0.5958 
N9 2
0.6411 0.3589 
6 285.7369 205.7387
5 154.2598 0.8832
0 175.29 41.7916
7 71.7016 1.9794
8 91.6404 2.1755
2 56.4688 1.4225
9 74.9352 0.0242
1 22.8601 2.2737
3 275.1925 3.4016
4 305.722 0.4241
###===
59 0 7 0 0 1 0
N2 1 1
N3 
1 
0.8306 0.8442 
0.1694 0.8306 
N1 2
0.2463 0.7537 
N2 2
0.4474 0.5526 
N3 2
0.459 0.541 
N6 2
0.4276 0.5724 
N7 2
0.6096 0.3904 
N8 2
0.4042 0.5958 
N9 2
0.6411 0.3589 
6 285.737 205.7387
5 153.646 0.8832
0 174.4013 41.7916
7 71.7393 0.0048
8 91.0346 2.1755
2 56.4688 1.4225
9 74.9439 0.0242
1 22.8601 2.2737
3 275.1925 3.4016
4 305.7558 0.4241
N2
0
N1 2
0.2463 0.7537 
N3 2
0.7952 0.2048 
N6 2
0.4276 0.5724 
N7 2
0.6096 0.3904 
N8 2
0.4042 0.5958 
N9 2
0.6411 0.3589 
6 285.737 205.7387
5 217.5189 0.8832
0 117.7469 117.7469
7 73.769 1.9794
8 79.9627 2.1755
2 23.693 1.4225
9 75.7237 1.4355
1 22.8601 2.2737
3 275.1925 3.4016
4 303.2795 1.1047
###===
60 0 5 0 0 0 0
N6 1 1
N8 
1 
0.7934 0.7995 
0.2005 0.7995 
N1 2
0.2463 0.7537 
N3 2
0.7952 0.2048 
N6 2
0.4269 0.5731 
N7 2
0.6096 0.3904 
N8 2
0.4042 0.5958 
N9 2
0.6411 0.3589 
6 285.7371 205.7387
5 217.5193 0.0223
0 117.7469 117.7469
7 73.5986 1.9794
8 79.9627 2.1755
2 23.6931 1.4225
9 75.7238 1.4355
1 22.8601 2.2737
3 275.1925 3.4016
4 303.5635 1.1047
###===
61 0 8 0 0 0 0
N6 1 1
N8 
0 
0.2357 0.2507 
0.7642 0.2358 
N1 2
0.2463 0.7537 
N3 2
0.7952 0.2048 
N6 2
0.4283 0.5717 
N7 2
0.6096 0.3904 
N8 2
0.4042 0.5958 
N9 2
0.6411 0.3589 
6 285.761 205.7387
5 217.5193 0.0223
0 117.7469 117.7469
7 73.5986 1.9794
8 79.9646 0.0498
2 23.7007 1.4225
9 75.7237 1.4355
1 22.8601 2.2737
3 275.1924 3.4016
4 304.0768 1.1047
###===
62 0 4 23.2002 0 1 0
N1 0 0
0.2081 0.3632 
0.2089 0.7911 
N1 2
0.2089 0.7911 
N3 2
0.7952 0.2048 
N6 2
0.4283 0.5717 
N7 2
0.6096 0.3904 
N8 2
0.4042 0.5958 
N9 2
0.6411 0.3589 
6 285.761 205.7387
5 217.6148 0.0223
0 117.7469 117.7469
7 73.5986 1.9794
8 79.9646 0.0498
2 23.7006 1.4225
9 79.4099 1.4355
1 22.8601 2.2737
3 275.1924 3.4016
4 327.8407 0.5455
N1
1
N3 2
0.7952 0.2048 
N6 2
0.4283 0.5717 
N7 2
0.6096 0.3904 
N8 2
0.4042 0.5958 
N9 2
0.6411 0.3589 
6 285.761 205.7387
5 218.1484 2.5769
0 117.7469 117.7469
7 73.5986 1.9794
8 79.9646 0.0498
2 23.7006 1.4225
9 100 100
1 22.8601 2.2737
3 275.1924 3.4016
4 334.2636 31.2915
###===
63 0 1 0 0 0 0
N7 1 1
N8 
1 
0.0877 0.1202 
0.9122 0.0878 
N3 2
0.7952 0.2048 
N6 2
0.4283 0.5717 
N7 2
0.6113 0.3887 
N8 2
0.4042 0.5958 
N9 2
0.6411 0.3589 
6 285.7394 205.7387
5 218.1485 2.5769
0 117.7469 117.7469
7 73.5986 1.9794
8 79.9646 0.0498
2 23.7007 1.4225
9 100 100
1 22.8643 0.2063
3 275.1925 3.4016
4 334.2636 31.2915
###===
64 0 5 0 1 0 0
N3 0 0
0.374 0.626 
N3 2
0.374 0.626 
N6 2
0.4283 0.5717 
N7 2
0.6113 0.3887 
N8 2
0.4042 0.5958 
N9 2
0.6411 0.3589 
6 285.7394 205.7387
5 164.6201 163.7589
0 117.7469 117.7469
7 77.8499 1.9794
8 38.7605 0.0498
2 64.7652 1.4225
9 100 100
1 22.8643 0.2063
3 275.1925 3.4016
4 336.2819 31.2915
###===
65 0 8 0 0 0 0
N9 1 0
0.3588 0.3591 
0.6409 0.3591 
N3 2
0.374 0.626 
N6 2
0.4283 0.5717 
N7 2
0.6113 0.3887 
N8 2
0.4042 0.5958 
N9 2
0.6409 0.3591 
6 285.7394 205.7387
5 164.6201 163.7589
0 117.7469 117.7469
7 77.8499 1.9794
8 38.7605 0.0048
2 64.7652 1.4225
9 100 100
1 22.8643 0.2063
3 275.1925 3.4016
4 336.2819 31.2915
###===
66 0 9 0 0 0 0
N6 1 1
N8 
0 
0.1179 0.6179 
0.3846 0.6154 
N3 2
0.374 0.626 
N6 2
0.2749 0.7251 
N7 2
0.6113 0.3887 
N8 2
0.4042 0.5958 
N9 2
0.6409 0.3591 
6 283.1373 205.7387
5 164.6201 163.7589
0 117.7469 117.7469
7 77.8499 1.9794
8 38.3328 0.0048
2 63.9393 1.4225
9 119.025 0.9409
1 22.8643 0.2063
3 275.1924 3.4016
4 280.6147 31.2915
###===
67 0 9 86.7046 0 0 1
N6 0 1
N8 
0 
0.2095 0.9354 
0.9317 0.0683 
N3 2
0.374 0.626 
N6 2
0.496 0.504 
N7 2
0.6113 0.3887 
N8 2
0.4042 0.5958 
N9 2
0.6409 0.3591 
6 286.8875 205.7387
5 164.6201 163.7589
0 117.7469 117.7469
7 77.8499 1.9794
8 38.9492 0.0048
2 65.1296 1.4225
9 192.5367 7.944
1 22.8643 0.2063
3 275.1924 3.4016
4 360.8452 31.2915
54
6 286.8875 205.7387
5 104.4152 3.4377
0 179.1901 41.7916
7 55.0812 1.9794
8 38.7585 2.1755
2 101.5886 98.9155
9 186.7046 186.7046
1 22.8601 2.2737
3 225.352 225.352
4 287.2735 24.3049
N3 2
0.374 0.626 
N6 2
0.496 0.504 
N7 2
0.6113 0.3887 
N8 2
0.4042 0.5958 
N9 2
0.6409 0.3591 
###===
68 0 6 74.2789 0 0 0
N9 0 0
0.092 0.9484 
0.9442 0.0558 
N3 2
0.374 0.626 
N6 2
0.496 0.504 
N7 2
0.6113 0.3887 
N8 2
0.4042 0.5958 
N9 2
0.9442 0.0558 
6 398.9584 11.4128
5 104.4152 3.4377
0 179.1901 41.7916
7 55.0812 1.9794
8 38.7585 2.1755
2 101.5886 98.9155
9 186.7046 186.7046
1 22.8601 2.2737
3 225.352 225.352
4 287.2735 24.3049
###===
69 0 4 0 0 0 0
N9 1 0
0.0471 0.2022 
0.9521 0.0479 
N3 2
0.374 0.626 
N6 2
0.496 0.504 
N7 2
0.6113 0.3887 
N8 2
0.4042 0.5958 
N9 2
0.9521 0.0479 
6 401.522 11.4128
5 104.4152 3.4377
0 179.1901 41.7916
7 55.0812 1.9794
8 38.7585 2.1755
2 101.5886 98.9155
9 186.7046 186.7046
1 22.8601 2.2737
3 225.352 225.352
4 287.3631 2.2809
###===
70 0 8 0 0 0 0
N8 0 1
N7 
0 
0.1093 0.1242 
0.1094 0.8906 
N3 2
0.374 0.626 
N6 2
0.4953 0.5047 
N7 2
0.6113 0.3887 
N8 2
0.4032 0.5968 
N9 2
0.9521 0.0479 
6 401.3347 11.4128
5 104.4152 3.4377
0 179.1901 41.7916
7 54.9725 1.9794
8 38.7596 0.1579
2 101.5849 98.9155
9 186.7046 186.7046
1 22.5972 2.2737
3 225.352 225.352
4 287.4973 2.2809
###===
71 0 2 0 0 0 0
N9 0 0
0.4796 0.9759 
0.4821 0.5179 
N3 2
0.374 0.626 
N6 2
0.4953 0.5047 
N7 2
0.6113 0.3887 
N8 2
0.4032 0.5968 
N9 2
0.4821 0.5179 
6 248.8177 11.4128
5 104.4152 3.4377
0 179.1901 41.7916
7 54.9726 1.9794
8 38.7596 0.1579
2 232.13 0.7374
9 186.7046 186.7046
1 22.5972 2.2737
3 225.352 225.352
4 276.5811 2.2809
###===
72 0 3 15.0343 0 1 0
N8 0 1
N6 
0 
0.1433 0.9544 
0.1474 0.8526 
N3 2
0.374 0.626 
N6 2
0.4953 0.5047 
N7 2
0.8373 0.1627 
N8 2
0.1006 0.8994 
N9 2
0.4821 0.5179 
6 188.5829 11.4128
5 104.4152 3.4377
0 179.1901 41.7916
7 125.6913 1.9794
8 38.9299 0.1579
2 230.829 0.7374
9 186.7046 186.7046
1 9.215 2.2737
3 299.9763 4.0545
4 223.6002 2.2809
N8
0
N3 2
0.374 0.626 
N6 2
0.7261 0.2739 
N7 2
0.1659 0.8341 
N9 2
0.4821 0.5179 
6 363.3443 194.5865
5 104.4152 3.4377
0 179.1901 41.7916
7 29.2251 1.9794
8 38.4239 0.1579
2 233.3689 0.7374
9 186.7046 186.7046
1 48.9815 2.2737
3 68.7835 4.0545
4 191.516 177.3191
###===
73 0 3 0 0 0 0
N6 1 0
0.0518 0.294 
0.947 0.053 
N3 2
0.374 0.626 
N6 2
0.947 0.053 
N7 2
0.1659 0.8341 
N9 2
0.4821 0.5179 
6 367.0905 194.5865
5 104.4152 3.4377
0 179.1901 41.7916
7 29.2251 1.9794
8 38.4239 0.1579
2 234.5578 0.7374
9 186.7046 186.7046
1 48.9815 2.2737
3 40.3084 3.4329
4 191.516 177.3191
###===
74 0 2 0 0 0 0
N3 0 0
0.3721 0.3772 
0.3771 0.6229 
N3 2
0.3771 0.6229 
N6 2
0.947 0.053 
N7 2
0.1659 0.8341 
N9 2
0.4821 0.5179 
6 367.0905 194.5865
5 105.2614 3.4377
0 178.5022 41.7916
7 29.2251 1.9794
8 38.7305 0.1579
2 234.5609 0.0134
9 186.7046 186.7046
1 48.9814 2.2737
3 40.3084 3.4329
4 191.501 177.3191
###===
75 0 1 0 0 0 0
N9 1 0
0.5098 0.5254 
0.4746 0.5254 
N3 2
0.3771 0.6229 
N6 2
0.947 0.053 
N7 2
0.1659 0.8341 
N9 2
0.4746 0.5254 
6 364.6567 194.5865
5 105.2614 3.4377
0 178.5022 41.7916
7 29.2251 1.9794
8 38.7305 0.1579
2 237.8732 0.0134
9 186.7046 186.7046
1 48.9977 0.0116
3 40.3084 3.4329
4 191.3268 177.3191
###===
76 0 7 0 0 0 0
N3 1 0
0.6144 0.628 
0.3855 0.6145 
N3 2
0.3855 0.6145 
N6 2
0.947 0.053 
N7 2
0.1659 0.8341 
N9 2
0.4746 0.5254 
6 364.6567 194.5865
5 107.5296 3.4377
0 176.6587 41.7916
7 29.2467 0.0206
8 39.5522 0.1579
2 237.8894 0.0134
9 186.7046 186.7046
1 48.9977 0.0116
3 40.3084 3.4329
4 191.2866 177.3191
###===
77 0 5 0 0 0 0
N6 0 0
0.9247 0.9482 
0.9481 0.0519 
N3 2
0.3855 0.6145 
N6 2
0.9481 0.0519 
N7 2
0.1659 0.8341 
N9 2
0.4746 0.5254 
6 364.6754 194.5865
5 107.5314 0.4119
0 176.6587 41.7916
7 29.2467 0.0206
8 39.5522 0.1579
2 237.8953 0.0134
9 186.7046 186.7046
1 48.9977 0.0116
3 40.3512 3.4329
4 191.2866 177.3191
###===
78 0 3 0 0 0 0
N9 1 0
0.513 0.5366 
0.4868 0.5132 
N3 2
0.3855 0.6145 
N6 2
0.9481 0.0519 
N7 2
0.1659 0.8341 
N9 2
0.4868 0.5132 
6 368.6343 194.5865
5 107.5314 0.4119
0 176.6587 41.7916
7 29.2467 0.0206
8 39.5522 0.1579
2 232.5073 0.0134
9 186.7046 186.7046
1 48.9448 0.0116
3 40.3942 0.0434
4 191.5699 177.3191
###===
79 0 2 0 0 0 0
N6 0 0
0.9133 0.9481 
0.9479 0.0521 
N3 2
0.3855 0.6145 
N6 2
0.9479 0.0521 
N7 2
0.1659 0.8341 
N9 2
0.4868 0.5132 
6 368.6309 194.5865
5 107.5307 0.4119
0 176.6586 41.7916
7 29.2467 0.0206
8 39.5522 0.1579
2 232.5063 0.5683
9 186.7046 186.7046
1 48.9448 0.0116
3 40.3864 0.0434
4 191.5699 177.3191
###===
80 0 4 0 0 0 0
N6 1 0
0.0152 0.7227 
0.9812 0.0188 
N3 2
0.3855 0.6145 
N6 2
0.9812 0.0188 
N7 2
0.1659 0.8341 
N9 2
0.4868 0.5132 
6 369.1956 194.5865
5 107.6371 0.4119
0 176.6586 41.7916
7 29.2467 0.0206
8 39.5522 0.1579
2 232.666 0.5683
9 186.7046 186.7046
1 48.9448 0.0116
3 41.6831 0.0434
4 193.6929 30.264
###===
81 0 3 0 1 0 0
N6 1 0
0.9755 0.0245 
N3 2
0.3855 0.6145 
N6 2
0.9755 0.0245 
N7 2
0.1659 0.8341 
N9 2
0.4868 0.5132 
6 369.0993 194.5865
5 107.6189 0.4119
0 176.6586 41.7916
7 29.2467 0.0206
8 39.5522 0.1579
2 232.6388 0.5683
9 186.7046 186.7046
1 48.9448 0.0116
3 41.5772 38.1447
4 192.8289 30.264
###===
82 0 6 16.3985 0 0 0
N7 0 0
0.0384 0.8068 
0.8029 0.1971 
N3 2
0.3855 0.6145 
N6 2
0.9755 0.0245 
N7 2
0.8029 0.1971 
N9 2
0.4868 0.5132 
6 527.1569 2.8482
5 107.6189 0.4119
0 176.6587 41.7916
7 133.8959 0.0206
8 38.2669 0.1579
2 232.6388 0.5683
9 186.7046 186.7046
1 228.3469 0.0116
3 41.5773 38.1447
4 192.829 30.264
###===
83 0 5 0 0 1 0
N7 1 0
0.1965 0.1994 
0.8034 0.1966 
N3 2
0.3855 0.6145 
N6 2
0.9755 0.0245 
N7 2
0.8034 0.1966 
N9 2
0.4868 0.5132 
6 527.3748 2.8482
5 107.619 0.0455
0 176.6587 41.7916
7 133.9781 0.0206
8 38.2659 0.1579
2 232.6388 0.5683
9 186.7046 186.7046
1 228.4877 0.0116
3 41.5772 38.1447
4 192.829 30.264
N7
1
N3 2
0.3855 0.6145 
N6 2
0.9755 0.0245 
N9 2
0.4868 0.5132 
6 177.3609 2.8482
5 107.2524 0.0455
0 176.6586 41.7916
7 2.001 0.0206
8 39.8869 2.1755
2 232.6388 0.5683
9 186.7046 186.7046
1 2.237 0.0116
3 41.5772 38.1447
4 192.8289 30.264
###===
84 0 7 0 0 0 0
N3 0 0
0.372 0.3856 
0.372 0.628 
N3 2
0.372 0.628 
N6 2
0.9755 0.0245 
N9 2
0.4868 0.5132 
6 177.3609 2.8482
5 103.6072 0.0455
0 179.6216 41.7916
7 1.9874 0.0149
8 38.5662 2.1755
2 232.6127 0.5683
9 186.7046 186.7046
1 2.237 0.0116
3 41.5772 38.1447
4 192.8936 30.264
###===
85 0 1 50.2891 1 0 0
N9 1 0
0.4943 0.5057 
N3 2
0.372 0.628 
N6 2
0.9755 0.0245 
N9 2
0.4943 0.5057 
6 179.7984 2.8482
5 103.6072 0.0455
0 179.6216 41.7916
7 1.9874 0.0149
8 38.5662 2.1755
2 229.2954 0.5683
9 186.7046 186.7046
1 52.5098 52.5098
3 41.6302 38.1447
4 193.0681 30.264
###===
86 0 2 0 0 0 0
N9 1 0
0.0236 0.5076 
0.4948 0.5052 
N3 2
0.372 0.628 
N6 2
0.9755 0.0245 
N9 2
0.4948 0.5052 
6 179.957 2.8482
5 103.6072 0.0455
0 179.6216 41.7916
7 1.9874 0.0149
8 38.5662 2.1755
2 229.0797 0.7108
9 186.7046 186.7046
1 52.5098 52.5098
3 41.6336 38.1447
4 193.0795 30.264
###===
87 0 9 0 0 0 0
N3 0 0
0.102 0.8278 
0.1056 0.8944 
N3 2
0.1056 0.8944 
N6 2
0.9755 0.0245 
N9 2
0.4948 0.5052 
6 179.957 2.8482
5 31.6744 0.0455
0 238.0896 41.7916
7 2.8241 0.0149
8 12.5058 2.1755
2 228.5661 0.7108
9 213.1487 5.0353
1 52.5098 52.5098
3 41.6337 38.1447
4 194.356 30.264
###===
88 0 5 35.3357 0 0 0
N3 1 0
0.6999 0.9873 
0.0142 0.9858 
N3 2
0.0142 0.9858 
N6 2
0.9755 0.0245 
N9 2
0.4948 0.5052 
6 179.957 2.8482
5 52.0583 15.9343
0 258.1495 41.7916
7 3.1111 0.0149
8 3.5646 2.1755
2 228.3899 0.7108
9 234.4161 5.0353
1 52.5098 52.5098
3 41.6336 38.1447
4 194.7939 30.264
###===
89 0 8 0 1 0 0
N3 1 0
0.0073 0.9927 
N3 2
0.0073 0.9927 
N6 2
0.9755 0.0245 
N9 2
0.4948 0.5052 
6 179.957 2.8482
5 52.2907 15.9343
0 259.673 41.7916
7 3.133 0.0149
8 3.1878 3.1878
2 228.3765 0.7108
9 236.0312 5.0353
1 52.5098 52.5098
3 41.6337 38.1447
4 194.8272 30.264
###===
90 0 0 0 0 0 0
N6 0 0
0.7302 0.9817 
0.9804 0.0196 
N3 2
0.0073 0.9927 
N6 2
0.9804 0.0196 
N9 2
0.4948 0.5052 
6 180.0398 2.8482
5 52.3063 15.9343
0 259.7502 9.7024
7 3.133 0.0149
8 3.1878 3.1878
2 228.3999 0.7108
9 236.0312 5.0353
1 52.5098 52.5098
3 41.6337 38.1447
4 195.5695 30.264
###===
91 0 5 0 0 0 0
N9 0 0
0.4431 0.5476 
0.5471 0.4529 
N3 2
0.0073 0.9927 
N6 2
0.9804 0.0196 
N9 2
0.5471 0.4529 
6 197.0114 2.8482
5 53.0965 0.1681
0 259.7502 9.7024
7 3.133 0.0149
8 3.1878 3.1878
2 205.3171 0.7108
9 236.0312 5.0353
1 52.5098 52.5098
3 42.0024 38.1447
4 196.7842 30.264
###===
92 0 1 87.9658 0 0 0
N9 0 0
0.2066 0.8289 
0.2097 0.7903 
N3 2
0.0073 0.9927 
N6 2
0.9804 0.0196 
N9 2
0.2097 0.7903 
6 87.5236 2.8482
5 42.886 0.1681
0 259.7502 9.7024
7 3.133 0.0149
8 3.1878 3.1878
2 354.2299 0.7108
9 236.0312 5.0353
1 174.9416 2.1278
3 39.6233 38.1447
4 188.9477 30.264
###===
93 0 1 0 0 0 0
N6 0 0
0.966 0.9807 
0.9661 0.0339 
N3 2
0.0073 0.9927 
N6 2
0.9661 0.0339 
N9 2
0.2097 0.7903 
6 87.2811 2.8482
5 42.8404 0.1681
0 259.281 9.7024
7 3.133 0.0149
8 3.1878 3.1878
2 354.1613 0.7108
9 236.0312 5.0353
1 175.5733 0.0081
3 39.6233 38.1447
4 186.7736 30.264
###===
94 0 1 0 0 0 0
N3 0 0
0.0073 0.0073 
0.0073 0.9927 
N3 2
0.0073 0.9927 
N6 2
0.9661 0.0339 
N9 2
0.2097 0.7903 
6 87.2811 2.8482
5 42.839 0.1681
0 259.2719 9.7024
7 3.1328 0.0149
8 3.1878 3.1878
2 354.1613 0.7108
9 236.0216 5.0353
1 175.5733 0.002
3 39.6234 38.1447
4 186.7734 30.264
###===
95 0 7 0 0 0 0
N3 0 0
0.0073 0.0288 
0.0153 0.9847 
N3 2
0.0153 0.9847 
N6 2
0.9661 0.0339 
N9 2
0.2097 0.7903 
6 87.2811 2.8482
5 42.5711 0.1681
0 257.5161 9.7024
7 3.5916 1.9884
8 3.1878 3.1878
2 354.1768 0.7108
9 234.1601 5.0353
1 175.5799 0.002
3 39.6234 38.1447
4 186.7351 30.264
###===
96 0 3 0 1 1 0
N9 0 0
0.2017 0.7983 
N3 2
0.0153 0.9847 
N6 2
0.9661 0.0339 
N9 2
0.2017 0.7983 
6 84.6899 2.8482
5 42.3294 0.1681
0 257.5161 9.7024
7 3.5916 1.9884
8 3.1878 3.1878
2 357.701 0.7108
9 234.1601 5.0353
1 177.326 0.002
3 39.5951 39.595
4 186.5496 30.264
N9
0
N3 2
0.0153 0.9847 
N6 2
0.9661 0.0339 
6 343.7368 327.3524
5 66.4873 30.4302
0 257.5161 9.7024
7 3.5916 1.9884
8 3.1878 3.1878
2 5.3749 0.7108
9 234.1601 5.0353
1 2.7661 0.002
3 39.595 39.595
4 205.0906 53.49
###===
97 0 9 0 0 1 0
N6 1 0
0.0327 0.067 
0.9671 0.0329 
N3 2
0.0153 0.9847 
N6 2
0.9671 0.0329 
6 343.7538 327.3524
5 66.4905 30.4302
0 257.5489 9.7024
7 3.5916 1.9884
8 3.1878 3.1878
2 5.3797 0.7108
9 234.1624 0.7156
1 2.6849 0.002
3 39.595 39.595
4 205.2426 53.49
N6
0
N3 2
0.0153 0.9847 
6 344.3117 344.3117
5 66.5955 33.6235
0 258.6283 42.5119
7 3.5916 1.9884
8 3.1878 3.1878
2 5.5375 5.508
9 234.3094 5.1846
1 0.0147 0.002
3 39.595 39.595
4 210.2446 205.5263
###===
98 0 5 0 0 0 0
N3 0 0
0.0121 0.3816 
0.3797 0.6203 
N3 2
0.3797 0.6203 
6 344.3117 344.3117
5 188.9621 0.436
0 178.6519 42.5119
7 41.7744 1.9884
8 3.1878 3.1878
2 6.2401 5.508
9 149.519 5.1846
1 0.3156 0.002
3 39.595 39.595
4 208.4986 205.5263
###===
99 0 1 96.2528 0 0 0
N3 0 0
0.1937 0.6817 
0.1962 0.8038 
N3 2
0.1962 0.8038 
6 344.3117 344.3117
5 97.8519 0.436
0 218.9254 42.5119
7 22.5468 1.9884
8 3.1878 3.1878
2 5.8863 5.508
9 192.2167 5.1846
1 107.7799 1.8272
3 39.595 39.595
4 209.3778 205.5263
###===
100 0 9 0 1 0 0
N3 0 0
0.5505 0.4495 
N3 2
0.5505 0.4495 
6 344.3117 344.3117
5 273.7593 0.436
0 141.1688 42.5119
7 59.6699 1.9884
8 3.1878 3.1878
2 6.5694 5.508
9 154.0226 154.0226
1 61.0798 1.8272
3 39.595 39.595
4 207.6802 205.5263
###===
101 0 0 0 0 0 0
N3 0 0
0.41 0.9269 
0.9243 0.0757 
N3 2
0.9243 0.0757 
6 344.3117 344.3117
5 459.3631 0.436
0 108.777 4.9861
7 98.8392 1.9884
8 3.1878 3.1878
2 7.2902 5.508
9 154.0226 154.0226
1 11.8056 1.8272
3 39.595 39.595
4 205.889 205.5263
###===
102 0 7 59.8282 0 0 0
N3 0 0
0.2913 0.9507 
0.9474 0.0526 
N3 2
0.9474 0.0526 
6 344.3117 344.3117
5 470.8326 0.436
0 111.371 4.9861
7 161.6991 9.2936
8 3.1878 3.1878
2 7.3347 5.508
9 154.0226 154.0226
1 8.7607 1.8272
3 39.595 39.595
4 205.7784 205.5263
###===
103 0 0 0 1 0 0
N3 0 0
0.8921 0.1079 
N3 2
0.8921 0.1079 
6 344.3117 344.3117
5 443.3891 0.436
0 108.6051 108.6051
7 152.8076 9.2936
8 3.1878 3.1878
2 7.2282 5.508
9 154.0226 154.0226
1 16.0464 1.8272
3 39.595 39.595
4 206.0432 205.5263
###===
104 0 8 0 0 0 0
N3 0 0
0.8726 0.8945 
0.8944 0.1056 
N3 2
0.8944 0.1056 
6 344.3117 344.3117
5 444.5174 0.436
0 108.6052 108.6051
7 153.1732 9.2936
8 3.1917 0.1162
2 7.2325 5.508
9 154.0226 154.0226
1 15.7469 1.8272
3 39.595 39.595
4 206.0323 205.5263
###===
105 0 3 84.4986 0 0 0
N3 1 0
0.0447 0.6216 
0.3813 0.6187 
N3 2
0.3813 0.6187 
6 344.3117 344.3117
5 189.7565 0.436
0 108.6051 108.6051
7 70.6322 9.2936
8 1.4274 0.1162
2 6.2432 5.508
9 154.0226 154.0226
1 83.381 1.8272
3 235.0015 1.0943
4 208.4909 205.5263
###===
106 0 5 0 0 0 0
N3 0 0
0.0122 0.3832 
0.014 0.986 
N3 2
0.014 0.986 
6 344.3117 344.3117
5 67.0063 20.2064
0 108.6051 108.6051
7 11.5457 9.2936
8 0.1644 0.1162
2 5.535 5.508
9 154.0226 154.0226
1 131.7965 1.8272
3 373.8638 1.0943
4 210.2509 205.5263
###===
107 0 4 0 0 0 0
N3 1 0
0.2295 0.9966 
0.0072 0.9928 
N3 2
0.0072 0.9928 
6 344.3117 344.3117
5 67.329 20.2064
0 108.6051 108.6051
7 10.4518 9.2936
8 0.141 0.1162
2 5.5219 5.508
9 154.0226 154.0226
1 132.6928 1.8272
3 376.4347 1.0943
4 210.5771 109.5905
###===
108 0 6 0 0 0 0
N3 1 0
0.0913 0.9993 
0.9042 0.0958 
N3 2
0.9042 0.0958 
6 942.4479 6.9711
5 24.7535 20.2064
0 108.6051 108.6051
7 154.7496 9.2936
8 3.2254 0.1162
2 7.2514 5.508
9 154.0226 154.0226
1 14.4551 1.8272
3 37.3126 1.0943
4 119.3352 109.5905
###===
109 0 7 0 1 0 0
N3 1 0
0.7558 0.2442 
N3 2
0.7558 0.2442 
6 788.9056 6.9711
5 31.7976 20.2064
0 108.6051 108.6051
7 144.2953 144.2953
8 2.7151 0.1162
2 6.9653 5.508
9 154.0226 154.0226
1 34.0175 1.8272
3 93.4204 1.0943
4 134.4312 109.5905
###===
110 0 5 104.9352 0 0 0
N3 1 0
0.0738 0.6825 
0.9231 0.0769 
N3 2
0.9231 0.0769 
6 962.0017 6.9711
5 142.6033 5.9
0 108.6051 108.6051
7 144.2953 144.2953
8 3.2904 0.1162
2 7.2879 5.508
9 154.0226 154.0226
1 11.9638 1.8272
3 30.1673 1.0943
4 117.4127 109.5905
###===
111 0 0 0 0 0 0
N3 1 0
0.0362 0.5652 
0.9611 0.0389 
N3 2
0.9611 0.0389 
6 1,001.3162 6.9711
5 148.2308 5.9
0 110.374 10.2838
7 144.2953 144.2953
8 3.4211 0.1162
2 7.3611 5.508
9 154.0226 154.0226
1 6.9548 1.8272
3 15.8009 1.0943
4 113.5474 109.5905
###===
112 0 3 0 1 0 0
N3 0 0
0.9971 0.0029 
N3 2
0.9971 0.0029 
6 1,038.5237 6.9711
5 153.5567 5.9
0 114.1193 10.2838
7 144.2953 144.2953
8 3.5447 0.1162
2 7.4305 5.508
9 154.0226 154.0226
1 2.2143 1.8272
3 6.3942 6.3941
4 109.8892 109.5905
###===
113 0 3 0 0 0 0
N3 1 0
0.0028 0.0462 
0.9738 0.0262 
N3 2
0.9738 0.0262 
6 1,014.4554 6.9711
5 150.1115 5.9
0 111.6966 10.2838
7 144.2953 144.2953
8 3.4647 0.1162
2 7.3856 5.508
9 154.0226 154.0226
1 5.2808 1.8272
3 11.3498 2.9882
4 112.2556 109.5905
###===
114 0 4 0 1 0 0
N3 1 0
0.9869 0.0131 
N3 2
0.9869 0.0131 
6 1,027.9891 6.9711
5 152.0487 5.9
0 113.0589 10.2838
7 144.2953 144.2953
8 3.5097 0.1162
2 7.4109 5.508
9 154.0226 154.0226
1 3.5565 1.8272
3 7.175 2.9882
4 111.5156 111.5156
###===
115 0 4 0 0 0 0
N3 0 0
0.4556 0.9939 
0.9913 0.0087 
N3 2
0.9913 0.0087 
6 1,032.5609 6.9711
5 152.7031 5.9
0 113.5191 10.2838
7 144.2953 144.2953
8 3.5249 0.1162
2 7.4194 5.508
9 154.0226 154.0226
1 2.974 1.8272
3 5.7648 2.9882
4 111.639 52.2615
###===
116 0 6 0 1 0 0
N3 1 0
0.0805 0.9195 
N3 2
0.0805 0.9195 
6 679.3398 679.3398
5 17.8217 5.9
0 18.6674 10.2838
7 144.2953 144.2953
8 0.3931 0.1162
2 5.6633 5.508
9 154.0226 154.0226
1 123.0305 1.8272
3 296.4442 2.9882
4 57.0835 52.2615
###===
117 0 2 0 1 0 0
N3 0 0
0.0795 0.9205 
N3 2
0.0795 0.9205 
6 679.3399 679.3398
5 17.6761 5.9
0 18.565 10.2838
7 144.2953 144.2953
8 0.3897 0.1162
2 5.6623 5.6623
9 154.0226 154.0226
1 123.1602 1.8272
3 296.7582 2.9882
4 57.0246 52.2615
###===
118 0 7 0 0 0 0
N3 0 0
0.0292 0.6614 
0.6583 0.3417 
N3 2
0.6583 0.3417 
6 679.3398 679.3398
5 103.3887 5.9
0 78.84 10.2838
7 296.1847 1.3295
8 2.3799 0.1162
2 5.6623 5.6623
9 154.0226 154.0226
1 46.8683 1.8272
3 112.0411 2.9882
4 91.6928 52.2615
###===
119 0 6 0 0 0 0
N3 1 0
0.0031 0.9941 
0.0109 0.9891 
N3 2
0.0109 0.9891 
6 824.5582 87.7053
5 7.5142 5.9
0 11.4189 10.2838
7 6.2116 1.3295
8 0.1537 0.1162
2 5.6623 5.6623
9 154.0226 154.0226
1 132.2051 1.8272
3 318.6576 2.9882
4 52.9144 52.2615
###===
120 0 2 0 0 0 0
N3 1 0
0.951 0.9895 
0.0488 0.9512 
N3 2
0.0488 0.9512 
6 796.3237 87.7053
5 13.1269 5.9
0 15.3659 10.2838
7 23.1872 1.3295
8 0.284 0.1162
2 10.8539 0.0255
9 154.0226 154.0226
1 127.2094 1.8272
3 306.562 2.9882
4 55.1846 52.2615
###===
121 0 1 0 1 0 0
N3 1 0
0.1134 0.8866 
N3 2
0.1134 0.8866 
6 748.1874 87.7053
5 22.6958 5.9
0 22.095 10.2838
7 52.1284 1.3295
8 0.5062 0.1162
2 25.1914 0.0255
9 154.0226 154.0226
1 123.493 123.4929
3 285.9402 2.9882
4 59.0549 52.2615
###===
122 0 9 0 0 0 0
N3 0 0
0.039 0.6952 
0.0423 0.9577 
N3 2
0.0423 0.9577 
6 801.1661 87.7053
5 12.1643 5.9
0 14.689 10.2838
7 20.2758 1.3295
8 0.2617 0.1162
2 9.4116 0.0255
9 158.6644 11.7346
1 123.493 123.4929
3 308.6364 2.9882
4 54.7953 52.2615
###===
123 0 4 82.2233 0 0 0
N3 1 0
0.377 0.989 
0.6199 0.3801 
N3 2
0.6199 0.3801 
6 370.8696 87.7053
5 97.7019 5.9
0 74.841 10.2838
7 278.9852 1.3295
8 2.2478 0.1162
2 137.5764 0.0255
9 70.0493 11.7346
1 123.4929 123.4929
3 124.2964 2.9882
4 361.0475 1.1654
###===
124 0 6 0 0 0 0
N3 1 0
0.0012 0.6625 
0.3408 0.6592 
N3 2
0.3408 0.6592 
6 601.7395 1.3943
5 56.3696 5.9
0 45.7751 10.2838
7 153.9751 1.3295
8 1.2881 0.1162
2 75.6463 0.0255
9 112.8687 11.7346
1 123.4929 123.4929
3 213.3707 2.9882
4 199.0164 1.1654
###===
125 0 7 0 0 0 0
N3 1 0
0.6532 0.9849 
0.2465 0.7535 
N3 2
0.2465 0.7535 
6 687.6202 1.3943
5 42.4046 5.9
0 35.9546 10.2838
7 114.7523 20.6186
8 0.9639 0.1162
2 54.7219 0.0255
9 127.3361 11.7346
1 123.4929 123.4929
3 243.4663 2.9882
4 144.2707 1.1654
###===
126 0 5 0 1 0 0
N3 1 0
0.1049 0.8951 
N3 2
0.1049 0.8951 
6 816.572 1.3943
5 30.7431 30.7431
0 21.2089 10.2838
7 60.6804 20.6186
8 0.477 0.1162
2 23.3035 0.0255
9 149.0593 11.7346
1 123.493 123.4929
3 288.6557 2.9882
4 62.0687 1.1654
###===
127 0 9 0 0 0 0
N3 0 0
0.0967 0.7151 
0.0998 0.9002 
N3 2
0.0998 0.9002 
6 821.2225 1.3943
5 30.7431 30.7431
0 20.6771 10.2838
7 58.7303 20.6186
8 0.4594 0.1162
2 22.1704 0.0255
9 149.8631 4.5353
1 123.4929 123.4929
3 290.2853 2.9882
4 59.1042 1.1654
###===
128 0 9 75.0285 1 0 0
N3 1 0
0.2534 0.7466 
N3 2
0.2534 0.7466 
6 681.3149 1.3943
5 30.7431 30.7431
0 36.6756 10.2838
7 117.3963 20.6186
8 0.9877 0.1162
2 56.2582 0.0255
9 214.0077 214.0077
1 123.493 123.4929
3 241.2567 2.9882
4 148.2901 1.1654
###===
129 0 4 91.6633 1 0 0
N3 0 0
0.006 0.994 
N3 2
0.006 0.994 
6 906.6179 1.3943
5 30.7431 30.7431
0 10.9121 10.2838
7 22.9224 20.6186
8 0.137 0.1162
2 1.3642 0.0255
9 214.0077 214.0077
1 123.493 123.4929
3 320.211 2.9882
4 134.1195 134.1195
###===
130 0 8 0 0 0 0
N3 0 0
0.0059 0.0068 
0.0068 0.9932 
N3 2
0.0068 0.9932 
6 905.9193 1.3943
5 30.7431 30.7431
0 10.992 10.2838
7 23.2154 20.6186
8 0.1464 0.0048
2 1.5344 0.0255
9 214.0077 214.0077
1 123.493 123.4929
3 319.9662 2.9882
4 134.1195 134.1195
###===
131 0 1 0 0 0 0
N3 1 0
0.422 0.9971 
0.0058 0.9942 
N3 2
0.0058 0.9942 
6 906.83 1.3943
5 30.7431 30.7431
0 10.8878 10.2838
7 22.8335 20.6186
8 0.1256 0.0048
2 1.3125 0.0255
9 214.0077 214.0077
1 123.5042 100.5447
3 320.2853 2.9882
4 134.1195 134.1195
###===
132 0 5 0 0 0 0
N3 0 0
0.0047 0.1966 
0.1956 0.8044 
N3 2
0.1956 0.8044 
6 733.9758 1.3943
5 105.4397 0.1808
0 30.6538 10.2838
7 95.3145 20.6186
8 4.0774 0.0048
2 43.4276 0.0255
9 214.0077 214.0077
1 119.1211 100.5447
3 259.711 2.9882
4 134.1195 134.1195
###===
133 0 5 0 0 0 0
N3 0 0
0.0047 0.1966 
0.0286 0.9714 
N3 2
0.0286 0.9714 
6 886.0657 1.3943
5 34.0752 27.3961
0 13.2622 10.2838
7 31.5404 20.6186
8 0.6003 0.0048
2 6.3717 0.0255
9 214.0077 214.0077
1 122.9777 100.5447
3 313.0087 2.9882
4 134.1195 134.1195
###===
134 0 4 102.6005 0 0 0
N3 0 0
0.0055 0.8117 
0.0096 0.9904 
N3 2
0.0096 0.9904 
6 903.3692 1.3943
5 29.638 27.3961
0 11.2835 10.2838
7 24.2846 20.6186
8 0.2047 0.0048
2 2.1557 0.0255
9 214.0077 214.0077
1 123.4164 100.5447
3 319.0725 2.9882
4 237.9759 79.2291
###===
135 0 2 0 1 0 0
N3 0 0
0.0021 0.9979 
N3 2
0.0021 0.9979 
6 910.2199 1.3943
5 27.8813 27.3961
0 10.5002 10.2838
7 21.412 20.6186
8 0.0481 0.0048
2 1.1172 1.1171
9 214.0077 214.0077
1 123.5901 100.5447
3 321.4733 2.9882
4 239.1816 79.2291
###===
136 0 7 0 1 0 0
N3 0 0
0.0001 0.9999 
N3 2
0.0001 0.9999 
6 911.9778 1.3943
5 27.4305 27.3961
0 10.2992 10.2838
7 20.8974 20.8973
8 0.0079 0.0048
2 1.1172 1.1171
9 214.0077 214.0077
1 123.6347 100.5447
3 322.0893 2.9882
4 239.491 79.2291
###===
137 0 4 42.1133 1 0 0
N3 1 0
0.0004 0.9996 
N3 2
0.0004 0.9996 
6 911.7042 1.3943
5 27.5007 27.3961
0 10.3304 10.2838
7 20.8974 20.8973
8 0.0142 0.0048
2 1.1172 1.1171
9 214.0077 214.0077
1 123.6278 100.5447
3 321.9934 2.9882
4 281.5846 281.5846
###===
138 0 4 82.2575 0 0 0
N3 1 0
0.0803 1 
0.0046 0.9954 
N3 2
0.0046 0.9954 
6 907.9229 1.3943
5 28.4703 27.3961
0 10.7628 10.2838
7 20.8974 20.8973
8 0.1006 0.0048
2 1.1172 1.1171
9 214.0077 214.0077
1 123.5319 100.5447
3 320.6683 2.9882
4 364.79 363.2415
###===
139 0 6 0 0 0 0
N3 1 0
0.0018 0.9954 
0.9932 0.0068 
N3 2
0.9932 0.0068 
6 772.8532 192.7523
5 259.3442 27.3961
0 113.7169 10.2838
7 20.8973 20.8973
8 20.684 0.0048
2 1.1172 1.1171
9 214.0077 214.0077
1 100.7017 100.5447
3 5.1584 2.9882
4 697.5736 363.2415
###===
140 0 8 0 1 0 0
N3 0 0
0.9922 0.0078 
N3 2
0.9922 0.0078 
6 772.2415 192.7523
5 259.0995 27.3961
0 113.6079 10.2838
7 20.8973 20.8973
8 20.6733 20.6733
2 1.1171 1.1171
9 214.0077 214.0077
1 100.7259 100.5447
3 5.4927 2.9882
4 697.2211 363.2415
###===
141 0 0 0 1 0 0
N3 0 0
0.984 0.016 
N3 2
0.984 0.016 
6 767.4687 192.7523
5 257.1912 27.3961
0 113.232 113.232
7 20.8973 20.8973
8 20.6733 20.6733
2 1.1171 1.1171
9 214.0077 214.0077
1 100.9146 100.5447
3 8.1006 2.9882
4 694.4703 363.2415
###===
142 0 7 64.2725 0 0 0
N3 0 0
0.5453 0.9911 
0.5475 0.4525 
N3 2
0.5475 0.4525 
6 512.5321 192.7523
5 155.2571 27.3961
0 113.232 113.232
7 256.9721 0.5927
8 20.6733 20.6733
2 1.1172 1.1171
9 214.0077 214.0077
1 110.9945 100.5447
3 147.4027 2.9882
4 547.5416 363.2415
###===
143 0 1 0 0 0 0
N3 0 0
0.2727 0.8079 
0.2754 0.7246 
N3 2
0.2754 0.7246 
6 353.606 192.7523
5 91.7119 27.3961
0 113.232 113.232
7 411.1398 0.5927
8 20.6733 20.6733
2 1.1172 1.1171
9 214.0077 214.0077
1 139.1967 1.4117
3 234.243 2.9882
4 455.947 363.2415
###===
144 0 4 0 0 0 0
N3 1 0
0.0584 0.9978 
0.9369 0.0631 
N3 2
0.9369 0.0631 
6 739.97 192.7523
5 246.1961 27.3961
0 113.232 113.232
7 36.3441 0.5927
8 20.6733 20.6733
2 1.1172 1.1171
9 214.0077 214.0077
1 13.4104 1.4117
3 23.1264 2.9882
4 821.8923 11.0943
###===
145 0 3 0 0 0 0
N3 0 0
0.9177 0.9932 
0.9181 0.0819 
N3 2
0.9181 0.0819 
6 728.9894 192.7523
5 241.8056 27.3961
0 113.232 113.232
7 46.9959 0.5927
8 20.6733 20.6733
2 1.1171 1.1171
9 214.0077 214.0077
1 16.9852 1.4117
3 29.5228 0.0638
4 805.6227 11.0943
###===
146 0 8 0 0 0 0
N3 1 0
0.071 0.2045 
0.7962 0.2038 
N3 2
0.7962 0.2038 
6 657.7909 192.7523
5 213.3376 27.3961
0 113.232 113.232
7 116.0626 0.5927
8 31.1139 0.1213
2 1.1172 1.1171
9 214.0077 214.0077
1 40.1649 1.4117
3 73.3696 0.0638
4 700.1298 11.0943
###===
147 0 4 0 0 0 1
N3 1 0
0.1887 0.9982 
0.0059 0.9941 
N3 2
0.0059 0.9941 
6 196.1984 192.7523
5 28.7739 27.3961
0 113.232 113.232
7 563.8342 0.5927
8 151.2979 0.1213
2 1.1172 1.1171
9 214.0077 214.0077
1 190.4429 1.4117
3 357.6365 0.0638
4 239.3 168.8721
147
6 196.1984 192.7523
5 28.7739 27.3961
0 113.232 113.232
7 563.8342 0.5927
8 151.2979 0.1213
2 1.1172 1.1171
9 214.0077 214.0077
1 190.4429 1.4117
3 357.6365 0.0638
4 16.2002 11.0943
N3 2
0.0059 0.9941 
###===
148 0 2 0 0 0 0
N3 1 0
0.9864 0.9941 
0.0059 0.9941 
N3 2
0.0059 0.9941 
6 196.1984 192.7523
5 28.7739 27.3961
0 113.232 113.232
7 563.8342 0.5927
8 151.2979 0.1213
2 1.1172 1.1171
9 214.0077 214.0077
1 190.4429 1.4117
3 357.6365 0.0638
4 16.2002 11.0943
###===
149 0 7 38.9669 0 0 0
N3 0 0
0.0045 0.9851 
0.9802 0.0198 
N3 2
0.9802 0.0198 
6 765.2603 192.7523
5 256.3082 27.3961
0 113.232 113.232
7 762.6082 41.1622
8 3.1324 0.1213
2 1.1172 1.1171
9 214.0077 214.0077
1 5.1767 1.4117
3 7.1858 0.0638
4 859.3643 11.0943
###===
150 0 9 0 0 0 0
N3 1 0
0.0045 0.7776 
0.9916 0.0084 
N3 2
0.9916 0.0084 
6 771.9187 192.7523
5 258.9705 27.3961
0 113.232 113.232
7 770.9988 41.1622
8 1.3987 0.1213
2 1.1172 1.1171
9 214.6228 90.3038
1 3.009 1.4117
3 3.0852 0.0638
4 869.23 11.0943
###===
151 0 7 0 1 0 0
N3 1 0
0.4181 0.5819 
N3 2
0.4181 0.5819 
6 436.9489 192.7523
5 125.0358 27.3961
0 113.232 113.232
7 652.5878 652.5878
8 88.6142 0.1213
2 1.1172 1.1171
9 142.7209 90.3038
1 112.0631 1.4117
3 209.3729 0.0638
4 372.9138 11.0943
###===
152 0 7 0 0 0 0
N3 1 0
0.0063 0.9955 
0.9887 0.0113 
N3 2
0.9887 0.0113 
6 770.2249 192.7523
5 258.2933 27.3961
0 113.232 113.232
7 768.9301 83.9484
8 1.8397 0.1213
2 1.1172 1.1171
9 214.2592 90.3038
1 3.5604 1.4117
3 4.1284 0.0638
4 866.7203 11.0943
###===
153 0 6 0 1 0 0
N3 1 0
0.6042 0.3958 
N3 2
0.6042 0.3958 
6 705.7805 705.7805
5 168.5047 27.3961
0 113.232 113.232
7 502.5626 83.9484
8 60.3082 0.1213
2 1.1172 1.1171
9 166.0569 90.3038
1 76.6693 1.4117
3 142.4216 0.0638
4 533.9946 11.0943
###===
154 0 2 0 0 0 1
N3 1 0
0.3927 0.4004 
0.6029 0.3971 
N3 2
0.6029 0.3971 
6 705.7805 705.7805
5 168.195 27.3961
0 113.232 113.232
7 501.6438 83.9484
8 60.5098 0.1213
2 1.1177 0.8002
9 165.8906 90.3038
1 76.9215 1.4117
3 142.8987 0.0638
4 532.847 11.0943
151
6 544.8897 192.7523
5 168.195 27.3961
0 113.232 113.232
7 484.9082 41.1622
8 60.5098 0.1213
2 1.1172 1.1171
9 165.8906 90.3038
1 76.9215 1.4117
3 142.8987 0.0638
4 532.847 11.0943
N3 2
0.6029 0.3971 
###===
155 0 8 0 1 0 0
N3 1 0
0.8133 0.1867 
N3 2
0.8133 0.1867 
6 667.7841 192.7523
5 217.3332 27.3961
0 113.232 113.232
7 639.7735 41.1622
8 43.3099 43.3098
2 1.1172 1.1171
9 192.2701 90.3038
1 36.9115 1.4117
3 67.2154 0.0638
4 714.9363 11.0943
###===
156 0 0 0 0 0 0
N3 0 0
0.371 0.9148 
0.3737 0.6263 
N3 2
0.3737 0.6263 
6 411.0203 192.7523
5 114.6685 27.3961
0 180.6705 1.0396
7 316.2125 41.1622
8 43.3098 43.3098
2 1.1172 1.1171
9 137.1553 90.3038
1 120.5046 1.4117
3 225.3407 0.0638
4 334.4961 11.0943
###===
157 0 6 89.029 0 0 0
N3 0 0
0.0009 0.9112 
0.9066 0.0934 
N3 2
0.9066 0.0934 
6 901.5765 7.2454
5 239.1199 27.3961
0 27.8279 1.0396
7 708.4372 41.1622
8 43.3099 43.3098
2 1.1171 1.1171
9 203.9661 90.3038
1 19.172 1.4117
3 33.6593 0.0638
4 795.6705 11.0943
###===
158 0 5 0 0 1 0
N3 0 0
0.1486 0.9228 
0.9189 0.0811 
N3 2
0.9189 0.0811 
6 913.71 7.2454
5 242.1268 7.024
0 24.3001 1.0396
7 717.4902 41.1622
8 43.3099 43.3098
2 1.1172 1.1171
9 205.5082 90.3038
1 16.8331 1.4117
3 29.2351 0.0638
4 806.3149 11.0943
N3
0
6 993.7125 993.7125
5 262.8764 262.8764
0 1.0396 1.0396
7 777.1813 777.1814
8 43.3099 43.3099
2 1.1172 1.1171
9 215.6759 215.6759
1 1.4117 1.4117
3 0.0638 0.0638
4 876.4993 876.4993
