Gch_comingSoon999
0 3 7 89.768 0 0 0
N3 N2 N4 
2 2 2 
N3 0 2
N2 N4 
1 1 
0.1342 0.8658 
0.2502 0.7498 
N2 2
0.5 0.5 
N3 2
0.4376 0.5624 
N4 2
0.5 0.5 
7 194.4781 89.8834
###===
1 1 9 0 0 0 0
N9 
2 
N9 1 0
0.25 0.75 
0.2525 0.7475 
N2 2
0.5 0.5 
N3 2
0.4376 0.5624 
N4 2
0.5 0.5 
N9 2
0.2525 0.7475 
7 194.4781 89.8834
9 118.4784 1.4355
###===
2 0 3 97.6224 0 0 0
N4 1 2
N2 N3 
1 0 
0.0848 0.8306 
0.1731 0.8269 
N2 2
0.5 0.5 
N3 2
0.4376 0.5625 
N4 2
0.4075 0.5925 
N9 2
0.2525 0.7475 
7 185.2353 89.8834
9 118.4784 1.4355
3 211.6239 3.1249
###===
3 3 1 0 0 0 0
N8 N5 N7 
2 3 2 
N8 0 1
N5 
1 
0.25 0.75 
0.7475 0.2525 
N2 2
0.5 0.5 
N3 2
0.4376 0.5625 
N4 2
0.4075 0.5925 
N5 3
0.3333 0.3333 0.3333 
N7 2
0.5 0.5 
N8 2
0.5825 0.4175 
N9 2
0.2525 0.7475 
7 185.2353 89.8834
9 118.4784 1.4355
1 106.1595 1.4355
3 211.6239 3.1249
###===
4 0 2 0 0 0 0
N5 1 1
N7 
1 
0.1667 0.6667 
0.4154 0.1692 0.4154 
N2 2
0.5 0.5 
N3 2
0.4376 0.5625 
N4 2
0.4075 0.5925 
N5 3
0.3744 0.2513 0.3744 
N7 2
0.5 0.5 
N8 2
0.5622 0.4378 
N9 2
0.2525 0.7475 
7 185.2353 89.8834
2 104.9146 2.1764
9 118.4784 1.4355
1 104.643 1.4355
3 211.6239 3.1249
###===
5 0 3 51.5768 0 0 0
N7 1 1
N5 
2 
0.3797 0.6953 
0.6118 0.3882 
N2 2
0.5 0.5 
N3 2
0.4376 0.5625 
N4 2
0.4075 0.5925 
N5 3
0.3744 0.2513 0.3744 
N7 2
0.5624 0.4376 
N8 2
0.5622 0.4378 
N9 2
0.2525 0.7475 
7 185.2353 89.8834
2 102.9341 2.1764
9 118.4784 1.4355
1 104.643 1.4355
3 266.2177 3.184
###===
6 0 2 0 0 0 0
N2 1 2
N3 N4 
1 1 
0.591 0.6059 
0.409 0.591 
N2 2
0.5028 0.4972 
N3 2
0.4376 0.5625 
N4 2
0.4075 0.5925 
N5 3
0.3744 0.2513 0.3744 
N7 2
0.5624 0.4376 
N8 2
0.5622 0.4378 
N9 2
0.2525 0.7475 
7 185.0721 89.8834
2 102.9415 0.0114
9 118.4784 1.4355
1 104.643 1.4355
3 266.2177 3.184
###===
7 2 0 0 0 0 0
N0 N1 
2 2 
N0 1 1
N1 
1 
0.25 0.75 
0.7475 0.2525 
N0 2
0.6237 0.3762 
N1 2
0.5 0.5 
N2 2
0.5028 0.4972 
N3 2
0.4376 0.5625 
N4 2
0.4075 0.5925 
N5 3
0.3744 0.2513 0.3744 
N7 2
0.5624 0.4376 
N8 2
0.5622 0.4378 
N9 2
0.2525 0.7475 
0 109.2392 1.4355
7 185.0721 89.8834
2 102.9415 0.0114
9 118.4784 1.4355
1 104.643 1.4355
3 266.2177 3.184
###===
8 0 3 78.6155 0 0 0
N9 1 0
0.424 0.8568 
0.1454 0.8546 
N0 2
0.6237 0.3762 
N1 2
0.5 0.5 
N2 2
0.5028 0.4972 
N3 2
0.4376 0.5625 
N4 2
0.4075 0.5925 
N5 3
0.3744 0.2513 0.3744 
N7 2
0.5624 0.4376 
N8 2
0.5622 0.4378 
N9 2
0.1454 0.8546 
0 109.2392 1.4355
7 185.0721 89.8834
2 102.9415 0.0114
9 135.248 1.4355
1 104.643 1.4355
3 349.7645 2.1739
###===
9 0 7 0 0 0 0
N4 0 1
N3 
1 
0.1193 0.8509 
0.266 0.734 
N0 2
0.6237 0.3762 
N1 2
0.5 0.5 
N2 2
0.4937 0.5063 
N3 2
0.4376 0.5624 
N4 2
0.3071 0.6929 
N5 3
0.3744 0.2513 0.3744 
N7 2
0.5624 0.4376 
N8 2
0.5622 0.4378 
N9 2
0.1454 0.8546 
0 109.2392 1.4355
7 194.0526 89.8834
2 102.9439 0.0114
9 135.248 1.4355
1 104.643 1.4355
3 349.7644 2.1739
###===
10 0 6 0 0 0 0
N4 0 1
N3 
0 
0.1799 0.6799 
0.1824 0.8176 
N0 2
0.6237 0.3762 
N1 2
0.5 0.5 
N2 2
0.4667 0.5333 
N3 2
0.4376 0.5624 
N4 2
0.2294 0.7706 
N5 3
0.3744 0.2513 0.3744 
N7 2
0.5624 0.4376 
N8 2
0.5622 0.4378 
N9 2
0.1454 0.8546 
6 104.8055 1.9595
0 109.2392 1.4355
7 189.7577 89.8834
2 102.9439 0.0114
9 135.248 1.4355
1 104.643 1.4355
3 358.5112 2.1739
###===
11 0 2 0 0 1 0
N7 0 1
N5 
0 
0.226 0.774 
0.7713 0.2287 
N0 2
0.6237 0.3762 
N1 2
0.5 0.5 
N2 2
0.4667 0.5333 
N3 2
0.4376 0.5624 
N4 2
0.2294 0.7706 
N5 3
0.3744 0.2513 0.3744 
N7 2
0.6845 0.3155 
N8 2
0.5622 0.4378 
N9 2
0.1454 0.8546 
6 104.8055 1.9595
0 109.2392 1.4355
7 189.7577 89.8834
2 111.0145 0.0114
9 135.248 1.4355
1 104.643 1.4355
3 358.5112 2.1739
N7
0
N0 2
0.6237 0.3762 
N1 2
0.5 0.5 
N2 2
0.4667 0.5333 
N3 2
0.4376 0.5624 
N4 2
0.2294 0.7706 
N5 3
0.4219 0.2435 0.3346 
N8 2
0.5603 0.4397 
N9 2
0.1454 0.8546 
6 104.8055 1.9595
0 109.2392 1.4355
7 189.7577 89.8834
2 133.4577 97.8349
9 135.248 1.4355
1 104.4995 1.4355
3 370.8408 53.6916
###===
12 0 5 0 0 0 0
N2 0 1
N3 
1 
0.2166 0.7166 
0.7141 0.2859 
N0 2
0.6237 0.3762 
N1 2
0.5 0.5 
N2 2
0.6247 0.3753 
N3 2
0.4376 0.5624 
N4 2
0.2409 0.7591 
N5 3
0.4219 0.2435 0.3346 
N8 2
0.5603 0.4397 
N9 2
0.1454 0.8546 
6 104.8055 1.9595
5 113.0851 1.2686
0 109.2392 1.4355
7 181.3829 89.8834
2 134.0684 97.8349
9 135.248 1.4355
1 104.4995 1.4355
3 370.8408 53.6916
###===
13 0 5 0 0 0 0
N0 0 1
N1 
0 
0.4956 0.5044 
0.4957 0.5043 
N0 2
0.6216 0.3784 
N1 2
0.5 0.5 
N2 2
0.6247 0.3753 
N3 2
0.4376 0.5624 
N4 2
0.2409 0.7591 
N5 3
0.4219 0.2435 0.3346 
N8 2
0.5603 0.4397 
N9 2
0.1454 0.8546 
6 104.8055 1.9595
5 113.0878 0.0225
0 109.2392 1.4355
7 181.3829 89.8834
2 134.0684 97.8349
9 135.248 1.4355
1 104.4995 1.4355
3 370.8408 53.6916
###===
14 0 5 0 0 0 0
N1 1 1
N0 
0 
0.596 0.6013 
0.3987 0.6013 
N0 2
0.6216 0.3784 
N1 2
0.5 0.5 
N2 2
0.6247 0.3753 
N3 2
0.4376 0.5624 
N4 2
0.2409 0.7591 
N5 3
0.4219 0.2435 0.3346 
N8 2
0.5603 0.4397 
N9 2
0.1454 0.8546 
6 104.8055 1.9595
5 113.0878 0.012
0 109.2402 1.4355
7 181.3829 89.8834
2 134.0684 97.8349
9 135.248 1.4355
1 104.4995 1.4355
3 370.8408 53.6916
###===
15 1 2 0 0 0 0
N6 
2 
N6 1 1
N5 
0 
0.1465 0.8535 
0.85 0.15 
N0 2
0.6216 0.3784 
N1 2
0.5 0.5 
N2 2
0.6247 0.3753 
N3 2
0.4376 0.5624 
N4 2
0.2409 0.7591 
N5 3
0.4219 0.2435 0.3346 
N6 2
0.6477 0.3523 
N8 2
0.5603 0.4397 
N9 2
0.1454 0.8546 
6 104.8055 1.9595
5 113.0878 0.012
0 109.2402 1.4355
7 181.3829 89.8834
2 150.528 3.4234
9 135.248 1.4355
1 104.4995 1.4355
3 370.8408 53.6916
###===
16 0 0 0 0 0 0
N3 0 1
N4 
0 
0.3281 0.338 
0.3379 0.6621 
N0 2
0.6216 0.3784 
N1 2
0.5 0.5 
N2 2
0.6247 0.3753 
N3 2
0.4391 0.5609 
N4 2
0.2409 0.7591 
N5 3
0.4219 0.2435 0.3346 
N6 2
0.6477 0.3523 
N8 2
0.5603 0.4397 
N9 2
0.1454 0.8546 
6 104.6511 1.9595
5 113.0373 0.012
0 109.2436 0.0175
7 181.4996 89.8834
2 150.528 3.4234
9 135.248 1.4355
1 104.4995 1.4355
3 370.7776 53.6916
###===
17 0 7 32.834 0 0 0
N1 0 1
N0 
1 
0.2846 0.8575 
0.2875 0.7125 
N0 2
0.6216 0.3784 
N1 2
0.3566 0.6434 
N2 2
0.6247 0.3753 
N3 2
0.4391 0.5609 
N4 2
0.2409 0.7591 
N5 3
0.4219 0.2435 0.3346 
N6 2
0.6477 0.3523 
N8 2
0.5603 0.4397 
N9 2
0.1454 0.8546 
6 104.6511 1.9595
5 112.8602 0.012
0 95.1133 0.0175
7 230.6515 1.4437
2 150.528 3.4234
9 135.248 1.4355
1 104.4995 1.4355
3 370.7776 53.6916
###===
18 0 5 0 0 0 0
N6 1 2
N5 N8 
2 0 
0.5 0.5 
0.5 0.5 
N0 2
0.6216 0.3784 
N1 2
0.3566 0.6434 
N2 2
0.6247 0.3753 
N3 2
0.4391 0.5609 
N4 2
0.2409 0.7591 
N5 3
0.4219 0.2435 0.3346 
N6 2
0.6477 0.3523 
N8 2
0.5603 0.4397 
N9 2
0.1454 0.8546 
6 104.6511 1.9595
5 112.8602 0.012
0 95.1133 0.0175
7 230.6515 1.4437
2 150.528 3.4234
9 135.248 1.4355
1 104.4995 1.4355
3 370.7776 53.6916
###===
19 0 0 0 0 0 0
N4 0 1
N2 
0 
0.2988 0.3058 
0.3014 0.6986 
N0 2
0.6216 0.3784 
N1 2
0.3566 0.6434 
N2 2
0.6247 0.3753 
N3 2
0.4391 0.5609 
N4 2
0.2424 0.7576 
N5 3
0.4219 0.2435 0.3346 
N6 2
0.6477 0.3523 
N8 2
0.5603 0.4397 
N9 2
0.1454 0.8546 
6 104.5774 1.9595
5 112.8623 0.012
0 95.1148 0.0176
7 230.5349 1.4437
2 150.5248 3.4234
9 135.248 1.4355
1 104.4995 1.4355
3 370.7776 53.6916
###===
20 0 9 0 0 0 0
N2 1 1
N3 
1 
0.2832 0.2931 
0.707 0.293 
N0 2
0.6216 0.3784 
N1 2
0.3566 0.6434 
N2 2
0.6208 0.3792 
N3 2
0.4391 0.5609 
N4 2
0.2421 0.7579 
N5 3
0.4219 0.2435 0.3346 
N6 2
0.6477 0.3523 
N8 2
0.5603 0.4397 
N9 2
0.1454 0.8546 
6 104.5773 1.9595
5 112.1944 0.012
0 95.1152 0.0176
7 230.7435 1.4437
2 150.5097 3.4234
9 135.2575 0.0202
1 104.4995 1.4355
3 370.7776 53.6916
###===
21 0 0 0 0 0 0
N4 1 2
N2 N3 
1 0 
0.9128 0.9242 
0.0847 0.9153 
N0 2
0.6216 0.3784 
N1 2
0.3566 0.6434 
N2 2
0.6208 0.3792 
N3 2
0.4391 0.5609 
N4 2
0.2436 0.7564 
N5 3
0.4219 0.2435 0.3346 
N6 2
0.6477 0.3523 
N8 2
0.5603 0.4397 
N9 2
0.1454 0.8546 
6 104.388 1.9595
5 112.1944 0.012
0 95.1284 0.0176
7 230.8853 1.4437
2 150.5097 3.4234
9 135.2575 0.0202
1 104.4995 1.4355
3 370.3155 53.6916
###===
22 0 0 0 0 0 0
N6 0 1
N5 
2 
0.4999 0.5001 
0.4999 0.5001 
N0 2
0.6216 0.3784 
N1 2
0.3566 0.6434 
N2 2
0.6208 0.3792 
N3 2
0.4391 0.5609 
N4 2
0.2436 0.7564 
N5 3
0.4219 0.2435 0.3346 
N6 2
0.6476 0.3524 
N8 2
0.5603 0.4397 
N9 2
0.1454 0.8546 
6 104.388 1.9595
5 112.1944 0.012
0 95.1283 -0.0113
7 230.8853 1.4437
2 150.5097 3.4234
9 135.2575 0.0202
1 104.4995 1.4355
3 370.3155 53.6916
###===
23 0 7 0 0 0 0
N9 1 0
0.8461 0.856 
0.144 0.856 
N0 2
0.6216 0.3784 
N1 2
0.3566 0.6434 
N2 2
0.6208 0.3792 
N3 2
0.4391 0.5609 
N4 2
0.2436 0.7564 
N5 3
0.4219 0.2435 0.3346 
N6 2
0.6476 0.3524 
N8 2
0.5603 0.4397 
N9 2
0.144 0.856 
6 104.388 1.9595
5 112.1944 0.012
0 95.1284 -0.0113
7 230.8865 0.0479
2 150.5097 3.4234
9 135.4768 0.0202
1 104.4995 1.4355
3 370.4541 53.6916
###===
24 0 3 0 0 0 0
N8 1 1
N5 
2 
0.2508 0.7492 
0.2533 0.7467 
N0 2
0.6216 0.3784 
N1 2
0.3566 0.6434 
N2 2
0.6208 0.3792 
N3 2
0.4391 0.5609 
N4 2
0.2436 0.7564 
N5 3
0.4219 0.2435 0.3346 
N6 2
0.6476 0.3524 
N8 2
0.4777 0.5223 
N9 2
0.144 0.856 
6 104.3881 1.9595
5 112.1944 0.012
0 95.1284 -0.0113
7 230.8865 0.0479
2 150.5097 3.4234
9 135.4768 0.0202
1 104.4995 1.4355
3 376.5956 1.4453
###===
25 0 4 0 0 0 0
N4 1 1
N3 
1 
0.3572 0.8572 
0.1453 0.8547 
N0 2
0.6216 0.3784 
N1 2
0.3566 0.6434 
N2 2
0.6148 0.3852 
N3 2
0.4391 0.5609 
N4 2
0.1648 0.8352 
N5 3
0.4219 0.2435 0.3346 
N6 2
0.6476 0.3524 
N8 2
0.4777 0.5223 
N9 2
0.144 0.856 
6 104.3881 1.9595
5 111.1762 0.012
0 95.1393 -0.0113
7 241.3278 0.0479
2 150.628 3.4234
9 135.5059 0.0202
1 104.4995 1.4355
3 376.5956 1.4453
4 104.457 2.4919
###===
26 0 7 0 0 0 0
N1 1 1
N0 
1 
0.1439 0.7126 
0.2902 0.7098 
N0 2
0.6216 0.3784 
N1 2
0.3576 0.6424 
N2 2
0.6148 0.3852 
N3 2
0.4391 0.5609 
N4 2
0.1648 0.8352 
N5 3
0.4219 0.2435 0.3346 
N6 2
0.6476 0.3524 
N8 2
0.4777 0.5223 
N9 2
0.144 0.856 
6 104.3881 1.9595
5 111.1775 0.012
0 95.24 -0.0113
7 241.093 1.3964
2 150.628 3.4234
9 135.5059 0.0202
1 104.4995 1.4355
3 376.5957 1.4453
4 104.457 2.4919
###===
27 0 1 0 0 0 0
N1 0 1
N0 
1 
0.2873 0.2972 
0.2972 0.7028 
N0 2
0.6216 0.3784 
N1 2
0.3603 0.6397 
N2 2
0.6148 0.3852 
N3 2
0.4391 0.5609 
N4 2
0.1648 0.8352 
N5 3
0.4219 0.2435 0.3346 
N6 2
0.6476 0.3524 
N8 2
0.4777 0.5223 
N9 2
0.144 0.856 
6 104.3881 1.9595
5 111.1808 0.012
0 95.5011 -0.0113
7 240.4869 1.3964
2 150.628 3.4234
9 135.5059 0.0202
1 104.506 0.0057
3 376.5957 1.4453
4 104.457 2.4919
###===
28 0 9 0 0 0 0
N3 0 1
N2 
1 
0.5523 0.5726 
0.5524 0.4476 
N0 2
0.6216 0.3784 
N1 2
0.3603 0.6397 
N2 2
0.6148 0.3852 
N3 2
0.437 0.563 
N4 2
0.1649 0.8351 
N5 3
0.4219 0.2435 0.3346 
N6 2
0.6476 0.3524 
N8 2
0.4777 0.5223 
N9 2
0.144 0.856 
6 104.3377 1.9595
5 110.9738 0.012
0 95.5002 -0.0113
7 240.844 1.3964
2 150.624 3.4234
9 135.5165 0.0202
1 104.506 0.0057
3 376.3789 1.4453
4 104.4817 2.4919
###===
29 0 9 0 0 0 0
N6 1 2
N5 N8 
0 0 
0.15 0.1501 
0.85 0.15 
N0 2
0.6216 0.3784 
N1 2
0.3603 0.6397 
N2 2
0.6148 0.3852 
N3 2
0.437 0.563 
N4 2
0.1649 0.8351 
N5 3
0.4219 0.2435 0.3346 
N6 2
0.6476 0.3524 
N8 2
0.4777 0.5223 
N9 2
0.144 0.856 
6 104.3377 1.9595
5 110.9738 0.012
0 95.5001 -0.0113
7 240.8439 1.3964
2 150.624 3.4234
9 135.5165 0.0201
1 104.506 0.0057
3 376.3788 1.4453
4 104.4816 2.4919
###===
30 0 7 68.254 0 0 0
N4 0 2
N2 N3 
0 1 
0.0819 0.8034 
0.7998 0.2002 
N0 2
0.6216 0.3784 
N1 2
0.3603 0.6397 
N2 2
0.6148 0.3852 
N3 2
0.437 0.563 
N4 2
0.4153 0.5847 
N5 3
0.4219 0.2435 0.3346 
N6 2
0.6476 0.3524 
N8 2
0.4777 0.5223 
N9 2
0.144 0.856 
6 104.3377 1.9595
5 110.9738 0.012
0 95.5788 -0.0113
7 337.1584 2.6301
2 149.826 3.4234
9 135.5165 0.0201
1 104.506 0.0057
3 376.3788 1.4453
4 73.5903 2.4919
###===
31 0 9 0 0 0 0
N6 1 2
N5 N8 
2 1 
0.5 0.5002 
0.4998 0.5002 
N0 2
0.6216 0.3784 
N1 2
0.3603 0.6397 
N2 2
0.6148 0.3852 
N3 2
0.437 0.563 
N4 2
0.4153 0.5847 
N5 3
0.4219 0.2435 0.3346 
N6 2
0.6476 0.3524 
N8 2
0.4777 0.5223 
N9 2
0.144 0.856 
6 104.3377 1.9595
5 110.9738 0.012
0 95.5788 -0.0113
7 337.1584 2.6301
2 149.826 3.4234
9 135.5165 -0.0087
1 104.506 0.0057
3 376.3788 1.4453
4 73.5903 2.4919
###===
32 0 6 0 0 0 0
N9 1 0
0.8445 0.8579 
0.1421 0.8579 
N0 2
0.6216 0.3784 
N1 2
0.3603 0.6397 
N2 2
0.6148 0.3852 
N3 2
0.437 0.563 
N4 2
0.4153 0.5847 
N5 3
0.4219 0.2435 0.3346 
N6 2
0.6476 0.3524 
N8 2
0.4777 0.5223 
N9 2
0.1421 0.8579 
6 104.3398 0.0433
5 110.9738 0.012
0 95.5788 -0.0113
7 337.1615 2.6301
2 149.826 3.4234
9 135.814 -0.0087
1 104.506 0.0057
3 376.5667 1.4453
4 73.5902 2.4919
###===
33 0 9 0 0 0 0
N4 1 1
N3 
0 
0.8097 0.8097 
0.1903 0.8097 
N0 2
0.6216 0.3784 
N1 2
0.3603 0.6397 
N2 2
0.6148 0.3852 
N3 2
0.437 0.563 
N4 2
0.4153 0.5847 
N5 3
0.4219 0.2435 0.3346 
N6 2
0.6476 0.3524 
N8 2
0.4777 0.5223 
N9 2
0.1421 0.8579 
6 104.3412 0.0433
5 110.9738 0.012
0 95.5788 -0.0113
7 337.1609 2.6301
2 149.826 3.4234
9 135.814 -0.026
1 104.506 0.0057
3 376.568 1.4453
4 73.5903 2.4919
###===
34 0 2 46.9691 0 0 0
N0 1 1
N1 
1 
0.2932 0.588 
0.7054 0.2946 
N0 2
0.6991 0.3009 
N1 2
0.3603 0.6397 
N2 2
0.6148 0.3852 
N3 2
0.437 0.563 
N4 2
0.4153 0.5847 
N5 3
0.4219 0.2435 0.3346 
N6 2
0.6476 0.3524 
N8 2
0.4777 0.5223 
N9 2
0.1421 0.8579 
6 104.3412 0.0433
5 110.9743 0.012
0 107.7108 -0.0113
7 328.7224 2.6301
2 199.6957 0.7069
9 135.814 -0.026
1 104.6168 0.0057
3 376.568 1.4453
4 73.5903 2.4919
###===
35 0 0 0 0 0 0
N6 1 2
N5 N8 
1 1 
0.4999 0.5001 
0.4999 0.5001 
N0 2
0.6991 0.3009 
N1 2
0.3603 0.6397 
N2 2
0.6148 0.3852 
N3 2
0.437 0.563 
N4 2
0.4153 0.5847 
N5 3
0.4219 0.2435 0.3346 
N6 2
0.6476 0.3524 
N8 2
0.4777 0.5223 
N9 2
0.1421 0.8579 
6 104.3412 0.0433
5 110.9743 0.012
0 107.7108 -0.0113
7 328.7224 2.6301
2 199.6957 0.7069
9 135.814 -0.026
1 104.6168 0.0057
3 376.568 1.4453
4 73.5903 2.4919
###===
36 0 9 0 0 0 0
N2 1 2
N3 N4 
0 1 
0.5504 0.5548 
0.4453 0.5547 
N0 2
0.6991 0.3009 
N1 2
0.3603 0.6397 
N2 2
0.6133 0.3867 
N3 2
0.437 0.563 
N4 2
0.4153 0.5847 
N5 3
0.4219 0.2435 0.3346 
N6 2
0.6476 0.3524 
N8 2
0.4777 0.5223 
N9 2
0.1421 0.8579 
6 104.3412 0.0433
5 110.9743 0.012
0 107.71 -0.0113
7 328.5702 2.6301
2 199.6957 0.7069
9 135.8138 -0.026
1 104.6168 0.0057
3 376.7676 1.4453
4 73.5903 2.4919
###===
37 0 1 0 0 0 0
N5 0 2
N6 N8 
1 0 
0.0968 0.5918 
0.0993 0.6145 0.2862 
N0 2
0.6991 0.3009 
N1 2
0.3603 0.6397 
N2 2
0.6133 0.3867 
N3 2
0.437 0.563 
N4 2
0.4153 0.5847 
N5 3
0.4066 0.2539 0.3395 
N6 2
0.6476 0.3524 
N8 2
0.4777 0.5223 
N9 2
0.1421 0.8579 
6 104.3412 0.0433
5 110.9743 0.012
0 107.7101 -0.0113
7 328.5702 2.6301
2 201.1356 0.7069
9 135.8138 -0.026
1 105.9868 0.0057
3 376.5144 1.4453
4 73.5903 2.4919
###===
38 0 2 0 0 0 0
N4 0 1
N3 
0 
0.1865 0.2063 
0.2062 0.7938 
N0 2
0.6991 0.3009 
N1 2
0.3603 0.6397 
N2 2
0.6157 0.3843 
N3 2
0.437 0.563 
N4 2
0.4222 0.5778 
N5 3
0.4066 0.2539 0.3395 
N6 2
0.6476 0.3524 
N8 2
0.4777 0.5223 
N9 2
0.1421 0.8579 
6 103.4147 0.0433
5 110.9743 0.012
0 107.7596 -0.0113
7 328.9552 2.6301
2 201.1863 0.0108
9 135.8169 -0.026
1 105.9868 0.0057
3 375.7167 1.4453
4 73.5903 2.4919
###===
39 0 0 0 0 0 0
N1 0 1
N0 
0 
0.179 0.7819 
0.1821 0.8179 
N0 2
0.6991 0.3009 
N1 2
0.2398 0.7602 
N2 2
0.6157 0.3843 
N3 2
0.437 0.563 
N4 2
0.4222 0.5778 
N5 3
0.4066 0.2539 0.3395 
N6 2
0.6476 0.3524 
N8 2
0.4777 0.5223 
N9 2
0.1421 0.8579 
6 103.4147 0.0433
5 111.1266 0.012
0 122.045 -0.0113
7 328.9551 2.6301
2 204.4621 0.0108
9 135.8169 -0.026
1 105.9868 0.0057
3 375.7167 1.4453
4 73.5903 2.4919
###===
40 0 9 28.6334 0 0 0
N0 0 1
N1 
0 
0.4355 0.6153 
0.4363 0.5637 
N0 2
0.6764 0.3236 
N1 2
0.2398 0.7602 
N2 2
0.6157 0.3843 
N3 2
0.437 0.563 
N4 2
0.4222 0.5778 
N5 3
0.4066 0.2539 0.3395 
N6 2
0.6476 0.3524 
N8 2
0.4777 0.5223 
N9 2
0.1421 0.8579 
6 103.4147 0.0433
5 111.1832 0.012
0 124.2261 -0.0113
7 326.2336 2.6301
2 204.4621 0.0108
9 165.0713 0.2813
1 106.0648 0.0057
3 375.7167 1.4453
4 73.5903 2.4919
###===
41 0 2 0 0 0 0
N1 0 1
N0 
0 
0.1096 0.5038 
0.5019 0.4981 
N0 2
0.6764 0.3236 
N1 2
0.4746 0.5254 
N2 2
0.6157 0.3843 
N3 2
0.437 0.563 
N4 2
0.4222 0.5778 
N5 3
0.4066 0.2539 0.3395 
N6 2
0.6476 0.3524 
N8 2
0.4777 0.5223 
N9 2
0.1421 0.8579 
6 103.4147 0.0433
5 110.8864 0.012
0 80.0053 -0.0113
7 326.2336 2.6301
2 230.0236 0.0108
9 158.4184 0.2813
1 106.0648 0.0057
3 375.7167 1.4453
4 73.5903 2.4919
###===
42 0 1 0 0 0 0
N3 1 2
N2 N4 
1 0 
0.5023 0.5024 
0.4976 0.5024 
N0 2
0.6764 0.3236 
N1 2
0.4746 0.5254 
N2 2
0.6157 0.3843 
N3 2
0.437 0.563 
N4 2
0.4222 0.5778 
N5 3
0.4066 0.2539 0.3395 
N6 2
0.6476 0.3524 
N8 2
0.4777 0.5223 
N9 2
0.1421 0.8579 
6 103.4148 0.0433
5 110.8863 0.012
0 80.0053 -0.0113
7 326.2335 2.6301
2 230.0236 0.0108
9 158.4184 0.2813
1 106.0648 -0.0035
3 375.7169 1.4453
4 73.5901 2.4919
###===
43 0 4 58.1474 0 0 0
N1 1 1
N0 
1 
0.3825 0.7257 
0.6158 0.3842 
N0 2
0.6764 0.3236 
N1 2
0.5388 0.4612 
N2 2
0.6157 0.3843 
N3 2
0.437 0.563 
N4 2
0.4222 0.5778 
N5 3
0.4066 0.2539 0.3395 
N6 2
0.6476 0.3524 
N8 2
0.4777 0.5223 
N9 2
0.1421 0.8579 
6 103.4148 0.0433
5 110.9655 0.012
0 86.3258 -0.0113
7 311.5591 2.6301
2 233.2097 0.0108
9 160.1189 0.2813
1 106.377 -0.0035
3 375.7169 1.4453
4 135.4405 0.6347
###===
44 0 8 20.6027 0 0 0
N5 2 1
N8 
1 
0.2074 0.7739 
0.1772 0.0517 0.7711 
N0 2
0.6764 0.3236 
N1 2
0.5388 0.4612 
N2 2
0.6157 0.3843 
N3 2
0.437 0.563 
N4 2
0.4222 0.5778 
N5 3
0.2882 0.2194 0.4923 
N6 2
0.6061 0.3939 
N8 2
0.4777 0.5223 
N9 2
0.1421 0.8579 
6 103.4148 0.0433
5 110.9655 0.012
0 86.3258 -0.0113
7 311.5591 2.6301
8 134.1327 1.7525
2 219.2046 0.0108
9 160.1189 0.2813
1 109.7757 -0.0035
3 391.5726 1.4453
4 135.4405 0.6347
###===
45 0 9 0 0 0 0
N5 2 1
N8 
1 
0.7696 0.7716 
0.1784 0.052 0.7696 
N0 2
0.6764 0.3236 
N1 2
0.5388 0.4612 
N2 2
0.6157 0.3843 
N3 2
0.437 0.563 
N4 2
0.4222 0.5778 
N5 3
0.2889 0.2196 0.4916 
N6 2
0.6063 0.3937 
N8 2
0.4777 0.5223 
N9 2
0.1421 0.8579 
6 103.4148 0.0433
5 110.9655 0.012
0 86.3258 -0.0113
7 311.5591 2.6301
8 133.9857 1.7525
2 219.2787 0.0108
9 160.1194 0.0004
1 109.7603 -0.0035
3 391.4913 1.4453
4 135.4405 0.6347
###===
46 0 0 0 0 0 0
N0 0 1
N1 
0 
0.6195 0.8132 
0.6205 0.3795 
N0 2
0.6712 0.3288 
N1 2
0.5388 0.4612 
N2 2
0.6157 0.3843 
N3 2
0.437 0.563 
N4 2
0.4222 0.5778 
N5 3
0.2889 0.2196 0.4916 
N6 2
0.6063 0.3937 
N8 2
0.4777 0.5223 
N9 2
0.1421 0.8579 
6 103.4148 0.0433
5 110.9784 0.012
0 86.8389 -0.0113
7 310.938 2.6301
8 133.9857 1.7525
2 218.3992 0.0108
9 160.4034 0.0004
1 109.7781 -0.0035
3 391.4913 1.4453
4 135.7306 0.6347
###===
47 0 4 0 0 0 0
N6 0 2
N5 N8 
2 0 
0.4708 0.4752 
0.4736 0.5264 
N0 2
0.6712 0.3288 
N1 2
0.5388 0.4612 
N2 2
0.6157 0.3843 
N3 2
0.437 0.563 
N4 2
0.4222 0.5778 
N5 3
0.2889 0.2196 0.4916 
N6 2
0.6064 0.3936 
N8 2
0.4777 0.5223 
N9 2
0.1421 0.8579 
6 103.4148 0.0433
5 110.9784 0.012
0 86.8389 -0.0113
7 310.938 2.6301
8 133.9857 1.7525
2 218.3992 0.0108
9 160.4034 0.0004
1 109.777 -0.0035
3 391.4913 1.4453
4 135.7307 0.4351
###===
48 0 5 0 0 0 0
N3 0 2
N2 N4 
0 1 
0.3349 0.8972 
0.7293 0.2707 
N0 2
0.6712 0.3288 
N1 2
0.5388 0.4612 
N2 2
0.6157 0.3843 
N3 2
0.4522 0.5478 
N4 2
0.4222 0.5778 
N5 3
0.2889 0.2196 0.4916 
N6 2
0.6064 0.3936 
N8 2
0.4777 0.5223 
N9 2
0.1421 0.8579 
6 103.952 0.0433
5 110.2149 0.012
0 86.8389 -0.0113
7 313.4774 2.6301
8 133.9857 1.7525
2 218.3072 0.0108
9 160.4039 0.0004
1 109.777 -0.0035
3 391.4913 1.4453
4 135.337 0.4351
###===
49 0 8 0 0 1 0
N3 0 2
N2 N4 
0 0 
0.1821 0.1941 
0.1821 0.8179 
N0 2
0.6712 0.3288 
N1 2
0.5388 0.4612 
N2 2
0.6157 0.3843 
N3 2
0.4514 0.5486 
N4 2
0.4222 0.5778 
N5 3
0.2889 0.2196 0.4916 
N6 2
0.6064 0.3936 
N8 2
0.4777 0.5223 
N9 2
0.1421 0.8579 
6 104.0346 0.0433
5 110.2757 0.012
0 86.8353 -0.0113
7 313.6116 2.6301
8 133.9866 0.0192
2 218.2975 0.0108
9 160.4028 0.0004
1 109.7771 -0.0035
3 391.4913 1.4453
4 135.2548 0.4351
N3
0
N0 2
0.6712 0.3288 
N1 2
0.5388 0.4612 
N2 2
0.5304 0.4696 
N4 2
0.1978 0.8022 
N5 3
0.2889 0.2196 0.4916 
N6 2
0.6064 0.3936 
N8 2
0.4777 0.5223 
N9 2
0.1421 0.8579 
6 108.9361 0.0433
5 104.9298 98.7434
0 87.2972 0.3689
7 237.3004 69.6503
8 133.7178 0.0192
2 218.4241 0.0108
9 159.6443 0.0004
1 109.7767 -0.0035
3 417.5139 1.4453
4 162.1405 97.9432
###===
50 0 1 0 0 0 0
N6 1 2
N5 N8 
0 0 
0.0817 0.5373 
0.465 0.535 
N0 2
0.6712 0.3288 
N1 2
0.5388 0.4612 
N2 2
0.5304 0.4696 
N4 2
0.1978 0.8022 
N5 3
0.2889 0.2196 0.4916 
N6 2
0.5181 0.4819 
N8 2
0.4777 0.5223 
N9 2
0.1421 0.8579 
6 108.9361 0.0433
5 104.9298 98.7434
0 87.2973 0.3689
7 237.3005 69.6503
8 133.7178 0.0192
2 196.3266 0.0108
9 159.6443 0.0004
1 120.501 -0.0035
3 417.5139 1.4453
4 162.1405 97.9432
###===
51 0 1 0 0 0 0
N9 0 0
0.1421 0.1421 
0.1421 0.8579 
N0 2
0.6712 0.3288 
N1 2
0.5388 0.4612 
N2 2
0.5304 0.4696 
N4 2
0.1978 0.8022 
N5 3
0.2889 0.2196 0.4916 
N6 2
0.5181 0.4819 
N8 2
0.4777 0.5223 
N9 2
0.1421 0.8579 
6 108.9361 0.0433
5 104.9298 98.7434
0 87.2973 0.3689
7 237.3005 69.6503
8 133.7179 0.0192
2 196.3266 0.0108
9 159.6443 0.0004
1 120.501 -0.0035
3 417.5139 1.4453
4 162.1405 97.9432
###===
52 0 9 0 0 0 0
N5 1 1
N8 
1 
0.0516 0.052 
0.1785 0.0516 0.7699 
N0 2
0.6712 0.3288 
N1 2
0.5388 0.4612 
N2 2
0.5304 0.4696 
N4 2
0.1978 0.8022 
N5 3
0.2889 0.2194 0.4917 
N6 2
0.5181 0.4819 
N8 2
0.4777 0.5223 
N9 2
0.1421 0.8579 
6 108.9361 0.0433
5 104.9298 98.7434
0 87.2973 0.3689
7 237.3005 69.6503
8 133.7472 0.0192
2 196.3328 0.0108
9 159.6442 0.0308
1 120.5216 -0.0035
3 417.5302 1.4453
4 162.1405 97.9432
###===
53 0 0 0 0 0 0
N6 0 2
N5 N8 
1 1 
0.4986 0.5014 
0.4992 0.5008 
N0 2
0.6712 0.3288 
N1 2
0.5388 0.4612 
N2 2
0.5304 0.4696 
N4 2
0.1978 0.8022 
N5 3
0.2889 0.2194 0.4917 
N6 2
0.5181 0.4819 
N8 2
0.4777 0.5223 
N9 2
0.1421 0.8579 
6 108.9361 0.0433
5 104.9298 98.7434
0 87.2972 0.1668
7 237.3005 69.6503
8 133.7472 0.0192
2 196.3328 0.0108
9 159.6442 0.0308
1 120.5216 -0.0035
3 417.5302 1.4453
4 162.1405 97.9432
###===
54 0 2 0 0 0 0
N2 0 0
0.5304 0.5305 
0.5305 0.4695 
N0 2
0.6712 0.3288 
N1 2
0.5388 0.4612 
N2 2
0.5305 0.4695 
N4 2
0.1978 0.8022 
N5 3
0.2889 0.2194 0.4917 
N6 2
0.5181 0.4819 
N8 2
0.4777 0.5223 
N9 2
0.1421 0.8579 
6 108.9346 0.0433
5 104.9304 98.7434
0 87.2973 0.1668
7 237.3055 69.6503
8 133.7472 0.0192
2 196.333 -0.0063
9 159.6442 0.0308
1 120.5216 -0.0035
3 417.5246 1.4453
4 162.1405 97.9432
###===
55 0 2 0 0 0 0
N5 0 1
N8 
1 
0.1785 0.573 
0.1805 0.0515 0.768 
N0 2
0.6712 0.3288 
N1 2
0.5388 0.4612 
N2 2
0.5305 0.4695 
N4 2
0.1978 0.8022 
N5 3
0.29 0.2193 0.4907 
N6 2
0.5185 0.4815 
N8 2
0.4777 0.5223 
N9 2
0.1421 0.8579 
6 108.9346 0.0433
5 104.9304 98.7434
0 87.2973 0.1668
7 237.3055 69.6503
8 133.5609 0.0192
2 196.4576 -0.0063
9 159.6455 0.0308
1 120.5268 -0.0035
3 417.4217 1.4453
4 162.1405 97.9432
###===
56 0 0 0 0 0 0
N8 0 1
N5 
2 
0.1821 0.1847 
0.1842 0.8158 
N0 2
0.6712 0.3288 
N1 2
0.5388 0.4612 
N2 2
0.5305 0.4695 
N4 2
0.1978 0.8022 
N5 3
0.29 0.2193 0.4907 
N6 2
0.5185 0.4815 
N8 2
0.4785 0.5215 
N9 2
0.1421 0.8579 
6 108.9346 0.0433
5 104.9304 98.7434
0 87.2979 0.0864
7 237.3055 69.6503
8 133.5069 0.0192
2 196.4579 -0.0063
9 159.6457 0.0308
1 120.5332 -0.0035
3 417.2993 1.4453
4 162.1405 97.9432
###===
57 0 9 0 0 0 0
N6 1 2
N5 N8 
1 0 
0.5259 0.5281 
0.472 0.528 
N0 2
0.6712 0.3288 
N1 2
0.5388 0.4612 
N2 2
0.5305 0.4695 
N4 2
0.1978 0.8022 
N5 3
0.29 0.2193 0.4907 
N6 2
0.5183 0.4817 
N8 2
0.4785 0.5215 
N9 2
0.1421 0.8579 
6 108.9346 0.0433
5 104.9304 98.7434
0 87.2979 0.0864
7 237.3056 69.6503
8 133.5069 0.0192
2 196.4579 -0.0063
9 159.6458 0.0174
1 120.5361 -0.0035
3 417.2993 1.4453
4 162.1405 97.9432
###===
58 0 5 0 0 0 0
N6 0 1
N8 
1 
0.284 0.7796 
0.7495 0.2505 
N0 2
0.6712 0.3288 
N1 2
0.5388 0.4612 
N2 2
0.5305 0.4695 
N4 2
0.1978 0.8022 
N5 3
0.3105 0.218 0.4715 
N6 2
0.6155 0.3845 
N8 2
0.4785 0.5215 
N9 2
0.1421 0.8579 
6 108.9346 0.0433
5 110.573 18.4859
0 87.2966 0.0864
7 237.3056 69.6503
8 129.9035 0.0192
2 201.2021 -0.0063
9 159.6677 0.0174
1 120.6644 -0.0035
3 415.3084 1.4453
4 162.1405 97.9432
###===
59 0 3 0 0 0 0
N4 0 1
N2 
1 
0.0912 0.9058 
0.0953 0.9047 
N0 2
0.6712 0.3288 
N1 2
0.5388 0.4612 
N2 2
0.5305 0.4695 
N4 2
0.1993 0.8007 
N5 3
0.3105 0.218 0.4715 
N6 2
0.6155 0.3845 
N8 2
0.4785 0.5215 
N9 2
0.1421 0.8579 
6 108.7353 0.0433
5 110.573 18.4859
0 87.3199 0.0864
7 237.4549 69.6503
8 129.9035 0.0192
2 201.2237 -0.0063
9 159.666 0.0174
1 120.6644 -0.0035
3 414.8259 6.3481
4 162.1405 97.9432
###===
60 0 8 0 0 0 0
N9 1 0
0.8578 0.8579 
0.1421 0.8579 
N0 2
0.6712 0.3288 
N1 2
0.5388 0.4612 
N2 2
0.5305 0.4695 
N4 2
0.1993 0.8007 
N5 3
0.3105 0.218 0.4715 
N6 2
0.6155 0.3845 
N8 2
0.4785 0.5215 
N9 2
0.1421 0.8579 
6 108.7353 0.0433
5 110.573 18.4859
0 87.3199 0.0864
7 237.4549 69.6503
8 129.9035 0.0192
2 201.2237 -0.0063
9 159.666 0.0174
1 120.6644 -0.0035
3 414.8259 6.3481
4 162.1405 97.9432
###===
61 0 3 90.2145 0 0 0
N0 0 1
N1 
0 
0.3177 0.8057 
0.8032 0.1968 
N0 2
0.7696 0.2304 
N1 2
0.5388 0.4612 
N2 2
0.5305 0.4695 
N4 2
0.1993 0.8007 
N5 3
0.3105 0.218 0.4715 
N6 2
0.6155 0.3845 
N8 2
0.4785 0.5215 
N9 2
0.1421 0.8579 
6 108.7353 0.0433
5 110.3277 18.4859
0 77.2771 0.0864
7 249.2593 69.6503
8 129.9036 0.0192
2 217.9405 -0.0063
9 154.2675 0.0174
1 120.3259 -0.0035
3 511.1075 1.8256
4 156.6265 97.9432
###===
62 0 1 85.5683 0 0 0
N1 1 1
N0 
1 
0.2983 0.7541 
0.5906 0.4094 
N0 2
0.7696 0.2304 
N1 2
0.5688 0.4312 
N2 2
0.5305 0.4695 
N4 2
0.1993 0.8007 
N5 3
0.3105 0.218 0.4715 
N6 2
0.6155 0.3845 
N8 2
0.4785 0.5215 
N9 2
0.1421 0.8579 
6 108.7353 0.0433
5 110.3648 18.4859
0 80.3473 0.0864
7 242.389 69.6503
8 129.9035 0.0192
2 219.4322 -0.0063
9 155.0637 0.0174
1 207.1738 45.6924
3 508.2632 1.8256
4 160.1098 97.9432
###===
63 0 1 0 0 1 0
N2 0 1
N4 
1 
0.3421 0.6136 
0.3434 0.6566 
N0 2
0.7696 0.2304 
N1 2
0.5688 0.4312 
N2 2
0.4295 0.5705 
N4 2
0.1993 0.8007 
N5 3
0.3105 0.218 0.4715 
N6 2
0.6155 0.3845 
N8 2
0.4785 0.5215 
N9 2
0.1421 0.8579 
6 108.7353 0.0433
5 108.9959 18.4859
0 80.295 0.0864
7 232.3005 69.6503
8 129.9036 0.0192
2 219.4289 -0.0063
9 155.1745 0.0174
1 210.944 0.5664
3 521.4431 1.8256
4 160.1098 97.9432
N2
0
N0 2
0.7696 0.2304 
N1 2
0.5688 0.4312 
N4 2
0.3598 0.6402 
N5 3
0.3105 0.218 0.4715 
N6 2
0.6155 0.3845 
N8 2
0.4785 0.5215 
N9 2
0.1421 0.8579 
6 87.3312 0.0433
5 113.946 18.4859
0 80.8279 0.6042
7 284.8157 169.535
8 129.5478 0.0192
2 221.7649 0.026
9 154.8799 0.0664
1 178.2781 0.5664
3 461.3194 191.4204
4 160.1098 97.9432
###===
64 0 0 51.6879 0 0 0
N9 1 0
0.5971 0.9011 
0.4014 0.5986 
N0 2
0.7696 0.2304 
N1 2
0.5688 0.4312 
N4 2
0.3598 0.6402 
N5 3
0.3105 0.218 0.4715 
N6 2
0.6155 0.3845 
N8 2
0.4785 0.5215 
N9 2
0.4014 0.5986 
6 86.7514 0.0433
5 113.946 18.4859
0 161.5705 0.3704
7 284.3925 169.535
8 129.5478 0.0192
2 221.7649 0.026
9 114.2789 0.0664
1 178.2781 0.5664
3 435.6635 191.4204
4 160.1098 97.9432
###===
65 0 4 0 0 0 0
N4 1 0
0.3247 0.8175 
0.1849 0.8151 
N0 2
0.7696 0.2304 
N1 2
0.5688 0.4312 
N4 2
0.1849 0.8151 
N5 3
0.3105 0.218 0.4715 
N6 2
0.6155 0.3845 
N8 2
0.4785 0.5215 
N9 2
0.4014 0.5986 
6 110.0717 0.0433
5 116.3163 18.4859
0 160.7745 0.3704
7 284.3925 169.535
8 129.8509 0.0192
2 219.2399 0.026
9 114.0401 0.0664
1 170.3846 0.5664
3 435.6635 191.4204
4 170.7521 1.9037
###===
66 0 4 0 0 0 1
N5 1 1
N6 
0 
0.174 0.1885 
0.3165 0.1884 0.4951 
N0 2
0.7696 0.2304 
N1 2
0.5688 0.4312 
N4 2
0.1849 0.8151 
N5 3
0.3076 0.2253 0.4671 
N6 2
0.6155 0.3845 
N8 2
0.4826 0.5174 
N9 2
0.4014 0.5986 
6 110.0717 0.0433
5 116.1453 18.4859
0 160.7746 0.3704
7 284.3925 169.535
8 129.6304 0.0192
2 218.7941 0.026
9 114.0373 0.0664
1 170.7473 0.5664
3 435.3013 191.4204
4 170.7937 0.007
64
6 110.0717 0.0433
5 116.1453 18.4859
0 131.7199 52.2921
7 284.3925 169.535
8 129.6304 0.0192
2 218.7941 0.026
9 114.0373 0.0664
1 170.7473 0.5664
3 435.3013 191.4204
4 160.1097 97.9432
N0 2
0.7696 0.2304 
N1 2
0.5688 0.4312 
N4 2
0.1849 0.8151 
N5 3
0.3076 0.2253 0.4671 
N6 2
0.6155 0.3845 
N8 2
0.4826 0.5174 
N9 2
0.4014 0.5986 
###===
67 0 4 0 0 0 0
N6 0 2
N5 N8 
2 0 
0.2377 0.7312 
0.7287 0.2713 
N0 2
0.7696 0.2304 
N1 2
0.5688 0.4312 
N4 2
0.1849 0.8151 
N5 3
0.3076 0.2253 0.4671 
N6 2
0.6387 0.3613 
N8 2
0.4826 0.5174 
N9 2
0.4014 0.5986 
6 110.0717 0.0433
5 116.1453 18.4859
0 131.7185 52.2921
7 284.3925 169.535
8 129.6304 0.0192
2 218.7941 0.026
9 114.0373 0.0664
1 170.3847 0.5664
3 435.3013 191.4204
4 161.9051 1.3382
###===
68 0 1 0 0 0 0
N0 0 1
N1 
1 
0.5845 0.7822 
0.7812 0.2188 
N0 2
0.7696 0.2304 
N1 2
0.5688 0.4312 
N4 2
0.1849 0.8151 
N5 3
0.3076 0.2253 0.4671 
N6 2
0.6387 0.3613 
N8 2
0.4826 0.5174 
N9 2
0.4014 0.5986 
6 110.0717 0.0433
5 116.1453 18.4859
0 131.7106 52.2921
7 284.3969 169.535
8 129.6304 0.0192
2 218.794 0.026
9 114.0373 0.0664
1 170.3829 0.6295
3 435.3012 191.4204
4 161.9026 1.3382
###===
69 0 8 83.4719 0 0 0
N9 0 0
0.225 0.6644 
0.6622 0.3378 
N0 2
0.7696 0.2304 
N1 2
0.5688 0.4312 
N4 2
0.1849 0.8151 
N5 3
0.3076 0.2253 0.4671 
N6 2
0.6387 0.3613 
N8 2
0.4826 0.5174 
N9 2
0.6622 0.3378 
6 109.4885 0.0433
5 116.1453 18.4859
0 131.7107 52.2921
7 283.9713 169.535
8 233.0454 0.9488
2 218.794 0.026
9 73.2015 0.0664
1 170.383 0.6295
3 409.4969 191.4204
4 161.9026 1.3382
###===
70 0 1 0 0 0 0
N5 2 0
0.2349 0.4694 
0.3069 0.2248 0.4683 
N0 2
0.7696 0.2304 
N1 2
0.5688 0.4312 
N4 2
0.1849 0.8151 
N5 3
0.3069 0.2248 0.4683 
N6 2
0.6389 0.3611 
N8 2
0.482 0.518 
N9 2
0.6622 0.3378 
6 109.4885 0.0433
5 116.1406 18.4859
0 131.7107 52.2921
7 283.9713 169.535
8 233.1486 0.9488
2 218.7484 0.026
9 73.2011 0.0664
1 170.3408 0.3203
3 409.5841 191.4204
4 161.9072 1.3382
###===
71 0 7 0 0 0 0
N1 0 1
N0 
1 
0.1823 0.9741 
0.1863 0.8137 
N0 2
0.7696 0.2304 
N1 2
0.4757 0.5243 
N4 2
0.1849 0.8151 
N5 3
0.3069 0.2248 0.4683 
N6 2
0.6389 0.3611 
N8 2
0.482 0.518 
N9 2
0.6622 0.3378 
6 109.4885 0.0433
5 116.0256 18.4859
0 122.187 52.2921
7 316.7101 3.1054
8 233.1486 0.9488
2 214.1214 0.026
9 70.7314 0.0664
1 162.8303 0.3203
3 418.4066 191.4204
4 151.1023 1.3382
###===
72 0 3 0 0 0 0
N8 1 1
N5 
0 
0.068 0.8833 
0.2512 0.7488 
N0 2
0.7696 0.2304 
N1 2
0.4757 0.5243 
N4 2
0.1849 0.8151 
N5 3
0.3069 0.2248 0.4683 
N6 2
0.6934 0.3066 
N8 2
0.3652 0.6348 
N9 2
0.6622 0.3378 
6 109.4885 0.0433
5 119.8296 18.4859
0 122.187 52.2921
7 316.7101 3.1054
8 219.2629 0.9488
2 227.9635 0.026
9 70.8546 0.0664
1 157.2417 0.3203
3 431.6892 110.5829
4 151.1023 1.3382
###===
73 0 2 0 0 0 0
N1 0 1
N0 
1 
0.132 0.1864 
0.1323 0.8677 
N0 2
0.7696 0.2304 
N1 2
0.4632 0.5368 
N4 2
0.1849 0.8151 
N5 3
0.3069 0.2248 0.4683 
N6 2
0.6934 0.3066 
N8 2
0.3652 0.6348 
N9 2
0.6622 0.3378 
6 109.4885 0.0433
5 119.8143 18.4859
0 120.9146 52.2921
7 322.8604 3.1054
8 219.2629 0.9488
2 227.6933 0.3301
9 70.5247 0.0664
1 156.2384 0.3203
3 432.8679 110.5829
4 149.6588 1.3382
###===
74 0 8 0 0 0 0
N8 1 2
N5 N6 
2 0 
0.2165 0.913 
0.78 0.22 
N0 2
0.7696 0.2304 
N1 2
0.4632 0.5368 
N4 2
0.1849 0.8151 
N5 3
0.3069 0.2248 0.4683 
N6 2
0.6934 0.3066 
N8 2
0.556 0.444 
N9 2
0.6622 0.3378 
6 109.4886 0.0433
5 111.9392 18.4859
0 121.2086 52.2921
7 322.8604 3.1054
8 243.0887 0.9488
2 227.7614 0.3301
9 70.5731 0.0664
1 156.2384 0.3203
3 403.0993 110.5829
4 161.7753 1.3382
###===
75 0 3 0 0 0 0
N8 0 2
N5 N6 
2 1 
0.0464 0.9258 
0.0508 0.9492 
N0 2
0.7696 0.2304 
N1 2
0.4632 0.5368 
N4 2
0.1849 0.8151 
N5 3
0.3069 0.2248 0.4683 
N6 2
0.6934 0.3066 
N8 2
0.5387 0.4613 
N9 2
0.6622 0.3378 
6 109.4885 0.0433
5 110.5482 18.4859
0 121.1819 52.2921
7 322.8604 3.1054
8 244.2822 0.9488
2 227.7552 0.3301
9 70.5697 0.0664
1 155.9677 0.3203
3 407.2175 12.9522
4 163.4531 1.3382
###===
76 0 4 8.7517 0 0 0
N4 0 0
0.1724 0.24 
0.2396 0.7604 
N0 2
0.7696 0.2304 
N1 2
0.4632 0.5368 
N4 2
0.2396 0.7604 
N5 3
0.3069 0.2248 0.4683 
N6 2
0.6934 0.3066 
N8 2
0.5387 0.4613 
N9 2
0.6622 0.3378 
6 102.1946 0.0433
5 109.8069 18.4859
0 121.4309 52.2921
7 322.8604 3.1054
8 244.1874 0.9488
2 228.545 0.3301
9 70.6444 0.0664
1 158.4366 0.3203
3 407.2175 12.9522
4 173.5424 0.068
###===
77 0 6 0 0 0 0
N0 0 1
N1 
1 
0.6274 0.6277 
0.6275 0.3725 
N0 2
0.7696 0.2304 
N1 2
0.4632 0.5368 
N4 2
0.2396 0.7604 
N5 3
0.3069 0.2248 0.4683 
N6 2
0.6934 0.3066 
N8 2
0.5387 0.4613 
N9 2
0.6622 0.3378 
6 102.1946 0.0287
5 109.8069 18.4859
0 121.4245 52.2921
7 322.8675 3.1054
8 244.1874 0.9488
2 228.5453 0.3301
9 70.6444 0.0664
1 158.4352 0.3203
3 407.2175 12.9522
4 173.5403 0.068
###===
78 0 9 0 0 0 0
N6 1 1
N8 
1 
0.3393 0.3398 
0.6607 0.3393 
N0 2
0.7696 0.2304 
N1 2
0.4632 0.5368 
N4 2
0.2396 0.7604 
N5 3
0.3069 0.2248 0.4683 
N6 2
0.6935 0.3065 
N8 2
0.5387 0.4613 
N9 2
0.6622 0.3378 
6 102.1946 0.0287
5 109.8154 18.4859
0 121.4245 52.2921
7 322.8675 3.1054
8 244.1764 0.9488
2 228.5537 0.3301
9 70.6445 0.0156
1 158.4351 0.3203
3 407.2162 12.9522
4 173.5403 0.068
###===
79 0 1 65.321 0 0 0
N6 1 2
N5 N8 
0 1 
0.0229 0.7025 
0.9737 0.0263 
N0 2
0.7696 0.2304 
N1 2
0.4632 0.5368 
N4 2
0.2396 0.7604 
N5 3
0.3069 0.2248 0.4683 
N6 2
0.7039 0.2961 
N8 2
0.5387 0.4613 
N9 2
0.6622 0.3378 
6 102.1946 0.0287
5 111.0794 18.4859
0 121.4245 52.2921
7 322.8675 3.1054
8 244.1764 0.9488
2 231.1568 0.3301
9 70.6455 0.0156
1 224.42 19.7865
3 407.2163 12.9522
4 173.5404 0.068
###===
80 0 2 0 0 0 0
N6 0 1
N5 
2 
0.365 0.8452 
0.8428 0.1572 
N0 2
0.7696 0.2304 
N1 2
0.4632 0.5368 
N4 2
0.2396 0.7604 
N5 3
0.3069 0.2248 0.4683 
N6 2
0.7697 0.2303 
N8 2
0.5867 0.4133 
N9 2
0.6622 0.3378 
6 102.1946 0.0287
5 116.6933 18.4859
0 121.4946 52.2921
7 322.8675 3.1054
8 248.2731 0.9488
2 234.7812 0.3301
9 70.6585 0.0156
1 224.3677 19.7865
3 399.0604 12.9522
4 177.1246 0.068
###===
81 0 9 0 0 0 1
N1 0 1
N0 
1 
0.0904 0.287 
0.0914 0.9086 
N0 2
0.7696 0.2304 
N1 2
0.4538 0.5462 
N4 2
0.2396 0.7604 
N5 3
0.3069 0.2248 0.4683 
N6 2
0.7697 0.2303 
N8 2
0.5867 0.4133 
N9 2
0.6622 0.3378 
6 102.1948 0.0287
5 116.6816 18.4859
0 120.5312 52.2921
7 327.5241 3.1054
8 248.273 0.9488
2 234.8656 0.3301
9 70.676 0.0156
1 223.6079 19.7865
3 399.9528 12.9522
4 176.0316 0.068
81
6 102.1948 0.0287
5 116.6816 18.4859
0 120.5312 52.2921
7 327.5241 3.1054
8 248.273 0.9489
2 234.8656 0.3301
9 70.4087 0.0156
1 223.6079 19.7865
3 399.9528 12.9522
4 176.0316 0.068
N0 2
0.7696 0.2304 
N1 2
0.4538 0.5462 
N4 2
0.2396 0.7604 
N5 3
0.3069 0.2248 0.4683 
N6 2
0.7697 0.2303 
N8 2
0.5867 0.4133 
N9 2
0.6622 0.3378 
###===
82 0 7 0 0 0 0
N4 0 0
0.2345 0.2558 
0.2346 0.7654 
N0 2
0.7696 0.2304 
N1 2
0.4538 0.5462 
N4 2
0.2346 0.7654 
N5 3
0.3069 0.2248 0.4683 
N6 2
0.7697 0.2303 
N8 2
0.5867 0.4133 
N9 2
0.6622 0.3378 
6 102.8615 0.0287
5 116.7494 18.4859
0 120.5085 52.2921
7 327.534 0.0629
8 248.2817 0.9489
2 234.7934 0.3301
9 70.4018 0.0156
1 223.3822 19.7865
3 399.9528 12.9522
4 175.7945 0.068
###===
83 0 0 0 0 0 0
N9 0 0
0.4609 0.7649 
0.4624 0.5376 
N0 2
0.7696 0.2304 
N1 2
0.4538 0.5462 
N4 2
0.2346 0.7654 
N5 3
0.3069 0.2248 0.4683 
N6 2
0.7697 0.2303 
N8 2
0.5867 0.4133 
N9 2
0.4624 0.5376 
6 103.3083 0.0287
5 116.7494 18.4859
0 132.5891 0.4796
7 327.8601 0.0629
8 217.3596 0.9489
2 234.7934 0.3301
9 101.6863 0.0156
1 223.3822 19.7865
3 419.7216 12.9522
4 175.7945 0.068
###===
84 0 5 0 0 0 0
N4 0 0
0.2064 0.387 
0.3861 0.6139 
N0 2
0.7696 0.2304 
N1 2
0.4538 0.5462 
N4 2
0.3861 0.6139 
N5 3
0.3069 0.2248 0.4683 
N6 2
0.7697 0.2303 
N8 2
0.5867 0.4133 
N9 2
0.4624 0.5376 
6 83.1064 0.0287
5 122.913 0.2179
0 133.2787 0.4796
7 327.2559 0.0629
8 217.0971 0.9489
2 236.9808 0.3301
9 101.8932 0.0156
1 230.2202 19.7865
3 419.7216 12.9522
4 182.9772 0.068
###===
85 0 3 0 0 0 0
N4 0 0
0.3529 0.4388 
0.3534 0.6466 
N0 2
0.7696 0.2304 
N1 2
0.4538 0.5462 
N4 2
0.3534 0.6466 
N5 3
0.3069 0.2248 0.4683 
N6 2
0.7697 0.2303 
N8 2
0.5867 0.4133 
N9 2
0.4624 0.5376 
6 87.4668 0.0287
5 119.9652 0.2179
0 133.1298 0.4796
7 327.3863 0.0629
8 217.1537 0.9489
2 236.5086 0.3301
9 101.8486 0.0156
1 228.7443 19.7865
3 420.0508 0.1849
4 181.4269 0.068
###===
86 0 9 0 0 0 0
N9 1 0
0.1816 0.5376 
0.8166 0.1834 
N0 2
0.7696 0.2304 
N1 2
0.4538 0.5462 
N4 2
0.3534 0.6466 
N5 3
0.3069 0.2248 0.4683 
N6 2
0.7697 0.2303 
N8 2
0.5867 0.4133 
N9 2
0.8166 0.1834 
6 86.6748 0.0287
5 119.9652 0.2179
0 91.0335 0.4796
7 326.8083 0.0629
8 271.9715 0.9489
2 236.5086 0.3301
9 84.9341 1.4406
1 228.7443 19.7865
3 385.0051 0.1849
4 181.4269 0.068
###===
87 0 1 0 0 0 0
N4 1 0
0.5637 0.7747 
0.2264 0.7736 
N0 2
0.7696 0.2304 
N1 2
0.4538 0.5462 
N4 2
0.2264 0.7736 
N5 3
0.3069 0.2248 0.4683 
N6 2
0.7697 0.2303 
N8 2
0.5867 0.4133 
N9 2
0.8166 0.1834 
6 103.6097 0.0287
5 108.5168 0.2179
0 90.4555 0.4796
7 327.3148 0.0629
8 272.1916 0.9489
2 234.675 0.3301
9 84.7607 1.4406
1 228.4817 0.6788
3 387.5774 0.1849
4 175.4058 0.068
###===
88 0 1 0 0 0 0
N4 1 0
0.5637 0.7747 
0.2264 0.7736 
N0 2
0.7696 0.2304 
N1 2
0.4538 0.5462 
N4 2
0.2264 0.7736 
N5 3
0.3069 0.2248 0.4683 
N6 2
0.7697 0.2303 
N8 2
0.5867 0.4133 
N9 2
0.8166 0.1834 
6 103.6097 0.0287
5 108.5168 0.2179
0 90.4555 0.4796
7 327.3148 0.0629
8 272.1916 0.9489
2 234.675 0.3301
9 84.7607 1.4406
1 228.4817 0.6788
3 387.5774 0.1849
4 175.4058 0.068
###===
89 0 5 0 0 0 0
N8 1 2
N5 N6 
0 0 
0.3711 0.9215 
0.6262 0.3738 
N0 2
0.7696 0.2304 
N1 2
0.4538 0.5462 
N4 2
0.2264 0.7736 
N5 3
0.3069 0.2248 0.4683 
N6 2
0.7697 0.2303 
N8 2
0.7136 0.2864 
N9 2
0.8166 0.1834 
6 103.6097 0.0287
5 127.168 0.2179
0 90.4555 0.4796
7 327.3148 0.0629
8 287.2677 0.9489
2 234.4711 0.3301
9 84.6227 1.4406
1 215.1983 0.6788
3 357.7007 0.1849
4 175.4058 0.068
###===
90 0 7 0 0 0 0
N9 1 0
0.1813 0.1838 
0.8187 0.1813 
N0 2
0.7696 0.2304 
N1 2
0.4538 0.5462 
N4 2
0.2264 0.7736 
N5 3
0.3069 0.2248 0.4683 
N6 2
0.7697 0.2303 
N8 2
0.7136 0.2864 
N9 2
0.8187 0.1813 
6 103.605 0.0287
5 127.168 0.2179
0 90.2059 0.4796
7 327.3134 0.0334
8 287.5927 0.9489
2 234.4711 0.3301
9 84.792 1.4406
1 215.1983 0.6788
3 357.4929 0.1849
4 175.4058 0.068
###===
91 0 4 0 0 0 0
N5 2 2
N6 N8 
1 0 
0.0255 0.5021 
0.1454 0.3549 0.4997 
N0 2
0.7696 0.2304 
N1 2
0.4538 0.5462 
N4 2
0.2264 0.7736 
N5 3
0.2867 0.1755 0.5378 
N6 2
0.7697 0.2303 
N8 2
0.7136 0.2864 
N9 2
0.8187 0.1813 
6 103.605 0.0287
5 127.168 0.2179
0 90.2953 0.4796
7 327.3134 0.0334
8 287.5927 0.9489
2 229.9679 0.3301
9 84.7791 1.4406
1 209.2111 0.6788
3 344.1377 0.1849
4 193.0684 0.6745
###===
92 0 5 18.2545 0 0 0
N8 1 1
N5 
1 
0.134 0.5724 
0.4298 0.5702 
N0 2
0.7696 0.2304 
N1 2
0.4538 0.5462 
N4 2
0.2264 0.7736 
N5 3
0.2867 0.1755 0.5378 
N6 2
0.7743 0.2257 
N8 2
0.6402 0.3598 
N9 2
0.8187 0.1813 
6 103.605 0.0287
5 157.5408 0.7509
0 90.2882 0.4796
7 327.3134 0.0334
8 278.889 0.9489
2 229.9474 0.3301
9 84.7662 1.4406
1 197.3306 0.6788
3 344.1377 0.1849
4 195.5364 0.6745
###===
93 0 8 0 0 0 0
N1 0 1
N0 
0 
0.5586 0.5652 
0.5651 0.4349 
N0 2
0.7696 0.2304 
N1 2
0.4559 0.5441 
N4 2
0.2264 0.7736 
N5 3
0.2867 0.1755 0.5378 
N6 2
0.7743 0.2257 
N8 2
0.6402 0.3598 
N9 2
0.8187 0.1813 
6 103.605 0.0287
5 157.5381 0.7509
0 89.8787 0.4796
7 327.3134 0.0334
8 278.8908 0.0252
2 230.4181 0.3301
9 84.7053 1.4406
1 197.3307 0.6788
3 344.2177 0.1849
4 195.5364 0.6745
###===
94 0 7 0 0 0 0
N5 2 2
N6 N8 
0 0 
0.5927 0.5929 
0.3129 0.0944 0.5927 
N0 2
0.7696 0.2304 
N1 2
0.4559 0.5441 
N4 2
0.2264 0.7736 
N5 3
0.2868 0.1755 0.5377 
N6 2
0.7743 0.2257 
N8 2
0.6402 0.3598 
N9 2
0.8187 0.1813 
6 103.605 0.0287
5 157.5507 0.7509
0 89.8786 0.4796
7 327.3134 0.0108
8 278.8813 0.0252
2 230.4254 0.3301
9 84.7053 1.4406
1 197.3249 0.6788
3 344.2129 0.1849
4 195.5333 0.6745
###===
95 0 9 37.8226 0 0 0
N4 1 0
0.5893 0.8292 
0.4095 0.5905 
N0 2
0.7696 0.2304 
N1 2
0.4559 0.5441 
N4 2
0.4095 0.5905 
N5 3
0.2868 0.1755 0.5377 
N6 2
0.7743 0.2257 
N8 2
0.6402 0.3598 
N9 2
0.8187 0.1813 
6 79.1895 0.0287
5 174.0563 0.7509
0 90.712 0.4796
7 326.5832 0.0108
8 278.5639 0.0252
2 233.069 0.3301
9 134.7809 0.2982
1 189.0892 0.6788
3 340.5044 0.1849
4 204.2141 0.6745
###===
96 0 6 0 0 0 0
N5 2 1
N8 
0 
0.595 0.5952 
0.287 0.1178 0.5952 
N0 2
0.7696 0.2304 
N1 2
0.4559 0.5441 
N4 2
0.4095 0.5905 
N5 3
0.2867 0.1755 0.5378 
N6 2
0.7743 0.2257 
N8 2
0.6402 0.3598 
N9 2
0.8187 0.1813 
6 79.1895 -0.0078
5 174.046 0.7509
0 90.7121 0.4796
7 326.5832 0.0108
8 278.5692 0.0252
2 233.0632 0.3301
9 134.7809 0.2982
1 189.0933 0.6788
3 340.5077 0.1849
4 204.218 0.6745
###===
97 0 2 0 0 0 0
N8 0 0
0.6388 0.645 
0.6418 0.3582 
N0 2
0.7696 0.2304 
N1 2
0.4559 0.5441 
N4 2
0.4095 0.5905 
N5 3
0.2868 0.1752 0.538 
N6 2
0.7744 0.2256 
N8 2
0.6418 0.3582 
N9 2
0.8187 0.1813 
6 79.1895 -0.0078
5 174.0736 0.7509
0 90.7135 0.4796
7 326.5832 0.0108
8 278.8437 0.0252
2 233.0786 0.68
9 134.7807 0.2982
1 189.1217 0.6788
3 340.2462 0.1849
4 204.3134 0.6745
###===
98 0 8 0 0 0 0
N4 0 0
0.4094 0.4167 
0.4166 0.5834 
N0 2
0.7696 0.2304 
N1 2
0.4559 0.5441 
N4 2
0.4166 0.5834 
N5 3
0.2868 0.1752 0.538 
N6 2
0.7744 0.2256 
N8 2
0.6418 0.3582 
N9 2
0.8187 0.1813 
6 78.2427 -0.0078
5 174.7136 0.7509
0 90.7458 0.4796
7 326.5549 0.0108
8 278.8464 0.0134
2 233.1811 0.68
9 135.674 0.2982
1 188.8023 0.6788
3 340.1024 0.1849
4 204.65 0.6745
###===
99 0 2 0 0 0 0
N0 0 1
N1 
0 
0.2077 0.954 
0.9503 0.0497 
N0 2
0.768 0.232 
N1 2
0.4559 0.5441 
N4 2
0.4166 0.5834 
N5 3
0.2868 0.1752 0.538 
N6 2
0.7744 0.2256 
N8 2
0.6418 0.3582 
N9 2
0.8187 0.1813 
6 78.2427 -0.0078
5 174.7176 0.7509
0 90.9089 0.4796
7 326.0971 0.0108
8 278.8453 0.0134
2 232.8397 0.9297
9 135.7617 0.2982
1 188.8653 0.6788
3 339.8915 0.1849
4 204.7396 0.6745
###===
100 0 3 0 0 0 0
N9 1 0
0.0912 0.1823 
0.9083 0.0917 
N0 2
0.768 0.232 
N1 2
0.4559 0.5441 
N4 2
0.4166 0.5834 
N5 3
0.2868 0.1752 0.538 
N6 2
0.7744 0.2256 
N8 2
0.6418 0.3582 
N9 2
0.9083 0.0917 
6 78.0424 -0.0078
5 174.7176 0.7509
0 80.2601 0.4796
7 326.133 0.0108
8 292.7122 0.0134
2 232.8397 0.9297
9 142.9856 0.2982
1 188.8653 0.6788
3 335.618 0.7896
4 204.7396 0.6745
###===
101 0 7 0 0 0 0
N4 0 0
0.4166 0.4325 
0.4325 0.5675 
N0 2
0.768 0.232 
N1 2
0.4559 0.5441 
N4 2
0.4325 0.5675 
N5 3
0.2868 0.1752 0.538 
N6 2
0.7744 0.2256 
N8 2
0.6418 0.3582 
N9 2
0.9083 0.0917 
6 75.9222 -0.0078
5 176.1509 0.7509
0 80.3324 0.4796
7 326.1443 0.0124
8 292.7518 0.0134
2 233.0692 0.9297
9 144.9863 0.2982
1 188.1502 0.6788
3 335.296 0.7896
4 205.4934 0.6745
###===
102 0 4 0 0 0 0
N6 1 1
N5 
0 
0.095 0.5378 
0.4644 0.5356 
N0 2
0.768 0.232 
N1 2
0.4559 0.5441 
N4 2
0.4325 0.5675 
N5 3
0.2868 0.1752 0.538 
N6 2
0.6482 0.3518 
N8 2
0.661 0.339 
N9 2
0.9083 0.0917 
6 75.9215 -0.0078
5 160.2974 0.7509
0 80.3324 0.4796
7 326.1405 0.0124
8 295.0381 0.0134
2 201.4766 0.9297
9 144.9627 0.2982
1 208.5728 0.6788
3 330.7652 0.7896
4 221.4213 0.6745
###===
103 0 7 0 0 0 0
N5 2 1
N8 
0 
0.5778 0.5779 
0.3077 0.1144 0.5779 
N0 2
0.768 0.232 
N1 2
0.4559 0.5441 
N4 2
0.4325 0.5675 
N5 3
0.2867 0.1752 0.538 
N6 2
0.6482 0.3518 
N8 2
0.661 0.339 
N9 2
0.9083 0.0917 
6 75.9215 -0.0078
5 160.2927 0.7509
0 80.3325 0.4796
7 326.1405 0.0121
8 295.0403 0.0134
2 201.4764 0.9297
9 144.9627 0.2982
1 208.5721 0.6788
3 330.7684 0.7896
4 221.4206 0.6745
###===
104 0 2 69.2637 0 0 0
N9 1 0
0.0564 0.4416 
0.5981 0.4019 
N0 2
0.768 0.232 
N1 2
0.4559 0.5441 
N4 2
0.4325 0.5675 
N5 3
0.2867 0.1752 0.538 
N6 2
0.6482 0.3518 
N8 2
0.661 0.339 
N9 2
0.5981 0.4019 
6 76.6151 -0.0078
5 160.2927 0.7509
0 117.1994 0.4796
7 326.0165 0.0121
8 247.0323 0.0134
2 320.3665 9.9152
9 119.9532 0.2982
1 208.5721 0.6788
3 326.3081 0.7896
4 221.4207 0.6745
###===
105 0 5 6.0744 0 0 0
N1 0 1
N0 
0 
0.5381 0.588 
0.5384 0.4616 
N0 2
0.768 0.232 
N1 2
0.4361 0.5639 
N4 2
0.4325 0.5675 
N5 3
0.2867 0.1752 0.538 
N6 2
0.6482 0.3518 
N8 2
0.661 0.339 
N9 2
0.5981 0.4019 
6 76.6148 -0.0078
5 166.5415 0.0739
0 120.973 0.4796
7 326.0165 0.0121
8 246.9998 0.0134
2 316.0395 9.9152
9 120.5144 0.2982
1 208.5717 0.6788
3 325.5706 0.7896
4 221.4207 0.6745
###===
106 0 5 83.0504 0 0 0
N4 1 0
0.319 0.8699 
0.1329 0.8671 
N0 2
0.768 0.232 
N1 2
0.4361 0.5639 
N4 2
0.1329 0.8671 
N5 3
0.2867 0.1752 0.538 
N6 2
0.6482 0.3518 
N8 2
0.661 0.339 
N9 2
0.5981 0.4019 
6 116.5651 -0.0078
5 252.9899 3.0336
0 119.6093 0.4796
7 324.398 0.0121
8 246.2533 0.0134
2 311.7138 9.9152
9 82.8158 0.2982
1 222.0475 0.6788
3 331.6387 0.7896
4 207.2166 0.6745
###===
107 0 2 52.8075 0 0 0
N5 2 1
N8 
0 
0.3684 0.7267 
0.2005 0.0746 0.7249 
N0 2
0.768 0.232 
N1 2
0.4361 0.5639 
N4 2
0.1329 0.8671 
N5 3
0.2159 0.1489 0.6352 
N6 2
0.6805 0.3195 
N8 2
0.661 0.339 
N9 2
0.5981 0.4019 
6 116.5682 -0.0078
5 249.1871 3.0336
0 119.7298 0.4796
7 324.3963 0.0121
8 261.6925 0.0134
2 368.7039 0.9304
9 82.8184 0.2982
1 216.3797 0.6788
3 332.6573 0.7896
4 215.7278 0.6745
###===
108 0 1 0 0 0 0
N8 0 2
N5 N6 
2 1 
0.1862 0.8434 
0.1895 0.8105 
N0 2
0.768 0.232 
N1 2
0.4361 0.5639 
N4 2
0.1329 0.8671 
N5 3
0.2159 0.1489 0.6352 
N6 2
0.6805 0.3195 
N8 2
0.5995 0.4005 
N9 2
0.5981 0.4019 
6 116.5675 -0.0078
5 244.2506 3.0336
0 119.635 0.4796
7 324.396 0.0121
8 265.9284 0.0134
2 366.6109 0.9304
9 82.8024 0.2982
1 222.5309 0.6788
3 354.4726 0.7896
4 195.2832 0.6745
###===
109 0 4 48.4575 0 0 0
N5 2 1
N8 
0 
0.1638 0.7842 
0.6071 0.2259 0.167 
N0 2
0.768 0.232 
N1 2
0.4361 0.5639 
N4 2
0.1329 0.8671 
N5 3
0.4473 0.2351 0.3177 
N6 2
0.5373 0.4627 
N8 2
0.5995 0.4005 
N9 2
0.5981 0.4019 
6 116.5573 -0.0078
5 256.6512 3.0336
0 119.2434 0.4796
7 324.4022 0.0121
8 208.0432 0.0134
2 332.9646 0.9304
9 82.7939 0.2982
1 245.3437 0.6788
3 344.4217 0.7896
4 278.2261 2.7487
###===
110 0 0 0 0 0 0
N1 0 1
N0 
0 
0.5357 0.8774 
0.5374 0.4626 
N0 2
0.768 0.232 
N1 2
0.4354 0.5646 
N4 2
0.1329 0.8671 
N5 3
0.4473 0.2351 0.3177 
N6 2
0.5373 0.4627 
N8 2
0.5995 0.4005 
N9 2
0.5981 0.4019 
6 116.5573 -0.0078
5 256.6638 3.0336
0 119.3899 0.4483
7 324.4023 0.0121
8 208.0419 0.0134
2 332.7968 0.9304
9 82.8157 0.2982
1 245.3437 0.6788
3 344.3931 0.7896
4 278.2262 2.7487
###===
111 0 0 9.7244 0 0 0
N1 1 1
N0 
1 
0.8407 0.9552 
0.1587 0.8413 
N0 2
0.768 0.232 
N1 2
0.4495 0.5505 
N4 2
0.1329 0.8671 
N5 3
0.4473 0.2351 0.3177 
N6 2
0.5373 0.4627 
N8 2
0.5995 0.4005 
N9 2
0.5981 0.4019 
6 116.557 -0.0078
5 256.6812 3.0336
0 131.1695 0.0988
7 317.4009 0.0121
8 208.0419 0.0134
2 332.8193 0.9304
9 83.1912 0.2982
1 246.4859 0.6788
3 343.0513 0.7896
4 279.8694 2.7487
###===
112 0 7 0 0 0 0
N8 0 2
N5 N6 
1 1 
0.6225 0.6229 
0.6229 0.3771 
N0 2
0.768 0.232 
N1 2
0.4495 0.5505 
N4 2
0.1329 0.8671 
N5 3
0.4473 0.2351 0.3177 
N6 2
0.5373 0.4627 
N8 2
0.5995 0.4005 
N9 2
0.5981 0.4019 
6 116.557 -0.0078
5 256.68 3.0336
0 131.1695 0.0988
7 317.4009 0.0039
8 208.0427 0.0134
2 332.819 0.9304
9 83.1913 0.2982
1 246.487 0.6788
3 343.0513 0.7896
4 279.8698 2.7487
###===
113 0 9 0 0 0 0
N5 2 2
N6 N8 
0 0 
0.2796 0.2825 
0.4517 0.2658 0.2825 
N0 2
0.768 0.232 
N1 2
0.4495 0.5505 
N4 2
0.1329 0.8671 
N5 3
0.447 0.2348 0.3182 
N6 2
0.5373 0.4627 
N8 2
0.5995 0.4005 
N9 2
0.5981 0.4019 
6 116.557 -0.0078
5 256.6269 3.0336
0 131.1702 0.0988
7 317.4009 0.0039
8 208.1528 0.0134
2 332.8336 0.9304
9 83.1917 -0.011
1 246.508 0.6788
3 343.0674 0.7896
4 279.7411 2.7487
###===
114 0 7 0 0 0 0
N8 0 2
N5 N6 
0 1 
0.8639 0.864 
0.8639 0.1361 
N0 2
0.768 0.232 
N1 2
0.4495 0.5505 
N4 2
0.1329 0.8671 
N5 3
0.447 0.2348 0.3182 
N6 2
0.5373 0.4627 
N8 2
0.5995 0.4005 
N9 2
0.5981 0.4019 
6 116.557 -0.0078
5 256.6252 3.0336
0 131.1702 0.0988
7 317.4009 -0.0019
8 208.1503 0.0134
2 332.8348 0.9304
9 83.1917 -0.011
1 246.5014 0.6788
3 343.0722 0.7896
4 279.7401 2.7487
###===
115 0 1 95.2927 0 0 0
N9 0 0
0.3075 0.7934 
0.7909 0.2091 
N0 2
0.768 0.232 
N1 2
0.4495 0.5505 
N4 2
0.1329 0.8671 
N5 3
0.447 0.2348 0.3182 
N6 2
0.5373 0.4627 
N8 2
0.5995 0.4005 
N9 2
0.7909 0.2091 
6 116.1259 -0.0078
5 256.6252 3.0336
0 108.2561 0.0988
7 317.478 -0.0019
8 237.989 0.0134
2 280.1112 0.9304
9 98.7359 -0.011
1 353.9652 1.7071
3 345.8445 0.7896
4 279.7401 2.7487
###===
116 0 9 0 0 0 0
N1 0 1
N0 
0 
0.5374 0.6198 
0.6194 0.3806 
N0 2
0.768 0.232 
N1 2
0.5125 0.4875 
N4 2
0.1329 0.8671 
N5 3
0.447 0.2348 0.3182 
N6 2
0.5373 0.4627 
N8 2
0.5995 0.4005 
N9 2
0.7909 0.2091 
6 116.1268 -0.0078
5 255.5981 3.0336
0 96.2235 0.0988
7 317.4781 -0.0019
8 238.0922 0.0134
2 293.8667 0.9304
9 98.4701 0.1661
1 353.9664 1.7071
3 348.1892 0.7896
4 279.7401 2.7487
###===
117 0 9 0 0 1 0
N1 0 1
N0 
1 
0.1085 0.3086 
0.1095 0.8905 
N0 2
0.768 0.232 
N1 2
0.5011 0.4989 
N4 2
0.1329 0.8671 
N5 3
0.447 0.2348 0.3182 
N6 2
0.5373 0.4627 
N8 2
0.5995 0.4005 
N9 2
0.7909 0.2091 
6 116.1271 -0.0078
5 255.5839 3.0336
0 94.141 0.0988
7 323.1213 -0.0019
8 238.0921 0.0134
2 293.8485 0.9304
9 98.5013 0.1661
1 353.0457 1.7071
3 349.2707 0.7896
4 278.4155 2.7487
N1
1
N0 2
0.5858 0.4142 
N4 2
0.1329 0.8671 
N5 3
0.447 0.2348 0.3182 
N6 2
0.5373 0.4627 
N8 2
0.5995 0.4005 
N9 2
0.7909 0.2091 
6 116.1279 -0.0078
5 261.7993 11.0417
0 143.7638 0.0988
7 373.5565 286.3528
8 237.4809 0.0134
2 191.4919 0.9304
9 96.3545 0.1661
1 343.481 1.7071
3 333.9669 95.5266
4 264.5397 2.7487
###===
118 0 9 69.3562 0 0 0
N5 0 2
N6 N8 
1 0 
0.4897 0.8749 
0.873 0.11 0.017 
N0 2
0.5858 0.4142 
N4 2
0.1329 0.8671 
N5 3
0.4675 0.217 0.3154 
N6 2
0.5373 0.4627 
N8 2
0.5995 0.4005 
N9 2
0.7909 0.2091 
6 116.1266 -0.0078
5 263.5432 11.0417
0 143.7603 0.0988
7 373.5548 286.3528
8 237.481 0.0134
2 189.5416 0.9304
9 166.4886 1.8562
1 346.116 1.7071
3 331.8687 95.5266
4 269.4444 2.7487
###===
119 0 6 0 0 0 0
N4 0 0
0.1329 0.6559 
0.1355 0.8645 
N0 2
0.5858 0.4142 
N4 2
0.1355 0.8645 
N5 3
0.4675 0.217 0.3154 
N6 2
0.5373 0.4627 
N8 2
0.5995 0.4005 
N9 2
0.7909 0.2091 
6 115.7841 2.7874
5 263.176 11.0417
0 143.7721 0.0988
7 373.5688 286.3528
8 237.4874 0.0134
2 189.5791 0.9304
9 166.8157 1.8562
1 345.9991 1.7071
3 331.816 95.5266
4 269.5677 2.7487
###===
120 0 8 0 0 0 0
N8 0 1
N5 
2 
0.1362 0.317 
0.3161 0.6839 
N0 2
0.5858 0.4142 
N4 2
0.1355 0.8645 
N5 3
0.4675 0.217 0.3154 
N6 2
0.5383 0.4617 
N8 2
0.6013 0.3987 
N9 2
0.7909 0.2091 
6 115.7841 2.7874
5 263.2336 11.0417
0 143.7748 0.0988
7 373.5688 286.3528
8 237.8383 0.0134
2 189.7592 0.9304
9 166.8119 1.8562
1 345.8877 1.7071
3 331.4977 95.5266
4 269.3332 2.7487
###===
121 0 6 0 0 0 0
N6 0 1
N5 
1 
0.7172 0.7366 
0.7365 0.2635 
N0 2
0.5858 0.4142 
N4 2
0.1355 0.8645 
N5 3
0.4675 0.217 0.3154 
N6 2
0.5394 0.4606 
N8 2
0.6014 0.3986 
N9 2
0.7909 0.2091 
6 115.7862 0.0422
5 263.2835 11.0417
0 143.7746 0.0988
7 373.5688 286.3528
8 237.8444 0.0134
2 189.7561 0.9304
9 166.8498 1.8562
1 345.8868 1.7071
3 331.4977 95.5266
4 269.395 2.7487
###===
122 0 4 0 0 0 0
N8 0 2
N5 N6 
0 0 
0.1944 0.8227 
0.1976 0.8024 
N0 2
0.5858 0.4142 
N4 2
0.1355 0.8645 
N5 3
0.4675 0.217 0.3154 
N6 2
0.5394 0.4606 
N8 2
0.4914 0.5086 
N9 2
0.7909 0.2091 
6 115.7903 0.0422
5 230.4595 11.0417
0 143.7746 0.0988
7 373.566 286.3528
8 224.7764 0.0134
2 196.62 0.9304
9 167.0055 1.8562
1 357.4009 1.7071
3 357.3949 95.5266
4 272.7058 2.3377
###===
123 0 6 0 0 0 0
N0 1 0
0.4139 0.4143 
0.5858 0.4142 
N0 2
0.5858 0.4142 
N4 2
0.1355 0.8645 
N5 3
0.4675 0.217 0.3154 
N6 2
0.5394 0.4606 
N8 2
0.4914 0.5086 
N9 2
0.7909 0.2091 
6 115.7903 0.0302
5 230.4591 11.0417
0 143.7648 0.0988
7 373.5761 286.3528
8 224.7765 0.0134
2 196.6205 0.9304
9 167.0073 1.8562
1 357.3989 1.7071
3 357.395 95.5266
4 272.7029 2.3377
###===
124 0 0 0 0 0 0
N5 2 2
N6 N8 
1 1 
0.6766 0.6783 
0.1756 0.1464 0.678 
N0 2
0.5858 0.4142 
N4 2
0.1355 0.8645 
N5 3
0.4674 0.217 0.3156 
N6 2
0.5394 0.4606 
N8 2
0.4914 0.5086 
N9 2
0.7909 0.2091 
6 115.7904 0.0302
5 230.4489 11.0417
0 143.7648 0.0963
7 373.5761 286.3528
8 224.8001 0.0134
2 196.6155 0.9304
9 167.0072 1.8562
1 357.4264 1.7071
3 357.4032 95.5266
4 272.6846 2.3377
###===
125 0 8 0 0 0 0
N6 1 2
N5 N8 
1 0 
0.1084 0.6697 
0.3331 0.6669 
N0 2
0.5858 0.4142 
N4 2
0.1355 0.8645 
N5 3
0.4674 0.217 0.3156 
N6 2
0.4901 0.5099 
N8 2
0.4914 0.5086 
N9 2
0.7909 0.2091 
6 115.6036 0.0302
5 230.4489 11.0417
0 143.7648 0.0963
7 373.578 286.3528
8 231.4144 0.0134
2 196.6156 0.9304
9 163.7037 1.8562
1 358.1966 1.7071
3 357.4032 95.5266
4 267.9417 2.3377
###===
126 0 0 0 0 0 0
N4 0 0
0.1312 0.1361 
0.1315 0.8685 
N0 2
0.5858 0.4142 
N4 2
0.1315 0.8685 
N5 3
0.4674 0.217 0.3156 
N6 2
0.4901 0.5099 
N8 2
0.4914 0.5086 
N9 2
0.7909 0.2091 
6 116.1241 0.0302
5 231.0139 11.0417
0 143.7565 0.325
7 373.5564 286.3528
8 231.4045 0.0134
2 196.5578 0.9304
9 163.2004 1.8562
1 358.3765 1.7071
3 357.4843 95.5266
4 267.7521 2.3377
###===
127 0 8 0 0 0 0
N6 0 2
N5 N8 
2 0 
0.105 0.9799 
0.1094 0.8906 
N0 2
0.5858 0.4142 
N4 2
0.1315 0.8685 
N5 3
0.4674 0.217 0.3156 
N6 2
0.406 0.594 
N8 2
0.4914 0.5086 
N9 2
0.7909 0.2091 
6 116.124 0.0302
5 231.0139 11.0417
0 143.7614 0.325
7 373.5583 286.3528
8 249.208 0.0134
2 186.585 0.9304
9 157.3786 1.8562
1 346.3251 1.7071
3 342.467 95.5266
4 290.3792 2.3377
###===
128 0 7 0 0 0 0
N6 1 1
N8 
1 
0.0518 0.9145 
0.9438 0.0562 
N0 2
0.5858 0.4142 
N4 2
0.1315 0.8685 
N5 3
0.521 0.2299 0.2491 
N6 2
0.5693 0.4307 
N8 2
0.4914 0.5086 
N9 2
0.7909 0.2091 
6 116.2277 0.0302
5 243.3918 11.0417
0 143.7616 0.325
7 394.5065 11.6351
8 228.5632 0.0134
2 213.5932 0.9304
9 157.4579 1.8562
1 339.5917 1.7071
3 338.8176 95.5266
4 289.2067 2.3377
###===
129 0 8 0 0 0 0
N6 1 2
N5 N8 
0 0 
0.3759 0.9372 
0.6213 0.3787 
N0 2
0.5858 0.4142 
N4 2
0.1315 0.8685 
N5 3
0.521 0.2299 0.2491 
N6 2
0.7004 0.2996 
N8 2
0.4914 0.5086 
N9 2
0.7909 0.2091 
6 116.2277 0.0302
5 272.1147 11.0417
0 143.7616 0.325
7 394.5147 11.6351
8 252.3965 0.0134
2 246.3999 0.9304
9 155.6818 1.8562
1 304.1329 1.7071
3 338.8175 95.5266
4 231.3513 2.3377
###===
130 0 7 0 0 0 0
N4 1 0
0.8012 0.8831 
0.1984 0.8016 
N0 2
0.5858 0.4142 
N4 2
0.1984 0.8016 
N5 3
0.521 0.2299 0.2491 
N6 2
0.7004 0.2996 
N8 2
0.4914 0.5086 
N9 2
0.7909 0.2091 
6 107.5229 0.0302
5 262.6652 11.0417
0 143.7324 0.325
7 397.3782 0.0708
8 252.5632 0.0134
2 247.3658 0.9304
9 164.0999 1.8562
1 301.1238 1.7071
3 337.4626 95.5266
4 234.5231 2.3377
###===
131 0 7 0 0 0 0
N9 1 0
0.209 0.2117 
0.791 0.209 
N0 2
0.5858 0.4142 
N4 2
0.1984 0.8016 
N5 3
0.521 0.2299 0.2491 
N6 2
0.7004 0.2996 
N8 2
0.4914 0.5086 
N9 2
0.791 0.209 
6 107.5226 0.0302
5 262.6652 11.0417
0 143.7205 0.325
7 397.3783 0.0018
8 252.5787 0.0134
2 247.3385 0.9304
9 164.1079 1.8562
1 301.1373 1.7071
3 337.464 95.5266
4 234.5231 2.3377
###===
132 0 1 0 0 0 0
N6 1 1
N8 
0 
0.538 0.679 
0.4613 0.5387 
N0 2
0.5858 0.4142 
N4 2
0.1984 0.8016 
N5 3
0.5235 0.2292 0.2473 
N6 2
0.7067 0.2933 
N8 2
0.4914 0.5086 
N9 2
0.791 0.209 
6 107.5287 0.0302
5 263.796 11.0417
0 143.7182 0.325
7 397.3784 0.0018
8 252.583 0.0134
2 248.3536 0.9304
9 164.3372 1.8562
1 300.4955 0.2008
3 337.5966 95.5266
4 232.8812 2.3377
###===
133 0 9 0 0 0 0
N6 0 2
N5 N8 
0 0 
0.3903 0.7943 
0.3923 0.6077 
N0 2
0.5858 0.4142 
N4 2
0.1984 0.8016 
N5 3
0.5235 0.2292 0.2473 
N6 2
0.64 0.36 
N8 2
0.4914 0.5086 
N9 2
0.791 0.209 
6 107.5287 0.0302
5 249.1848 11.0417
0 143.7183 0.325
7 397.3743 0.0018
8 230.6122 0.0134
2 231.6651 0.9304
9 169.9957 0.7454
1 318.038 0.2008
3 337.5967 95.5266
4 262.3121 2.3377
###===
134 0 8 0 0 0 0
N0 0 0
0.5857 0.5885 
0.5858 0.4142 
N0 2
0.5858 0.4142 
N4 2
0.1984 0.8016 
N5 3
0.5235 0.2292 0.2473 
N6 2
0.64 0.36 
N8 2
0.4914 0.5086 
N9 2
0.791 0.209 
6 107.5287 0.0302
5 249.1848 11.0417
0 143.7183 0.325
7 397.3743 0.0018
8 230.6122 0.0134
2 231.6651 0.9304
9 169.9958 0.7454
1 318.0381 0.2008
3 337.5967 95.5266
4 262.3121 2.3377
###===
135 0 0 0 0 0 0
N8 1 1
N5 
1 
0.4891 0.4928 
0.5107 0.4893 
N0 2
0.5858 0.4142 
N4 2
0.1984 0.8016 
N5 3
0.5235 0.2292 0.2473 
N6 2
0.6398 0.3602 
N8 2
0.4917 0.5083 
N9 2
0.791 0.209 
6 107.528 0.0302
5 249.094 11.0417
0 143.7184 0.0492
7 397.361 0.0018
8 230.6602 0.0134
2 231.6482 0.9304
9 169.9834 0.7454
1 318.0844 0.2008
3 337.5967 95.5266
4 262.3352 2.3377
###===
136 0 6 0 0 0 0
N6 0 1
N5 
2 
0.5599 0.5792 
0.5791 0.4209 
N0 2
0.5858 0.4142 
N4 2
0.1984 0.8016 
N5 3
0.5235 0.2292 0.2473 
N6 2
0.6419 0.3581 
N8 2
0.4902 0.5098 
N9 2
0.791 0.209 
6 107.533 0.0228
5 249.201 11.0417
0 143.7159 0.0492
7 397.5752 0.0018
8 229.6841 0.0134
2 231.838 0.9304
9 170.0967 0.7454
1 318.2946 0.2008
3 338.1196 95.5266
4 262.1024 2.3377
###===
137 0 1 0 0 0 0
N5 1 1
N6 
0 
0.1662 0.4649 
0.3809 0.4634 0.1557 
N0 2
0.5858 0.4142 
N4 2
0.1984 0.8016 
N5 3
0.4176 0.3783 0.204 
N6 2
0.6419 0.3581 
N8 2
0.4945 0.5055 
N9 2
0.791 0.209 
6 107.5963 0.0228
5 267.3507 11.0417
0 143.674 0.0492
7 397.3152 0.0018
8 218.8822 0.0134
2 213.4859 0.9304
9 172.2466 0.7454
1 324.6302 0.2008
3 331.0468 95.5266
4 267.9004 2.3377
###===
138 0 8 0 0 0 0
N5 2 1
N6 
0 
0.1555 0.1558 
0.381 0.4635 0.1555 
N0 2
0.5858 0.4142 
N4 2
0.1984 0.8016 
N5 3
0.4177 0.3784 0.2039 
N6 2
0.6419 0.3581 
N8 2
0.4946 0.5054 
N9 2
0.791 0.209 
6 107.5961 0.0228
5 267.3558 11.0417
0 143.6741 0.0492
7 397.3136 0.0018
8 218.8887 0.0022
2 213.49 0.9304
9 172.2452 0.7454
1 324.6348 0.2008
3 331.037 95.5266
4 267.9048 2.3377
###===
139 0 1 0 0 0 0
N4 0 0
0.1981 0.4139 
0.2329 0.7671 
N0 2
0.5858 0.4142 
N4 2
0.2329 0.7671 
N5 3
0.4177 0.3784 0.2039 
N6 2
0.6419 0.3581 
N8 2
0.4946 0.5054 
N9 2
0.791 0.209 
6 103.1071 0.0228
5 262.4827 11.0417
0 143.659 0.0492
7 399.946 0.0018
8 218.9747 0.0022
2 213.9881 0.9304
9 176.5863 0.7454
1 323.6013 23.3306
3 330.3382 95.5266
4 269.5404 2.3377
###===
140 0 2 0 0 0 0
N4 0 0
0.2094 0.2378 
0.2377 0.7623 
N0 2
0.5858 0.4142 
N4 2
0.2377 0.7623 
N5 3
0.4177 0.3784 0.2039 
N6 2
0.6419 0.3581 
N8 2
0.4946 0.5054 
N9 2
0.791 0.209 
6 102.4825 0.0228
5 261.8047 11.0417
0 143.6569 0.0492
7 400.3122 0.0018
8 218.9867 0.0022
2 214.0667 0.0248
9 177.1903 0.7454
1 323.527 23.3306
3 330.241 95.5266
4 269.768 2.3377
###===
141 0 2 0 0 0 0
N0 1 0
0.3898 0.4143 
0.61 0.39 
N0 2
0.61 0.39 
N4 2
0.2377 0.7623 
N5 3
0.4177 0.3784 0.2039 
N6 2
0.6419 0.3581 
N8 2
0.4946 0.5054 
N9 2
0.791 0.209 
6 102.4809 0.0228
5 262.0056 11.0417
0 148.5247 0.0492
7 395.2793 0.0018
8 218.9643 0.0022
2 214.0309 0.0555
9 176.3107 0.7454
1 324.5245 23.3306
3 330.241 95.5266
4 271.2201 2.3377
###===
142 0 3 0 0 0 0
N6 1 2
N5 N8 
1 1 
0.002 0.8978 
0.6809 0.3191 
N0 2
0.61 0.39 
N4 2
0.2377 0.7623 
N5 3
0.4177 0.3784 0.2039 
N6 2
0.5756 0.4244 
N8 2
0.4946 0.5054 
N9 2
0.791 0.209 
6 102.2297 0.0228
5 253.9527 11.0417
0 148.5371 0.0492
7 373.0947 0.0018
8 218.9623 0.0022
2 214.031 0.0555
9 176.3043 0.7454
1 317.8713 23.3306
3 351.0401 95.5266
4 271.2202 2.3377
###===
143 0 1 0 0 0 0
N0 1 0
0.3318 0.6101 
0.3913 0.6087 
N0 2
0.3913 0.6087 
N4 2
0.2377 0.7623 
N5 3
0.4177 0.3784 0.2039 
N6 2
0.5756 0.4244 
N8 2
0.4946 0.5054 
N9 2
0.791 0.209 
6 102.2446 0.0228
5 252.1368 11.0417
0 104.5457 0.0492
7 418.5783 0.0018
8 219.1643 0.0022
2 212.7605 0.0555
9 184.2537 0.7454
1 322.8862 0.4988
3 351.0401 95.5266
4 258.0971 2.3377
###===
144 0 0 0 0 0 0
N9 1 0
0.0917 0.2093 
0.8917 0.1083 
N0 2
0.3913 0.6087 
N4 2
0.2377 0.7623 
N5 3
0.4177 0.3784 0.2039 
N6 2
0.5756 0.4244 
N8 2
0.4946 0.5054 
N9 2
0.8917 0.1083 
6 102.0194 0.0228
5 252.1368 11.0417
0 97.7214 17.3373
7 418.6274 0.0018
8 234.7491 0.0022
2 185.2228 0.0555
9 192.3725 0.7454
1 336.4379 0.4988
3 352.4881 95.5266
4 258.0971 2.3377
###===
145 0 4 0 0 0 0
N4 1 0
0.75 0.8316 
0.2495 0.7505 
N0 2
0.3913 0.6087 
N4 2
0.2495 0.7505 
N5 3
0.4177 0.3784 0.2039 
N6 2
0.5756 0.4244 
N8 2
0.4946 0.5054 
N9 2
0.8917 0.1083 
6 100.484 0.0228
5 250.4701 11.0417
0 97.7163 17.3373
7 419.5277 0.0018
8 234.7785 0.0022
2 185.4385 0.0555
9 193.8573 0.7454
1 336.255 0.4988
3 352.2491 95.5266
4 258.7113 0.087
###===
146 0 3 0 0 0 0
N4 1 0
0.3364 0.8713 
0.1314 0.8686 
N0 2
0.3913 0.6087 
N4 2
0.1314 0.8686 
N5 3
0.4177 0.3784 0.2039 
N6 2
0.5756 0.4244 
N8 2
0.4946 0.5054 
N9 2
0.8917 0.1083 
6 115.8509 0.0228
5 267.1516 11.0417
0 97.7679 17.3373
7 410.5165 0.0018
8 234.4842 0.0022
2 183.2789 0.0555
9 178.9968 0.7454
1 338.0858 0.4988
3 360.7992 3.0191
4 252.0209 0.087
###===
147 0 6 44.2013 0 0 0
N5 0 1
N8 
0 
0.3561 0.627 
0.6257 0.2354 0.1389 
N0 2
0.3913 0.6087 
N4 2
0.1314 0.8686 
N5 3
0.4832 0.3372 0.1796 
N6 2
0.5727 0.4273 
N8 2
0.4946 0.5054 
N9 2
0.8917 0.1083 
6 162.6711 0.5003
5 275.6502 11.0417
0 97.7225 17.3373
7 410.5139 0.0018
8 223.8031 0.0022
2 181.8797 0.0555
9 184.3628 0.7454
1 341.2637 0.4988
3 357.3192 3.0191
4 255.9953 0.087
###===
148 0 7 0 0 1 0
N0 1 0
0.144 0.6087 
0.8537 0.1463 
N0 2
0.8537 0.1463 
N4 2
0.1314 0.8686 
N5 3
0.4832 0.3372 0.1796 
N6 2
0.5727 0.4273 
N8 2
0.4946 0.5054 
N9 2
0.8917 0.1083 
6 162.6397 0.5003
5 279.4895 11.0417
0 190.734 17.3373
7 380.3363 2.2943
8 223.376 0.0022
2 184.5661 0.0555
9 167.5553 0.7454
1 301.0083 0.4988
3 357.3192 3.0191
4 283.7415 0.087
N0
1
N4 2
0.1314 0.8686 
N5 3
0.4832 0.3372 0.1796 
N6 2
0.5727 0.4273 
N8 2
0.4946 0.5054 
N9 2
0.8917 0.1083 
6 162.6977 0.5682
5 272.4013 11.0417
0 19.0127 17.3373
7 286.2134 2.2943
8 224.1645 0.9258
2 179.6065 0.0555
9 198.586 37.0939
1 375.3293 87.5564
3 357.3192 3.0191
4 232.5156 0.087
###===
149 0 0 0 0 0 0
N8 1 2
N5 N6 
1 0 
0.6345 0.7494 
0.3649 0.6351 
N4 2
0.1314 0.8686 
N5 3
0.4832 0.3372 0.1796 
N6 2
0.5727 0.4273 
N8 2
0.5114 0.4886 
N9 2
0.8917 0.1083 
6 161.9594 0.5682
5 266.832 11.0417
0 19.4869 0.1358
7 285.1999 2.2943
8 224.1828 0.9258
2 178.5856 0.0555
9 198.5791 37.0939
1 378.0432 87.5564
3 358.2094 3.0191
4 234.9781 0.087
###===
150 0 8 0 0 0 0
N8 1 2
N5 N6 
1 1 
0.5501 0.928 
0.0739 0.9261 
N4 2
0.1314 0.8686 
N5 3
0.4832 0.3372 0.1796 
N6 2
0.5727 0.4273 
N8 2
0.4642 0.5358 
N9 2
0.8917 0.1083 
6 164.0247 0.5682
5 276.6683 11.0417
0 19.4516 0.1358
7 272.2118 2.2943
8 218.0877 0.9258
2 181.4416 0.0555
9 201.7605 37.0939
1 370.0643 87.5564
3 377.4781 3.0191
4 232.636 0.087
###===
151 0 6 0 0 0 0
N8 1 1
N5 
1 
0.5479 0.7459 
0.2551 0.7449 
N4 2
0.1314 0.8686 
N5 3
0.4832 0.3372 0.1796 
N6 2
0.5727 0.4273 
N8 2
0.4641 0.5359 
N9 2
0.8917 0.1083 
6 164.0262 0.5411
5 276.6782 11.0417
0 19.4501 0.1358
7 272.2083 2.2943
8 218.0889 0.9258
2 181.4438 0.0555
9 201.7608 37.0939
1 370.0572 87.5564
3 377.484 3.0191
4 232.6311 0.087
###===
152 0 5 0 0 0 0
N6 0 2
N5 N8 
2 0 
0.04 0.5704 
0.5677 0.4323 
N4 2
0.1314 0.8686 
N5 3
0.4832 0.3372 0.1796 
N6 2
0.6059 0.3941 
N8 2
0.4641 0.5359 
N9 2
0.8917 0.1083 
6 164.187 0.5411
5 284.1334 0.888
0 19.4482 0.1358
7 272.2075 2.2943
8 200.1588 0.9258
2 185.3715 0.0555
9 204.0537 37.0939
1 373.3292 87.5564
3 383.3985 3.0191
4 223.7195 0.087
###===
153 0 2 0 0 0 0
N8 0 2
N5 N6 
2 1 
0.3118 0.7474 
0.7452 0.2548 
N4 2
0.1314 0.8686 
N5 3
0.4832 0.3372 0.1796 
N6 2
0.6059 0.3941 
N8 2
0.4707 0.5293 
N9 2
0.8917 0.1083 
6 163.8985 0.5411
5 283.9495 0.888
0 19.4574 0.1358
7 274.0202 2.2943
8 202.5355 0.9258
2 185.8833 0.0555
9 203.6046 37.0939
1 371.7589 87.5564
3 381.0583 3.0191
4 224.5531 0.087
###===
154 0 8 8.2754 0 0 0
N4 1 0
0.8149 0.8788 
0.1215 0.8785 
N4 2
0.1215 0.8785 
N5 3
0.4832 0.3372 0.1796 
N6 2
0.6059 0.3941 
N8 2
0.4707 0.5293 
N9 2
0.8917 0.1083 
6 165.1866 0.5411
5 285.3478 0.888
0 19.4617 0.1358
7 273.2648 2.2943
8 210.8495 0.3921
2 185.7023 0.0555
9 202.3589 37.0939
1 371.9124 87.5564
3 382.3834 3.0191
4 223.9922 0.087
###===
155 0 4 16.7156 0 0 0
N4 1 0
0.7819 0.927 
0.0737 0.9263 
N4 2
0.0737 0.9263 
N5 3
0.4832 0.3372 0.1796 
N6 2
0.6059 0.3941 
N8 2
0.4707 0.5293 
N9 2
0.8917 0.1083 
6 171.4062 0.5411
5 292.0995 0.888
0 19.4826 0.1358
7 269.6176 2.2943
8 211.3488 0.3921
2 184.8281 0.0555
9 196.3442 37.0939
1 372.6534 87.5564
3 388.7812 3.0191
4 239.7649 1.3312
###===
156 0 8 0 0 0 0
N4 0 0
0.0735 0.1407 
0.0738 0.9262 
N4 2
0.0738 0.9262 
N5 3
0.4832 0.3372 0.1796 
N6 2
0.6059 0.3941 
N8 2
0.4707 0.5293 
N9 2
0.8917 0.1083 
6 171.3932 0.5411
5 292.0854 0.888
0 19.4826 0.1358
7 269.6252 2.2943
8 211.3477 0.5877
2 184.83 0.0555
9 196.3568 37.0939
1 372.6519 87.5564
3 388.7678 3.0191
4 239.7626 1.3312
###===
157 0 5 0 0 0 0
N9 1 0
0.1076 0.1138 
0.8863 0.1137 
N4 2
0.0738 0.9262 
N5 3
0.4832 0.3372 0.1796 
N6 2
0.6059 0.3941 
N8 2
0.4707 0.5293 
N9 2
0.8863 0.1137 
6 171.4053 0.5411
5 292.1068 0.0116
0 19.5188 0.1358
7 269.6226 2.2943
8 210.512 0.5877
2 186.3067 0.0555
9 195.9215 37.0939
1 371.9252 87.5564
3 388.6901 3.0191
4 239.7626 1.3312
###===
158 0 2 3.3464 0 0 0
N4 0 0
0.0635 0.0954 
0.0637 0.9363 
N4 2
0.0637 0.9363 
N5 3
0.4832 0.3372 0.1796 
N6 2
0.6059 0.3941 
N8 2
0.4707 0.5293 
N9 2
0.8863 0.1137 
6 172.7195 0.5411
5 293.5334 0.0116
0 19.5233 0.1358
7 268.852 2.2943
8 210.6154 0.5877
2 189.5809 0.456
9 194.6506 37.0939
1 372.0818 87.5564
3 390.042 3.0191
4 239.996 1.3312
###===
159 0 4 0 0 0 0
N8 0 1
N5 
0 
0.6345 0.92 
0.6359 0.3641 
N4 2
0.0637 0.9363 
N5 3
0.4832 0.3372 0.1796 
N6 2
0.6073 0.3927 
N8 2
0.4686 0.5314 
N9 2
0.8863 0.1137 
6 172.6459 0.5411
5 293.2169 0.0116
0 19.5232 0.1358
7 268.96 2.2943
8 210.3935 0.5877
2 190.0695 0.456
9 194.5718 37.0939
1 371.8257 87.5564
3 390.5473 3.0191
4 239.8194 0.3273
###===
160 0 7 0 0 0 0
N5 1 1
N8 
1 
0.4652 0.4811 
0.3357 0.4653 0.199 
N4 2
0.0637 0.9363 
N5 3
0.4857 0.3333 0.181 
N6 2
0.6089 0.3911 
N8 2
0.4686 0.5314 
N9 2
0.8863 0.1137 
6 172.651 0.5411
5 292.3803 0.0116
0 19.5604 0.1358
7 269.4989 0.0352
8 210.2899 0.5877
2 190.4442 0.456
9 194.5753 37.0939
1 371.8353 87.5564
3 390.3161 3.0191
4 240.0132 0.3273
###===
161 0 7 0 0 0 0
N4 1 0
0.9361 0.9625 
0.0377 0.9623 
N4 2
0.0377 0.9623 
N5 3
0.4857 0.3333 0.181 
N6 2
0.6089 0.3911 
N8 2
0.4686 0.5314 
N9 2
0.8863 0.1137 
6 176.034 0.5411
5 296.0528 0.0116
0 19.5718 0.1358
7 268.4648 0.6638
8 210.556 0.5877
2 190.5615 0.456
9 191.3037 37.0939
1 372.2384 87.5564
3 393.7961 3.0191
4 240.6142 0.3273
###===
162 0 5 0 0 0 0
N5 2 1
N8 
1 
0.164 0.3398 
0.35 0.4851 0.1649 
N4 2
0.0377 0.9623 
N5 3
0.4933 0.3438 0.1629 
N6 2
0.6059 0.3941 
N8 2
0.4686 0.5314 
N9 2
0.8863 0.1137 
6 175.9993 0.5411
5 297.0944 0.0116
0 19.4755 0.1358
7 267.4172 0.6638
8 210.5211 0.5877
2 191.6174 0.456
9 191.313 37.0939
1 372.0179 87.5564
3 394.3674 3.0191
4 241.2169 0.3273
###===
163 0 1 0 0 0 0
N9 0 0
0.1901 0.938 
0.2499 0.7501 
N4 2
0.0377 0.9623 
N5 3
0.4933 0.3438 0.1629 
N6 2
0.6059 0.3941 
N8 2
0.4686 0.5314 
N9 2
0.2499 0.7501 
6 177.4223 0.5411
5 302.1196 0.0116
0 23.7482 0.1358
7 267.1071 0.6638
8 112.0287 0.5877
2 365.649 0.456
9 140.004 37.0939
1 444.8974 39.4872
3 385.2168 3.0191
4 241.2169 0.3273
###===
164 0 5 0 0 0 0
N9 1 0
0.7101 0.7501 
0.2897 0.7103 
N4 2
0.0377 0.9623 
N5 3
0.4933 0.3438 0.1629 
N6 2
0.6059 0.3941 
N8 2
0.4686 0.5314 
N9 2
0.2897 0.7103 
6 177.3333 0.5411
5 302.3951 0.0424
0 23.481 0.1358
7 267.1265 0.6638
8 118.1884 0.5877
2 354.7652 0.456
9 143.2128 37.0939
1 432.1513 39.4872
3 385.7891 3.0191
4 241.2169 0.3273
###===
165 0 9 88.5585 0 0 0
N4 0 0
0.0066 0.5972 
0.0095 0.9905 
N4 2
0.0095 0.9905 
N5 3
0.4933 0.3438 0.1629 
N6 2
0.6059 0.3941 
N8 2
0.4686 0.5314 
N9 2
0.2897 0.7103 
6 181.0026 0.5411
5 306.3783 0.0424
0 23.4933 0.1358
7 267.2202 0.6638
8 118.4769 0.5877
2 354.8924 0.456
9 230.4612 52.6254
1 432.5884 39.4872
3 389.5635 3.0191
4 241.8688 0.3273
###===
166 0 4 97.3679 0 0 1
N4 0 0
0.0048 0.5713 
0.0077 0.9923 
N4 2
0.0077 0.9923 
N5 3
0.4933 0.3438 0.1629 
N6 2
0.6059 0.3941 
N8 2
0.4686 0.5314 
N9 2
0.2897 0.7103 
6 181.2368 0.5411
5 306.6326 0.0424
0 23.4941 0.1358
7 267.2262 0.6638
8 118.4954 0.5877
2 354.9005 0.456
9 230.6002 52.6254
1 432.6164 39.4872
3 389.8044 3.0191
4 339.3049 67.3883
160
6 181.2368 0.5411
5 305.7499 0.0116
0 23.4941 0.1358
7 263.9245 2.2943
8 118.4954 0.5877
2 354.9005 0.456
9 227.9965 125.6524
1 292.1953 87.5564
3 389.8044 3.0191
4 339.2783 97.6952
N4 2
0.0077 0.9923 
N5 3
0.4933 0.3438 0.1629 
N6 2
0.6059 0.3941 
N8 2
0.4686 0.5314 
N9 2
0.2897 0.7103 
###===
167 0 3 0 0 0 0
N4 0 0
0.0075 0.6157 
0.0106 0.9894 
N4 2
0.0106 0.9894 
N5 3
0.4933 0.3438 0.1629 
N6 2
0.6059 0.3941 
N8 2
0.4686 0.5314 
N9 2
0.2897 0.7103 
6 180.8595 0.5411
5 305.3402 0.0116
0 23.4928 0.1358
7 264.1457 2.2943
8 118.4657 0.5877
2 354.8874 0.456
9 228.3613 125.6524
1 292.1504 87.5564
3 389.4873 49.1324
4 339.2112 97.6952
###===
168 0 8 0 0 0 0
N9 1 0
0.7074 0.9013 
0.2916 0.7084 
N4 2
0.0106 0.9894 
N5 3
0.4933 0.3438 0.1629 
N6 2
0.6059 0.3941 
N8 2
0.4686 0.5314 
N9 2
0.2916 0.7084 
6 180.8552 0.5411
5 305.3252 0.0116
0 23.4801 0.1358
7 264.1466 2.2943
8 118.761 0.2013
2 354.3678 0.456
9 228.5145 125.6524
1 292.4061 87.5564
3 389.5146 49.1324
4 339.2112 97.6952
###===
169 0 5 0 0 0 0
N8 1 0
0.438 0.5314 
0.5615 0.4385 
N4 2
0.0106 0.9894 
N5 3
0.5217 0.3158 0.1625 
N6 2
0.5787 0.4213 
N8 2
0.5615 0.4385 
N9 2
0.2916 0.7084 
6 181.5629 0.5411
5 305.9321 0.1645
0 24.4895 0.1358
7 266.5669 2.2943
8 127.1514 0.2013
2 343.9213 0.456
9 230.1774 125.6524
1 302.0593 87.5564
3 367.0359 49.1324
4 348.5067 97.6952
###===
170 0 0 0 0 0 1
N4 1 0
0.9855 0.9894 
0.0106 0.9894 
N4 2
0.0106 0.9894 
N5 3
0.5217 0.3158 0.1625 
N6 2
0.5787 0.4213 
N8 2
0.5615 0.4385 
N9 2
0.2916 0.7084 
6 181.5629 0.5411
5 305.9321 0.1645
0 24.4895 0.1358
7 266.5669 2.2943
8 127.1514 0.2013
2 343.9213 0.456
9 230.1774 125.6524
1 302.0593 87.5564
3 367.0359 49.1324
4 348.5067 97.6952
169
6 181.5629 0.5411
5 303.4371 0.0116
0 24.4895 0.1358
7 266.5669 2.2943
8 127.1514 0.2013
2 343.9213 0.456
9 230.1774 125.6524
1 302.0593 87.5564
3 367.0359 49.1325
4 348.5067 97.6952
N4 2
0.0106 0.9894 
N5 3
0.5217 0.3158 0.1625 
N6 2
0.5787 0.4213 
N8 2
0.5615 0.4385 
N9 2
0.2916 0.7084 
###===
171 0 4 77.0158 0 0 0
N8 0 1
N5 
2 
0.1637 0.9512 
0.9472 0.0528 
N4 2
0.0106 0.9894 
N5 3
0.5217 0.3158 0.1625 
N6 2
0.5556 0.4444 
N8 2
0.6252 0.3748 
N9 2
0.2916 0.7084 
6 178.6643 0.5411
5 307.4355 0.0116
0 24.588 0.1358
7 265.2809 2.2943
8 142.7206 0.2013
2 344.7034 0.456
9 228.1217 125.6524
1 298.1976 87.5564
3 351.4606 49.1325
4 433.9264 11.219
###===
172 0 2 0 0 0 0
N5 2 0
0.1607 0.1652 
0.5228 0.3165 0.1607 
N4 2
0.0106 0.9894 
N5 3
0.5228 0.3165 0.1607 
N6 2
0.5556 0.4444 
N8 2
0.6245 0.3755 
N9 2
0.2916 0.7084 
6 178.7567 0.5411
5 307.3668 0.0116
0 24.5887 0.1358
7 265.2485 2.2943
8 142.3556 0.2013
2 344.6495 0.0015
9 228.2058 125.6524
1 298.4189 87.5564
3 351.6976 49.1325
4 434.028 11.219
###===
173 0 6 0 0 0 0
N4 1 0
0.4 0.9894 
0.0135 0.9865 
N4 2
0.0135 0.9865 
N5 3
0.5228 0.3165 0.1607 
N6 2
0.5556 0.4444 
N8 2
0.6245 0.3755 
N9 2
0.2916 0.7084 
6 178.4326 35.4306
5 306.9572 0.0116
0 24.5875 0.1358
7 265.4698 2.2943
8 142.3259 0.2013
2 344.6365 0.0015
9 228.5708 125.6524
1 298.374 87.5564
3 351.4444 49.1325
4 433.961 11.219
###===
174 0 3 90.2471 0 0 0
N4 1 0
0.205 0.9949 
0.7911 0.2089 
N4 2
0.7911 0.2089 
N5 3
0.5228 0.3165 0.1607 
N6 2
0.5556 0.4444 
N8 2
0.6245 0.3755 
N9 2
0.2916 0.7084 
6 104.7129 35.4306
5 197.1223 0.0116
0 24.2475 0.1358
7 324.8018 2.2943
8 134.3688 0.2013
2 341.129 0.0015
9 326.4158 125.6524
1 286.3192 87.5564
3 791.6154 2.739
4 415.9867 11.219
###===
175 0 9 0 0 0 0
N9 1 0
0.2965 0.9302 
0.7003 0.2997 
N4 2
0.7911 0.2089 
N5 3
0.5228 0.3165 0.1607 
N6 2
0.5556 0.4444 
N8 2
0.6245 0.3755 
N9 2
0.7003 0.2997 
6 103.7991 35.4306
5 193.8951 0.0116
0 21.5036 0.1358
7 325.001 2.2943
8 198.1646 0.2013
2 229.3649 0.0015
9 410.6894 1.5479
1 341.3201 87.5564
3 797.4919 2.739
4 415.9867 11.219
###===
176 0 6 0 0 0 0
N4 1 0
0.0847 0.3812 
0.6203 0.3797 
N4 2
0.6203 0.3797 
N5 3
0.5228 0.3165 0.1607 
N6 2
0.5556 0.4444 
N8 2
0.6245 0.3755 
N9 2
0.7003 0.2997 
6 130.9576 0.3412
5 218.0204 0.0116
0 21.5782 0.1358
7 311.9687 2.2943
8 199.9124 0.2013
2 230.1353 0.0015
9 389.1977 1.5479
1 343.9679 87.5564
3 673.8459 2.739
4 419.9348 11.219
###===
177 0 5 70.2038 0 0 0
N8 1 1
N5 
1 
0.0912 0.813 
0.1906 0.8094 
N4 2
0.6203 0.3797 
N5 3
0.5228 0.3165 0.1607 
N6 2
0.5401 0.4599 
N8 2
0.5815 0.4185 
N9 2
0.7003 0.2997 
6 132.7805 0.3412
5 302.0482 2.7672
0 19.7739 0.1358
7 307.8034 2.2943
8 201.3499 0.2013
2 232.7323 0.0015
9 389.5275 1.5479
1 335.4751 87.5564
3 680.855 2.739
4 414.1222 11.219
###===
178 0 0 0 0 0 0
N6 0 1
N5 
0 
0.4459 0.5618 
0.5613 0.4387 
N4 2
0.6203 0.3797 
N5 3
0.5228 0.3165 0.1607 
N6 2
0.5696 0.4304 
N8 2
0.5654 0.4346 
N9 2
0.7003 0.2997 
6 132.2261 0.3412
5 303.5677 2.7672
0 20.2545 0.1357
7 308.9438 2.2943
8 205.5483 0.2013
2 241.1138 0.0015
9 386.1637 1.5479
1 328.033 87.5564
3 684.6619 2.739
4 404.7817 11.219
###===
179 0 3 0 0 0 0
N6 0 2
N5 N8 
1 1 
0.1518 0.9945 
0.9903 0.0097 
N4 2
0.6203 0.3797 
N5 3
0.5228 0.3165 0.1607 
N6 2
0.6872 0.3128 
N8 2
0.5654 0.4346 
N9 2
0.7003 0.2997 
6 132.6718 0.3412
5 317.8567 2.7672
0 18.2099 0.1357
7 348.3075 2.2943
8 196.8429 0.2013
2 241.1138 0.0015
9 386.1752 1.5479
1 339.8384 87.5564
3 651.9263 2.739
4 404.7817 11.219
###===
180 0 5 0 0 0 0
N4 0 0
0.6085 0.8601 
0.8588 0.1412 
N4 2
0.8588 0.1412 
N5 3
0.5228 0.3165 0.1607 
N6 2
0.6872 0.3128 
N8 2
0.5654 0.4346 
N9 2
0.7003 0.2997 
6 81.1323 0.3412
5 304.3263 1.3037
0 18.1056 0.1357
7 366.5054 2.2943
8 194.4024 0.2013
2 240.0381 0.0015
9 416.1855 1.5479
1 336.1411 87.5564
3 824.5822 2.739
4 399.2688 11.219
###===
181 0 5 0 0 0 0
N5 1 1
N8 
0 
0.1057 0.4453 
0.3887 0.4436 0.1677 
N4 2
0.8588 0.1412 
N5 3
0.3897 0.507 0.1033 
N6 2
0.7791 0.2209 
N8 2
0.5654 0.4346 
N9 2
0.7003 0.2997 
6 70.8719 0.3412
5 285.2846 0.4574
0 24.9428 0.1357
7 366.5115 2.2943
8 163.398 0.2013
2 236.2544 0.0015
9 412.5486 1.5479
1 363.2247 87.5564
3 850.2295 2.739
4 402.9918 11.219
###===
182 0 4 0 0 0 0
N6 1 2
N5 N8 
0 1 
0.0004 0.9359 
0.9949 0.0051 
N4 2
0.8588 0.1412 
N5 3
0.3897 0.507 0.1033 
N6 2
0.7822 0.2178 
N8 2
0.5654 0.4346 
N9 2
0.7003 0.2997 
6 70.8719 0.3412
5 285.2871 0.4574
0 25.044 0.1357
7 367.5385 2.2943
8 163.3981 0.2013
2 237.0224 0.0015
9 412.5489 1.5479
1 363.5297 87.5564
3 850.2294 2.739
4 402.7083 11.219
###===
183 0 2 0 0 0 0
N4 0 0
0.8588 0.8631 
0.8631 0.1369 
N4 2
0.8631 0.1369 
N5 3
0.3897 0.507 0.1033 
N6 2
0.7822 0.2178 
N8 2
0.5654 0.4346 
N9 2
0.7003 0.2997 
6 69.9427 0.3412
5 285.4951 0.4574
0 25.0421 0.1357
7 367.8665 2.2943
8 163.3541 0.2013
2 237.014 0.0503
9 413.0899 1.5479
1 363.463 87.5564
3 853.3421 2.739
4 402.6088 11.219
###===
184 0 4 0 0 0 0
N9 1 0
0.2773 0.3521 
0.6483 0.3517 
N4 2
0.8631 0.1369 
N5 3
0.3897 0.507 0.1033 
N6 2
0.7822 0.2178 
N8 2
0.5654 0.4346 
N9 2
0.6483 0.3517 
6 70.059 0.3412
5 285.9057 0.4574
0 25.3912 0.1357
7 367.8412 2.2943
8 155.2372 0.2013
2 251.234 0.0503
9 395.8713 1.5479
1 356.4651 87.5564
3 852.5944 2.739
4 403.5106 0.0878
###===
185 0 8 0 0 0 0
N8 1 0
0.434 0.4396 
0.5604 0.4396 
N4 2
0.8631 0.1369 
N5 3
0.3897 0.5077 0.1026 
N6 2
0.784 0.216 
N8 2
0.5604 0.4396 
N9 2
0.6483 0.3517 
6 70.1277 0.3412
5 286.4026 0.4574
0 25.3074 0.1357
7 368.1231 2.2943
8 154.7916 0.0053
2 251.7844 0.0503
9 395.8595 1.5479
1 356.011 87.5564
3 853.2805 2.739
4 403.0111 0.0878
###===
186 0 5 86.4789 0 0 0
N6 0 1
N8 
1 
0.2766 0.9972 
0.2802 0.7198 
N4 2
0.8631 0.1369 
N5 3
0.3291 0.5015 0.1694 
N6 2
0.472 0.528 
N8 2
0.5604 0.4396 
N9 2
0.6483 0.3517 
6 69.2349 0.3412
5 521.0516 1.8451
0 25.53 0.1357
7 263.6837 2.2943
8 181.4191 0.0053
2 215.3268 0.0503
9 395.7542 1.5479
1 341.6485 87.5564
3 821.6505 2.739
4 375.0394 0.0878
###===
187 0 0 0 0 1 0
N4 1 0
0.1364 0.1377 
0.8636 0.1364 
N4 2
0.8636 0.1364 
N5 3
0.3291 0.5015 0.1694 
N6 2
0.472 0.528 
N8 2
0.5604 0.4396 
N9 2
0.6483 0.3517 
6 69.1268 0.3412
5 521.0759 1.8451
0 25.53 0.0451
7 263.7219 2.2943
8 181.414 0.0053
2 215.3271 0.0503
9 395.8171 1.5479
1 341.6407 87.5564
3 822.0126 2.739
4 375.0279 0.0878
N4
1
N5 3
0.3291 0.5015 0.1694 
N6 2
0.472 0.528 
N8 2
0.5604 0.4396 
N9 2
0.6483 0.3517 
6 255.7492 216.4394
5 479.2784 1.8451
0 25.3795 0.0451
7 197.8279 2.2943
8 190.2511 10.2383
2 214.7471 0.0503
9 287.1507 1.5479
1 355.0287 103.0589
3 196.8322 2.739
4 394.9901 23.2029
###===
188 0 2 52.8749 0 0 0
N6 0 1
N5 
0 
0.047 0.5769 
0.0496 0.9504 
N5 3
0.3291 0.5015 0.1694 
N6 2
0.3612 0.6388 
N8 2
0.5681 0.4319 
N9 2
0.6483 0.3517 
6 256.014 216.4394
5 493.2465 1.8451
0 21.7474 0.0451
7 185.8249 2.2943
8 167.6456 10.2383
2 254.3149 7.8824
9 298.4671 1.5479
1 374.8502 103.0589
3 195.0141 2.739
4 425.4091 23.2029
###===
189 0 6 6.9512 0 0 0
N8 1 2
N5 N6 
2 1 
0.097 0.9188 
0.0853 0.9147 
N5 3
0.3291 0.5015 0.1694 
N6 2
0.3612 0.6388 
N8 2
0.5329 0.4671 
N9 2
0.6483 0.3517 
6 268.4536 7.0757
5 518.3235 1.8451
0 21.6982 0.0451
7 176.1572 2.2943
8 155.0726 10.2383
2 249.9342 7.8824
9 300.8621 1.5479
1 383.225 103.0589
3 207.4949 2.739
4 407.4304 23.2029
###===
190 0 8 60.1976 0 0 0
N6 1 1
N8 
1 
0.5008 0.8949 
0.4972 0.5028 
N5 3
0.3026 0.5665 0.1309 
N6 2
0.5125 0.4875 
N8 2
0.5329 0.4671 
N9 2
0.6483 0.3517 
6 266.5107 7.0757
5 428.6272 1.8451
0 20.1713 0.0451
7 226.7809 2.2943
8 220.5802 0.5632
2 256.1649 7.8824
9 300.838 1.5479
1 391.3034 103.0589
3 215.682 2.739
4 418.9276 23.2029
###===
191 0 0 67.2209 0 0 0
N8 1 1
N6 
1 
0.3021 0.6756 
0.3262 0.6738 
N5 3
0.2464 0.6002 0.1534 
N6 2
0.5125 0.4875 
N8 2
0.4393 0.5607 
N9 2
0.6483 0.3517 
6 266.5198 7.0757
5 494.1443 1.8451
0 93.618 0.819
7 201.0544 2.2943
8 220.1252 0.5632
2 259.4363 7.8824
9 294.9002 1.5479
1 372.331 103.0589
3 226.2169 2.739
4 386.5972 23.2029
###===
192 0 6 0 0 1 0
N8 0 1
N5 
1 
0.0845 0.9054 
0.9013 0.0987 
N5 3
0.2464 0.6002 0.1534 
N6 2
0.6191 0.3809 
N8 2
0.7417 0.2583 
N9 2
0.6483 0.3517 
6 302.1247 6.1707
5 393.3719 1.8451
0 99.2999 0.819
7 225.8526 2.2943
8 192.8404 0.5632
2 241.1617 7.8824
9 293.3391 1.5479
1 431.7879 103.0589
3 239.2148 2.739
4 428.5921 23.2029
N8
0
N5 3
0.1964 0.7293 0.0742 
N6 2
0.7564 0.2436 
N9 2
0.6483 0.3517 
6 327.2444 7.0757
5 289.5361 86.9362
0 92.8301 0.819
7 277.3707 277.012
8 181.3185 70.4359
2 244.7792 7.8824
9 295.9385 1.5479
1 474.5076 103.0589
3 211.2237 2.739
4 493.8475 186.6949
###===
193 0 6 0 0 0 0
N6 1 1
N5 
0 
0.113 0.9916 
0.8826 0.1174 
N5 3
0.1964 0.7293 0.0742 
N6 2
0.9161 0.0839 
N9 2
0.6483 0.3517 
6 383.9782 5.5518
5 324.5378 86.9362
0 108.7257 0.819
7 277.3807 277.012
8 233.9562 70.4359
2 227.3893 7.8824
9 271.0911 1.5479
1 424.1935 103.0589
3 211.2237 2.739
4 423.3452 186.6949
###===
194 0 9 0 0 0 0
N6 1 0
0.0823 0.0936 
0.9064 0.0936 
N5 3
0.1973 0.7282 0.0745 
N6 2
0.9064 0.0936 
N9 2
0.6483 0.3517 
6 382.1891 5.5518
5 323.7238 86.9362
0 107.7416 0.819
7 277.3808 277.012
8 233.8985 70.4359
2 227.5099 7.8824
9 271.0614 0.0058
1 424.0594 103.0589
3 210.919 2.739
4 423.9067 186.6949
###===
195 0 4 0 0 0 0
N9 0 0
0.1777 0.9239 
0.1815 0.8185 
N5 3
0.1973 0.7282 0.0745 
N6 2
0.9064 0.0936 
N9 2
0.1815 0.8185 
6 383.2328 5.5518
5 327.4098 86.9362
0 110.8757 0.819
7 277.1534 277.012
8 161.0336 70.4359
2 355.1621 7.8824
9 116.4916 0.0058
1 361.2397 103.0589
3 204.207 2.739
4 506.2872 3.0257
###===
196 0 7 60.4292 0 0 0
N5 1 0
0.0702 0.9738 
0.0223 0.9693 0.0084 
N5 3
0.0223 0.9693 0.0084 
N6 2
0.9184 0.0816 
N9 2
0.1815 0.8185 
6 350.9536 5.5518
5 302.9334 86.9362
0 117.7232 0.819
7 367.9174 22.5643
8 106.0727 70.4359
2 370.1439 7.8824
9 123.96 0.0058
1 420.8925 103.0589
3 232.464 2.739
4 556.7341 3.0257
###===
197 0 7 0 0 0 0
N5 0 0
0.019 0.1639 
0.0197 0.9719 0.0084 
N5 3
0.0197 0.9719 0.0084 
N6 2
0.9186 0.0814 
N9 2
0.1815 0.8185 
6 350.3313 5.5518
5 302.6937 86.9362
0 117.7902 0.819
7 368.8657 5.0473
8 105.3286 70.4359
2 370.4718 7.8824
9 124.0698 0.0058
1 421.5677 103.0589
3 232.81 2.739
4 557.3177 3.0257
###===
198 0 8 0 0 0 0
N5 1 1
N6 
1 
0.5793 0.9725 
0.0818 0.8839 0.0343 
N5 3
0.0238 0.9661 0.0101 
N6 2
0.9186 0.0814 
N9 2
0.1815 0.8185 
6 348.3839 5.5518
5 301.9379 86.9362
0 117.7191 0.819
7 366.7242 5.0473
8 106.7464 60.9518
2 370.393 7.8824
9 124.6977 0.0058
1 421.6022 103.0589
3 231.8703 2.739
4 558.595 3.0257
###===
199 0 4 0 0 0 0
N9 0 0
0.1777 0.9239 
0.9202 0.0798 
N5 3
0.0238 0.9661 0.0101 
N6 2
0.9186 0.0814 
N9 2
0.9202 0.0798 
6 346.7321 5.5518
5 296.1049 86.9362
0 112.7595 0.819
7 367.0841 5.0473
8 222.0534 60.9518
2 168.3863 7.8824
9 369.3009 0.0058
1 521.0129 103.0589
3 242.4918 2.739
4 496.3319 6.9202
###===
200 0 4 0 0 1 0
N5 1 0
0.2407 0.9677 
0.0253 0.964 0.0107 
N5 3
0.0253 0.964 0.0107 
N6 2
0.9181 0.0819 
N9 2
0.9202 0.0798 
6 346.8387 5.5518
5 296.2356 86.9362
0 112.6705 0.819
7 366.3104 5.0473
8 222.5831 60.9518
2 168.2756 7.8824
9 369.2704 0.0058
1 520.5563 103.0589
3 242.2314 2.739
4 496.0253 15.7931
N5
1
N6 2
0.9255 0.0745 
N9 2
0.9202 0.0798 
6 345.2051 341.519
5 293.9843 293.3541
0 114.2032 18.598
7 379.5892 379.138
8 213.5349 60.9518
2 170.0492 148.2269
9 369.7892 19.1728
1 528.4099 319.2408
3 246.6849 233.4536
4 501.1145 200.1587
###===
201 0 2 0 0 0 0
N9 1 0
0.0043 0.6706 
0.9924 0.0076 
N6 2
0.9255 0.0745 
N9 2
0.9924 0.0076 
6 345.0437 341.519
5 293.4141 293.3541
0 113.7185 18.598
7 379.6244 379.138
8 224.8049 60.9518
2 158.5417 82.4576
9 393.6965 19.1728
1 538.1262 319.2408
3 247.7231 233.4536
4 517.7424 200.1587
###===
202 0 1 0 0 0 0
N6 1 0
0.0082 0.9466 
0.9872 0.0128 
N6 2
0.9872 0.0128 
N9 2
0.9924 0.0076 
6 345.2776 341.519
5 293.4141 293.3541
0 120.0571 18.598
7 379.6219 379.138
8 225.4013 60.9518
2 158.5417 82.4576
9 396.7578 19.1728
1 549.7556 65.1191
3 247.7231 233.4536
4 523.6784 200.1587
###===
203 0 7 0 0 0 0
N6 1 0
0.0009 0.9287 
0.0759 0.9241 
N6 2
0.0759 0.9241 
N9 2
0.9924 0.0076 
6 341.8236 341.519
5 293.4141 293.3541
0 26.4457 18.598
7 922.0892 9.0209
8 216.5935 60.9518
2 158.5417 82.4576
9 351.5481 19.1728
1 225.6643 65.1191
3 247.7231 233.4536
4 436.0131 200.1587
###===
204 0 3 0 0 1 0
N9 0 0
0.1781 0.9985 
0.9944 0.0056 
N6 2
0.0759 0.9241 
N9 2
0.9944 0.0056 
6 341.8192 341.519
5 293.3983 293.3541
0 26.4323 18.598
7 922.0902 9.0209
8 216.9057 60.9518
2 158.695 82.4576
9 352.2104 19.1728
1 225.9335 65.1191
3 247.7939 189.3963
4 436.4737 200.1587
N9
0
N6 2
0.0759 0.9241 
6 341.8066 341.519
5 293.3541 293.3541
0 26.3947 18.598
7 922.093 9.5081
8 217.7798 217.0462
2 159.1244 159.1244
9 354.0647 350.2993
1 226.6871 199.6943
3 248.1228 248.1228
4 437.7634 430.4619
###===
205 0 0 0 0 1 0
N6 0 0
0.0327 0.1877 
0.1869 0.8131 
N6 2
0.1869 0.8131 
6 342.2274 341.519
5 293.3541 293.3541
0 47.0845 0.1364
7 812.4761 9.5081
8 218.8526 217.0462
2 159.1244 159.1244
9 359.5714 350.2993
1 266.1627 199.6943
3 248.1228 248.1228
4 448.4414 430.4619
N6
0
6 345.3091 345.3091
5 293.3541 293.3541
0 251.3305 251.3305
7 9.5081 9.5081
8 226.7114 226.7114
2 159.1244 159.1244
9 399.9093 399.9093
1 555.3306 555.3306
3 248.1228 248.1228
4 526.66 526.66
