Gch_comingSoon999
0 1 6 0 0 0 0
N37 
3 
N37 2 0
0.1667 0.6667 
0.4154 0.4154 0.1692 
N37 3
0.4154 0.4154 0.1692 
6 109.8291 2.1764
###===
1 1 2 0 0 0 0
N35 
3 
N35 1 0
0.1667 0.6667 
0.1679 0.6642 0.1679 
N35 3
0.1679 0.6642 0.1679 
N37 3
0.4154 0.4154 0.1692 
6 109.8291 2.1764
2 132.842 1.0637
###===
2 1 1 0 0 0 0
N11 
4 
N11 1 0
0.125 0.625 
0.2908 0.1276 0.2908 0.2908 
N35 3
0.1679 0.6642 0.1679 
N37 3
0.4154 0.4154 0.1692 
N11 4
0.2908 0.1276 0.2908 0.2908 
6 109.8291 2.1764
2 132.842 1.0637
1 106.646 2.97
###===
3 1 4 0 0 0 0
N20 
2 
N20 0 1
N37 
1 
0.25 0.75 
0.7475 0.2525 
N35 3
0.1679 0.6642 0.1679 
N20 2
0.6028 0.3972 
N37 3
0.4154 0.4154 0.1692 
N11 4
0.2908 0.1276 0.2908 0.2908 
6 109.8291 2.1764
2 132.842 1.0637
1 106.646 2.97
4 107.6759 1.4355
###===
4 8 7 0 0 0 0
N36 N26 N27 N30 N33 N34 N38 N39 
2 3 3 2 2 3 2 3 
N36 1 3
N26 N34 N35 
2 0 1 
0.25 0.75 
0.7475 0.2525 
N34 3
0.3333 0.3333 0.3333 
N35 3
0.1679 0.6642 0.1679 
N33 2
0.5 0.5 
N38 2
0.5 0.5 
N39 3
0.3333 0.3333 0.3333 
N20 2
0.6028 0.3972 
N36 2
0.5183 0.4817 
N37 3
0.4154 0.4154 0.1692 
N27 3
0.3333 0.3333 0.3333 
N26 3
0.3333 0.3333 0.3333 
N11 4
0.2908 0.1276 0.2908 0.2908 
N30 2
0.5 0.5 
6 109.8292 2.1765
7 101.3639 1.4357
2 132.8422 1.0638
1 106.646 2.97
4 107.6759 1.4355
###===
5 2 3 0 0 0 0
N32 N28 
3 3 
N32 0 5
N26 N28 N34 N35 N36 
2 1 2 1 0 
0.1667 0.6667 
0.1692 0.4154 0.4154 
N34 3
0.3333 0.3333 0.3333 
N35 3
0.1679 0.6642 0.1679 
N32 3
0.3313 0.3343 0.3343 
N33 2
0.5 0.5 
N38 2
0.5 0.5 
N39 3
0.3333 0.3333 0.3333 
N36 2
0.5183 0.4817 
N37 3
0.4154 0.4154 0.1692 
N11 4
0.2908 0.1276 0.2908 0.2908 
N20 2
0.6028 0.3972 
N27 3
0.3333 0.3333 0.3333 
N26 3
0.3333 0.3333 0.3333 
N28 3
0.3333 0.3333 0.3333 
N30 2
0.5 0.5 
6 109.8297 2.1765
7 101.365 1.4365
2 132.8426 1.0638
1 106.6464 2.97
3 100.1211 2.1761
4 107.6763 1.4355
###===
6 1 4 99.8804 0 1 0
N9 
3 
N9 1 1
N11 
0 
0.1652 0.6697 
0.1664 0.6672 0.1664 
N34 3
0.3333 0.3333 0.3333 
N35 3
0.1679 0.6642 0.1679 
N32 3
0.3313 0.3343 0.3343 
N33 2
0.5 0.5 
N38 2
0.5 0.5 
N39 3
0.3333 0.3333 0.3333 
N36 2
0.5183 0.4817 
N37 3
0.4154 0.4154 0.1692 
N9 3
0.2848 0.4304 0.2848 
N11 4
0.2908 0.1276 0.2908 0.2908 
N20 2
0.6028 0.3972 
N27 3
0.3333 0.3333 0.3333 
N26 3
0.3333 0.3333 0.3333 
N28 3
0.3333 0.3333 0.3333 
N30 2
0.5 0.5 
6 109.8297 2.1765
7 101.365 1.4365
2 132.8426 1.0638
1 106.6463 2.97
3 100.1211 2.1761
4 217.2816 1.0849
N9
2
N34 3
0.3333 0.3333 0.3333 
N35 3
0.1679 0.6642 0.1679 
N32 3
0.3313 0.3343 0.3343 
N33 2
0.5 0.5 
N38 2
0.5 0.5 
N39 3
0.3333 0.3333 0.3333 
N36 2
0.5183 0.4817 
N37 3
0.4154 0.4154 0.1692 
N11 4
0.1699 0.1494 0.3404 0.3404 
N20 2
0.6028 0.3972 
N27 3
0.3333 0.3333 0.3333 
N26 3
0.3333 0.3333 0.3333 
N28 3
0.3333 0.3333 0.3333 
N30 2
0.5 0.5 
6 109.8297 2.1765
7 101.365 1.4365
2 132.8426 1.0638
1 104.0615 2.97
3 100.1211 2.1761
4 190.5267 1.0849
###===
7 0 5 0 0 0 0
N38 0 2
N35 N36 
2 0 
0.25 0.75 
0.2525 0.7475 
N34 3
0.3333 0.3333 0.3333 
N35 3
0.1679 0.6642 0.1679 
N32 3
0.3313 0.3343 0.3343 
N33 2
0.5 0.5 
N38 2
0.4792 0.5208 
N39 3
0.3333 0.3333 0.3333 
N36 2
0.5183 0.4817 
N37 3
0.4154 0.4154 0.1692 
N11 4
0.1699 0.1494 0.3404 0.3404 
N20 2
0.6028 0.3972 
N27 3
0.3333 0.3333 0.3333 
N26 3
0.3333 0.3333 0.3333 
N28 3
0.3333 0.3333 0.3333 
N30 2
0.5 0.5 
6 109.8292 2.1765
5 101.5507 1.4349
7 101.3646 1.4365
2 132.8421 1.0638
1 104.0611 2.97
3 100.1206 2.1761
4 190.5258 1.0849
###===
8 1 1 0 0 0 0
N3 
2 
N3 0 0
0.4898 0.5102 
0.4899 0.5101 
N34 3
0.3333 0.3333 0.3333 
N35 3
0.1679 0.6642 0.1679 
N32 3
0.3313 0.3343 0.3343 
N3 2
0.4899 0.5101 
N33 2
0.5 0.5 
N38 2
0.4792 0.5208 
N39 3
0.3333 0.3333 0.3333 
N36 2
0.5183 0.4817 
N37 3
0.4154 0.4154 0.1692 
N11 4
0.1699 0.1494 0.3404 0.3404 
N20 2
0.6028 0.3972 
N27 3
0.3333 0.3333 0.3333 
N26 3
0.3333 0.3333 0.3333 
N28 3
0.3333 0.3333 0.3333 
N30 2
0.5 0.5 
6 109.8292 2.1765
5 101.5507 1.4349
7 101.3646 1.4365
2 132.8421 1.0638
1 104.0906 0.0259
3 100.1206 2.1761
4 190.5258 1.0849
###===
9 0 0 0 0 1 0
N34 1 5
N28 N32 N35 N36 N39 
2 0 0 0 0 
0.1667 0.6667 
0.4154 0.1692 0.4154 
N34 3
0.3336 0.3328 0.3336 
N35 3
0.1679 0.6642 0.1679 
N32 3
0.3313 0.3343 0.3343 
N3 2
0.4899 0.5101 
N33 2
0.5 0.5 
N38 2
0.4792 0.5208 
N39 3
0.3333 0.3333 0.3333 
N36 2
0.5183 0.4817 
N37 3
0.4154 0.4154 0.1692 
N11 4
0.1699 0.1494 0.3404 0.3404 
N20 2
0.6028 0.3972 
N27 3
0.3333 0.3333 0.3333 
N26 3
0.3333 0.3333 0.3333 
N28 3
0.3333 0.3333 0.3333 
N30 2
0.5 0.5 
6 109.8295 2.1765
5 101.551 1.4349
0 100.0313 2.1769
7 101.3649 1.4365
2 132.8425 1.0638
1 104.0909 0.0259
3 100.1209 2.1761
4 190.5265 1.0849
N34
0
N35 3
0.1685 0.6637 0.1678 
N32 3
0.3338 0.3331 0.3331 
N3 2
0.4899 0.5101 
N33 2
0.5 0.5 
N38 2
0.4792 0.5208 
N39 3
0.3338 0.3331 0.3331 
N36 2
0.5551 0.4449 
N37 3
0.4154 0.4154 0.1692 
N11 4
0.1699 0.1494 0.3404 0.3404 
N20 2
0.6028 0.3972 
N27 3
0.3333 0.3333 0.3333 
N26 3
0.3333 0.3333 0.3333 
N28 3
0.3331 0.3331 0.3338 
N30 2
0.5 0.5 
6 109.8291 2.1765
5 101.5493 1.4349
0 100.1233 100.0004
7 104.0888 1.4365
2 132.7411 1.0638
1 104.0904 0.0259
3 99.9996 99.9997
4 190.5256 1.0849
###===
10 2 3 0 0 0 0
N18 N15 
2 2 
N18 1 1
N11 
1 
0.25 0.75 
0.2525 0.7475 
N35 3
0.1685 0.6637 0.1678 
N32 3
0.3338 0.3331 0.3331 
N3 2
0.4899 0.5101 
N33 2
0.5 0.5 
N38 2
0.4792 0.5208 
N39 3
0.3338 0.3331 0.3331 
N36 2
0.5551 0.4449 
N37 3
0.4154 0.4154 0.1692 
N11 4
0.1699 0.1494 0.3404 0.3404 
N15 2
0.5 0.5 
N18 2
0.463 0.537 
N20 2
0.6028 0.3972 
N27 3
0.3333 0.3333 0.3333 
N26 3
0.3333 0.3333 0.3333 
N28 3
0.3331 0.3331 0.3338 
N30 2
0.5 0.5 
6 109.8291 2.1765
5 101.5494 1.4349
0 100.1233 100.0004
7 104.0888 1.4365
2 132.7411 1.0638
1 104.0904 0.0259
3 102.7594 1.4353
4 190.5256 1.0849
###===
11 1 3 41.4122 0 0 0
N6 
3 
N6 1 0
0.2477 0.5046 
0.2483 0.5034 0.2483 
N35 3
0.1685 0.6637 0.1678 
N32 3
0.3338 0.3331 0.3331 
N3 2
0.4899 0.5101 
N33 2
0.5 0.5 
N38 2
0.4792 0.5208 
N39 3
0.3338 0.3331 0.3331 
N6 3
0.2483 0.5034 0.2483 
N36 2
0.5551 0.4449 
N37 3
0.4154 0.4154 0.1692 
N11 4
0.1699 0.1494 0.3404 0.3404 
N15 2
0.5 0.5 
N18 2
0.463 0.537 
N20 2
0.6028 0.3972 
N27 3
0.3333 0.3333 0.3333 
N26 3
0.3333 0.3333 0.3333 
N28 3
0.3331 0.3331 0.3338 
N30 2
0.5 0.5 
6 109.8291 2.1765
5 101.5494 1.4349
0 100.1233 100.0004
7 104.0888 1.4365
2 132.7411 1.0638
1 104.0905 0.0259
3 153.0112 0.3593
4 190.5256 1.0849
###===
12 4 0 105.4226 0 0 0
N14 N2 N12 N17 
2 4 4 4 
N32 1 3
N28 N36 N39 
0 0 1 
0.0803 0.8395 
0.4579 0.0842 0.4579 
N35 3
0.1685 0.6637 0.1678 
N2 4
0.25 0.25 0.25 0.25 
N32 3
0.3415 0.3177 0.3408 
N3 2
0.4899 0.5101 
N33 2
0.5 0.5 
N38 2
0.4792 0.5208 
N39 3
0.3338 0.3331 0.3331 
N6 3
0.2483 0.5034 0.2483 
N36 2
0.5551 0.4449 
N37 3
0.4154 0.4154 0.1692 
N11 4
0.1699 0.1494 0.3404 0.3404 
N12 4
0.25 0.25 0.25 0.25 
N14 2
0.5 0.5 
N15 2
0.5 0.5 
N17 4
0.25 0.25 0.25 0.25 
N18 2
0.463 0.537 
N20 2
0.6028 0.3972 
N27 3
0.3333 0.3333 0.3333 
N26 3
0.3333 0.3333 0.3333 
N28 3
0.3331 0.3331 0.3338 
N30 2
0.5 0.5 
6 109.8291 2.1765
5 101.5494 1.4349
0 207.1002 6.9157
7 104.0888 1.4365
2 132.7411 1.0638
1 104.0905 0.0259
3 153.0111 0.3592
4 190.5256 1.0849
###===
13 0 7 0 0 0 0
N38 1 2
N35 N36 
0 1 
0.25 0.75 
0.2525 0.7475 
N35 3
0.1685 0.6637 0.1678 
N2 4
0.25 0.25 0.25 0.25 
N32 3
0.3415 0.3177 0.3408 
N3 2
0.4899 0.5101 
N33 2
0.5 0.5 
N38 2
0.4585 0.5415 
N39 3
0.3338 0.3331 0.3331 
N6 3
0.2483 0.5034 0.2483 
N36 2
0.5551 0.4449 
N37 3
0.4154 0.4154 0.1692 
N11 4
0.1699 0.1494 0.3404 0.3404 
N12 4
0.25 0.25 0.25 0.25 
N14 2
0.5 0.5 
N15 2
0.5 0.5 
N17 4
0.25 0.25 0.25 0.25 
N18 2
0.463 0.537 
N20 2
0.6028 0.3972 
N27 3
0.3333 0.3333 0.3333 
N26 3
0.3333 0.3333 0.3333 
N28 3
0.3331 0.3331 0.3338 
N30 2
0.5 0.5 
6 109.8292 2.1765
5 101.5494 1.4349
0 207.1004 6.9157
7 105.639 1.4365
2 132.7412 1.0638
1 104.0906 0.0259
3 153.0112 0.3592
4 190.5258 1.0849
###===
14 0 8 0 0 0 0
N17 1 1
N14 
0 
0.125 0.625 
0.1258 0.6226 0.1258 0.1258 
N35 3
0.1685 0.6637 0.1678 
N2 4
0.25 0.25 0.25 0.25 
N32 3
0.3415 0.3177 0.3408 
N3 2
0.4899 0.5101 
N33 2
0.5 0.5 
N38 2
0.4585 0.5415 
N39 3
0.3338 0.3331 0.3331 
N6 3
0.2483 0.5034 0.2483 
N36 2
0.5551 0.4449 
N37 3
0.4154 0.4154 0.1692 
N11 4
0.1699 0.1494 0.3404 0.3404 
N12 4
0.25 0.25 0.25 0.25 
N14 2
0.5 0.5 
N15 2
0.5 0.5 
N17 4
0.1879 0.4363 0.1879 0.1879 
N18 2
0.463 0.537 
N20 2
0.6028 0.3972 
N27 3
0.3333 0.3333 0.3333 
N26 3
0.3333 0.3333 0.3333 
N28 3
0.3331 0.3331 0.3338 
N30 2
0.5 0.5 
6 109.8292 2.1765
5 101.5495 1.4349
0 207.1005 6.9157
7 105.6391 1.4365
8 122.2826 0.9204
2 132.7413 1.0638
1 104.0906 0.0259
3 153.0112 0.3592
4 190.5258 1.0849
###===
15 0 0 0 0 0 0
N6 2 2
N14 N2 
1 1 
0.2367 0.2835 
0.2368 0.48 0.2832 
N35 3
0.1685 0.6637 0.1678 
N2 4
0.25 0.25 0.25 0.25 
N32 3
0.3415 0.3177 0.3408 
N3 2
0.4899 0.5101 
N33 2
0.5 0.5 
N38 2
0.4585 0.5415 
N39 3
0.3338 0.3331 0.3331 
N6 3
0.2469 0.5005 0.2527 
N36 2
0.5551 0.4449 
N37 3
0.4154 0.4154 0.1692 
N11 4
0.1699 0.1494 0.3404 0.3404 
N12 4
0.25 0.25 0.25 0.25 
N14 2
0.5 0.5 
N15 2
0.5 0.5 
N17 4
0.1879 0.4363 0.1879 0.1879 
N18 2
0.463 0.537 
N20 2
0.6028 0.3972 
N27 3
0.3333 0.3333 0.3333 
N26 3
0.3333 0.3333 0.3333 
N28 3
0.3331 0.3331 0.3338 
N30 2
0.5 0.5 
6 109.8292 2.1765
5 101.5495 1.4349
0 207.1577 0.0487
7 105.6391 1.4365
8 122.2826 0.9204
2 132.7413 1.0638
1 104.0906 0.0259
3 152.713 0.3592
4 190.5259 1.0849
###===
16 0 4 0 0 0 0
N20 1 3
N27 N36 N37 
2 0 1 
0.2506 0.7494 
0.2531 0.7469 
N35 3
0.1685 0.6637 0.1678 
N2 4
0.25 0.25 0.25 0.25 
N32 3
0.3415 0.3177 0.3408 
N3 2
0.4899 0.5101 
N33 2
0.5 0.5 
N38 2
0.4585 0.5415 
N39 3
0.3338 0.3331 0.3331 
N6 3
0.2469 0.5005 0.2527 
N36 2
0.5551 0.4449 
N37 3
0.4154 0.4154 0.1692 
N11 4
0.1699 0.1494 0.3404 0.3404 
N12 4
0.25 0.25 0.25 0.25 
N14 2
0.5 0.5 
N15 2
0.5 0.5 
N17 4
0.1879 0.4363 0.1879 0.1879 
N18 2
0.463 0.537 
N20 2
0.5648 0.4352 
N27 3
0.3333 0.3333 0.3333 
N26 3
0.3333 0.3333 0.3333 
N28 3
0.3331 0.3331 0.3338 
N30 2
0.5 0.5 
6 109.8292 2.1765
5 101.5495 1.4349
0 207.1576 0.0487
7 105.6391 1.4365
8 122.2826 0.9204
2 132.7413 1.0638
1 104.0906 0.0259
3 152.713 0.3592
4 190.5185 1.0849
###===
17 0 4 32.9951 0 0 0
N33 1 3
N26 N28 N36 
0 0 0 
0.3948 0.6052 
0.6041 0.3959 
N35 3
0.1685 0.6637 0.1678 
N2 4
0.25 0.25 0.25 0.25 
N32 3
0.3415 0.3177 0.3408 
N3 2
0.4899 0.5101 
N33 2
0.5058 0.4942 
N38 2
0.4585 0.5415 
N39 3
0.3338 0.3331 0.3331 
N6 3
0.2469 0.5005 0.2527 
N36 2
0.5551 0.4449 
N37 3
0.4154 0.4154 0.1692 
N11 4
0.1699 0.1494 0.3404 0.3404 
N12 4
0.25 0.25 0.25 0.25 
N14 2
0.5 0.5 
N15 2
0.5 0.5 
N17 4
0.1879 0.4363 0.1879 0.1879 
N18 2
0.463 0.537 
N20 2
0.5648 0.4352 
N27 3
0.3333 0.3333 0.3333 
N26 3
0.3333 0.3333 0.3333 
N28 3
0.3331 0.3331 0.3338 
N30 2
0.5 0.5 
6 109.829 2.1765
5 101.5493 1.4349
0 207.1572 0.0487
7 105.6389 1.4365
8 122.2824 0.9204
2 132.741 1.0638
1 104.0904 0.0259
3 152.7127 0.3592
4 223.6878 0.4005
###===
18 0 9 0 0 0 0
N36 0 3
N20 N27 N37 
0 1 2 
0.2776 0.7776 
0.7751 0.2249 
N35 3
0.1683 0.6641 0.1675 
N2 4
0.25 0.25 0.25 0.25 
N32 3
0.3416 0.3176 0.3408 
N3 2
0.4899 0.5101 
N33 2
0.5058 0.4942 
N38 2
0.4585 0.5415 
N39 3
0.3338 0.3331 0.3331 
N6 3
0.2469 0.5005 0.2527 
N36 2
0.5613 0.4387 
N37 3
0.4154 0.4154 0.1692 
N11 4
0.1699 0.1494 0.3404 0.3404 
N12 4
0.25 0.25 0.25 0.25 
N14 2
0.5 0.5 
N15 2
0.5 0.5 
N17 4
0.1879 0.4363 0.1879 0.1879 
N18 2
0.463 0.537 
N20 2
0.5648 0.4352 
N27 3
0.3333 0.3333 0.3333 
N26 3
0.3329 0.3329 0.3343 
N28 3
0.3331 0.3331 0.3338 
N30 2
0.5 0.5 
6 109.8292 2.1765
5 101.5668 1.4349
0 207.1764 0.0487
7 105.8015 1.4365
8 122.2826 0.9204
9 100.4288 1.5926
2 132.8318 1.0638
1 104.0906 0.0259
3 152.713 0.3592
4 223.6903 0.4005
###===
19 0 1 91.6681 0 0 0
N14 1 1
N18 
1 
0.2648 0.7352 
0.7328 0.2672 
N35 3
0.1683 0.6641 0.1675 
N2 4
0.25 0.25 0.25 0.25 
N32 3
0.3416 0.3176 0.3408 
N3 2
0.4899 0.5101 
N33 2
0.5058 0.4942 
N38 2
0.4585 0.5415 
N39 3
0.3338 0.3331 0.3331 
N6 3
0.2472 0.5012 0.2516 
N36 2
0.5613 0.4387 
N37 3
0.4154 0.4154 0.1692 
N11 4
0.1699 0.1494 0.3404 0.3404 
N12 4
0.25 0.25 0.25 0.25 
N14 2
0.625 0.375 
N15 2
0.5 0.5 
N17 4
0.1724 0.4829 0.1724 0.1724 
N18 2
0.463 0.537 
N20 2
0.5648 0.4352 
N27 3
0.3333 0.3333 0.3333 
N26 3
0.3329 0.3329 0.3343 
N28 3
0.3331 0.3331 0.3338 
N30 2
0.5 0.5 
6 109.8293 2.1765
5 101.5668 1.4349
0 207.1622 0.0487
7 105.8015 1.4365
8 127.8535 0.9204
9 100.4288 1.5926
2 132.8318 1.0638
1 204.4888 1.2932
3 152.7876 0.3592
4 223.6903 0.4005
###===
20 0 3 122.6319 0 0 0
N27 0 3
N20 N36 N37 
1 1 2 
0.1421 0.7158 
0.713 0.1435 0.1435 
N35 3
0.1683 0.6641 0.1675 
N2 4
0.25 0.25 0.25 0.25 
N32 3
0.3416 0.3176 0.3408 
N3 2
0.4899 0.5101 
N33 2
0.5058 0.4942 
N38 2
0.4585 0.5415 
N39 3
0.3338 0.3331 0.3331 
N6 3
0.2472 0.5012 0.2516 
N36 2
0.5613 0.4387 
N37 3
0.4154 0.4154 0.1692 
N11 4
0.1699 0.1494 0.3404 0.3404 
N12 4
0.25 0.25 0.25 0.25 
N14 2
0.625 0.375 
N15 2
0.5 0.5 
N17 4
0.1724 0.4829 0.1724 0.1724 
N18 2
0.463 0.537 
N20 2
0.5648 0.4352 
N27 3
0.3476 0.3262 0.3262 
N26 3
0.3329 0.3329 0.3343 
N28 3
0.3331 0.3331 0.3338 
N30 2
0.5 0.5 
6 109.8293 2.1765
5 101.5668 1.4349
0 207.1621 0.0487
7 105.8015 1.4365
8 127.8535 0.9204
9 100.4288 1.5926
2 132.8318 1.0638
1 204.4889 1.2932
3 277.0497 1.3997
4 223.6903 0.4005
###===
21 0 4 0 0 0 0
N26 1 5
N28 N32 N33 N35 N36 
2 2 1 1 1 
0.3152 0.5256 
0.4543 0.3163 0.2294 
N35 3
0.1683 0.6641 0.1675 
N2 4
0.25 0.25 0.25 0.25 
N32 3
0.3416 0.3176 0.3408 
N3 2
0.4899 0.5101 
N33 2
0.5058 0.4942 
N38 2
0.4585 0.5415 
N39 3
0.3338 0.3331 0.3331 
N6 3
0.2472 0.5012 0.2516 
N36 2
0.5613 0.4387 
N37 3
0.4154 0.4154 0.1692 
N11 4
0.1699 0.1494 0.3404 0.3404 
N12 4
0.25 0.25 0.25 0.25 
N14 2
0.625 0.375 
N15 2
0.5 0.5 
N17 4
0.1724 0.4829 0.1724 0.1724 
N18 2
0.463 0.537 
N20 2
0.5648 0.4352 
N27 3
0.3476 0.3262 0.3262 
N26 3
0.3337 0.3316 0.3347 
N28 3
0.3331 0.3331 0.3338 
N30 2
0.5 0.5 
6 109.8294 2.1765
5 101.5669 1.4349
0 207.1624 0.0487
7 105.76 1.4365
8 127.8536 0.9204
9 100.4289 1.5926
2 132.832 1.0638
1 204.4891 1.2932
3 277.05 1.3997
4 223.723 0.4006
###===
22 0 7 0 0 0 0
N37 1 3
N27 N30 N36 
2 1 0 
0.2077 0.7077 
0.2095 0.7052 0.0853 
N35 3
0.1683 0.6641 0.1675 
N2 4
0.25 0.25 0.25 0.25 
N32 3
0.3416 0.3176 0.3408 
N3 2
0.4899 0.5101 
N33 2
0.5058 0.4942 
N38 2
0.4585 0.5415 
N39 3
0.3338 0.3331 0.3331 
N6 3
0.2472 0.5012 0.2516 
N36 2
0.5613 0.4387 
N37 3
0.3963 0.4422 0.1614 
N11 4
0.1699 0.1494 0.3404 0.3404 
N12 4
0.25 0.25 0.25 0.25 
N14 2
0.625 0.375 
N15 2
0.5 0.5 
N17 4
0.1724 0.4829 0.1724 0.1724 
N18 2
0.463 0.537 
N20 2
0.5582 0.4418 
N27 3
0.3476 0.3262 0.3262 
N26 3
0.3337 0.3316 0.3347 
N28 3
0.3331 0.3331 0.3338 
N30 2
0.5 0.5 
6 110.8351 2.1765
5 101.5668 1.4349
0 207.1621 0.0487
7 108.0474 1.1896
8 127.8534 0.9204
9 100.4288 1.5926
2 132.8318 1.0638
1 204.4888 1.2932
3 277.0497 1.3997
4 224.2156 0.4006
###===
23 0 3 0 0 0 0
N37 1 4
N26 N27 N30 N36 
2 0 1 0 
0.1771 0.7508 
0.5827 0.18 0.2373 
N35 3
0.1683 0.6641 0.1675 
N2 4
0.25 0.25 0.25 0.25 
N32 3
0.3416 0.3176 0.3408 
N3 2
0.4899 0.5101 
N33 2
0.5058 0.4942 
N38 2
0.4585 0.5415 
N39 3
0.3338 0.3331 0.3331 
N6 3
0.2472 0.5012 0.2516 
N36 2
0.5613 0.4387 
N37 3
0.4025 0.4335 0.164 
N11 4
0.1699 0.1494 0.3404 0.3404 
N12 4
0.25 0.25 0.25 0.25 
N14 2
0.625 0.375 
N15 2
0.5 0.5 
N17 4
0.1724 0.4829 0.1724 0.1724 
N18 2
0.463 0.537 
N20 2
0.556 0.444 
N27 3
0.3476 0.3262 0.3262 
N26 3
0.3337 0.3316 0.3347 
N28 3
0.3331 0.3331 0.3338 
N30 2
0.5 0.5 
6 110.5093 2.1765
5 101.5668 1.4349
0 207.1621 0.0487
7 108.0474 1.1896
8 127.8534 0.9204
9 100.4288 1.5926
2 132.8318 1.0638
1 204.4888 1.2932
3 277.7259 1.3997
4 224.055 0.4006
###===
24 0 4 0 0 1 0
N30 1 3
N27 N36 N37 
2 1 2 
0.2516 0.7484 
0.7459 0.2541 
N35 3
0.1683 0.6641 0.1675 
N2 4
0.25 0.25 0.25 0.25 
N32 3
0.3416 0.3176 0.3408 
N3 2
0.4899 0.5101 
N33 2
0.5058 0.4942 
N38 2
0.4585 0.5415 
N39 3
0.3338 0.3331 0.3331 
N6 3
0.2472 0.5012 0.2516 
N36 2
0.5613 0.4387 
N37 3
0.4025 0.4335 0.164 
N11 4
0.1699 0.1494 0.3404 0.3404 
N12 4
0.25 0.25 0.25 0.25 
N14 2
0.625 0.375 
N15 2
0.5 0.5 
N17 4
0.1724 0.4829 0.1724 0.1724 
N18 2
0.463 0.537 
N20 2
0.556 0.444 
N27 3
0.3476 0.3262 0.3262 
N26 3
0.3337 0.3316 0.3347 
N28 3
0.3331 0.3331 0.3338 
N30 2
0.5044 0.4956 
6 110.5093 2.1765
5 101.5669 1.4349
0 207.1622 0.0487
7 108.0474 1.1896
8 127.8535 0.9204
9 100.4288 1.5926
2 132.8319 1.0638
1 204.4889 1.2932
3 277.726 1.3997
4 224.3823 0.4007
N30
0
N35 3
0.1685 0.6638 0.1677 
N2 4
0.25 0.25 0.25 0.25 
N32 3
0.3415 0.3177 0.3408 
N33 2
0.5058 0.4942 
N3 2
0.4899 0.5101 
N38 2
0.4585 0.5415 
N39 3
0.3338 0.3331 0.3331 
N6 3
0.2472 0.5012 0.2516 
N36 2
0.5564 0.4436 
N37 3
0.4118 0.4118 0.1765 
N11 4
0.1699 0.1494 0.3404 0.3404 
N12 4
0.25 0.25 0.25 0.25 
N14 2
0.625 0.375 
N15 2
0.5 0.5 
N17 4
0.1724 0.4829 0.1724 0.1724 
N18 2
0.463 0.537 
N20 2
0.566 0.434 
N27 3
0.3446 0.3233 0.3321 
N26 3
0.3341 0.332 0.334 
N28 3
0.3331 0.3331 0.3338 
6 108.8875 2.1765
5 101.5531 1.4349
0 207.1473 0.0487
7 105.6306 1.4363
8 127.8535 0.9204
9 100.4251 1.5926
2 132.7602 1.0638
1 204.4889 1.2932
3 276.7154 1.3997
4 225.1859 0.4007
###===
25 0 4 172.9827 26 0 0
N36 1 5
N26 N28 N32 N33 N35 
0 0 0 0 0 
0.5306193 0.4693807 
N36 1 5
N26 N28 N32 N33 N35 
0 0 1 0 0 
0.43013647 0.56986356 
N36 1 5
N26 N28 N32 N33 N35 
0 0 2 0 0 
0.5306193 0.4693807 
N36 1 5
N26 N28 N32 N33 N35 
0 0 0 1 0 
0.5306194 0.46938065 
N36 1 5
N26 N28 N32 N33 N35 
0 0 1 1 0 
0.4301366 0.56986344 
N36 1 5
N26 N28 N32 N33 N35 
0 0 2 1 0 
0.5306194 0.46938065 
N36 1 5
N26 N28 N32 N33 N35 
0 0 0 0 1 
0.53061926 0.46938077 
N36 1 5
N26 N28 N32 N33 N35 
0 0 1 0 1 
0.43013644 0.56986356 
N36 1 5
N26 N28 N32 N33 N35 
0 0 2 0 1 
0.53061926 0.46938077 
N36 1 5
N26 N28 N32 N33 N35 
0 0 0 1 1 
0.5306193 0.46938068 
N36 1 5
N26 N28 N32 N33 N35 
0 0 1 1 1 
0.43013653 0.56986344 
N36 1 5
N26 N28 N32 N33 N35 
0 0 2 1 1 
0.5306193 0.46938068 
N36 1 5
N26 N28 N32 N33 N35 
0 2 2 1 1 
0.5013083 0.4986917 
N36 1 5
N26 N28 N32 N33 N35 
1 2 2 1 1 
0.50130826 0.49869174 
N36 1 5
N26 N28 N32 N33 N35 
2 2 2 1 1 
0.7484864 0.2515136 
N36 1 5
N26 N28 N32 N33 N35 
0 0 0 0 2 
0.53061926 0.46938077 
N36 1 5
N26 N28 N32 N33 N35 
0 0 1 0 2 
0.43013644 0.56986356 
N36 1 5
N26 N28 N32 N33 N35 
0 0 2 0 2 
0.53061926 0.46938077 
N36 1 5
N26 N28 N32 N33 N35 
0 0 0 1 2 
0.5306193 0.46938068 
N36 1 5
N26 N28 N32 N33 N35 
0 0 1 1 2 
0.43013653 0.56986344 
N36 1 5
N26 N28 N32 N33 N35 
0 0 2 1 2 
0.5306193 0.46938068 
N36 1 3
N26 N27 N37 
0 2 2 
0.58337617 0.4166238 
N36 1 3
N26 N27 N37 
1 2 2 
0.58337855 0.41662145 
N36 1 3
N26 N27 N37 
2 2 2 
0.73490757 0.26509246 
N36 1 3
N20 N27 N37 
0 2 1 
0.5552426 0.4447574 
N36 1 3
N20 N27 N37 
1 2 1 
0.5552426 0.44475743 
N35 3
0.1683 0.6642 0.1675 
N2 4
0.25 0.25 0.25 0.25 
N32 3
0.3416 0.3175 0.3408 
N33 2
0.5058 0.4942 
N3 2
0.4899 0.5101 
N38 2
0.4585 0.5415 
N39 3
0.3338 0.3331 0.3331 
N6 3
0.2472 0.5012 0.2516 
N36 2
0.562 0.438 
N37 3
0.4118 0.4118 0.1765 
N11 4
0.1699 0.1494 0.3404 0.3404 
N12 4
0.25 0.25 0.25 0.25 
N14 2
0.625 0.375 
N15 2
0.5 0.5 
N17 4
0.1724 0.4829 0.1724 0.1724 
N18 2
0.463 0.537 
N20 2
0.5649 0.4351 
N27 3
0.3446 0.3233 0.3321 
N26 3
0.3341 0.332 0.334 
N28 3
0.3331 0.3331 0.3339 
6 108.8874 2.1765
5 101.5687 1.4349
0 207.1638 0.0487
7 105.8111 1.4363
8 127.8535 0.9204
9 100.4254 1.5926
2 132.8385 1.0638
1 204.4888 1.2932
3 276.9139 1.3997
4 395.4048 190.1731
###===
26 0 3 0 0 0 0
N20 0 3
N27 N36 N37 
1 1 2 
0.2303 0.5445 
0.2318 0.7682 
N35 3
0.1683 0.6642 0.1675 
N2 4
0.25 0.25 0.25 0.25 
N32 3
0.3416 0.3175 0.3408 
N33 2
0.5058 0.4942 
N3 2
0.4899 0.5101 
N38 2
0.4585 0.5415 
N39 3
0.3338 0.3331 0.3331 
N6 3
0.2472 0.5012 0.2516 
N36 2
0.562 0.438 
N37 3
0.4118 0.4118 0.1765 
N11 4
0.1699 0.1494 0.3404 0.3404 
N12 4
0.25 0.25 0.25 0.25 
N14 2
0.625 0.375 
N15 2
0.5 0.5 
N17 4
0.1724 0.4829 0.1724 0.1724 
N18 2
0.463 0.537 
N20 2
0.5613 0.4387 
N27 3
0.3446 0.3233 0.3321 
N26 3
0.3341 0.332 0.334 
N28 3
0.3331 0.3331 0.3339 
6 108.8874 2.1765
5 101.5687 1.4349
0 207.1637 0.0487
7 105.8111 1.4363
8 127.8534 0.9204
9 100.7784 1.5926
2 132.8385 1.0638
1 204.4888 1.2932
3 276.8101 0.9597
4 395.4048 190.1731
###===
27 0 9 0 0 0 0
N27 1 3
N26 N36 N37 
0 0 0 
0.1667 0.6667 
0.1679 0.6642 0.1679 
N35 3
0.1683 0.6642 0.1675 
N2 4
0.25 0.25 0.25 0.25 
N32 3
0.3416 0.3175 0.3408 
N33 2
0.5058 0.4942 
N3 2
0.4899 0.5101 
N38 2
0.4585 0.5415 
N39 3
0.3338 0.3331 0.3331 
N6 3
0.2472 0.5012 0.2516 
N36 2
0.562 0.438 
N37 3
0.4118 0.4118 0.1765 
N11 4
0.1699 0.1494 0.3404 0.3404 
N12 4
0.25 0.25 0.25 0.25 
N14 2
0.625 0.375 
N15 2
0.5 0.5 
N17 4
0.1724 0.4829 0.1724 0.1724 
N18 2
0.463 0.537 
N20 2
0.5613 0.4387 
N27 3
0.3332 0.3461 0.3207 
N26 3
0.3341 0.332 0.334 
N28 3
0.3331 0.3331 0.3339 
6 108.8874 2.1765
5 101.5687 1.4349
0 207.1638 0.0487
7 105.8111 1.4363
8 127.8535 0.9204
9 103.0398 1.064
2 132.8385 1.0638
1 204.4889 1.2932
3 276.8102 0.9597
4 395.4049 190.1731
###===
28 0 7 24.2307 0 1 0
N39 1 4
N28 N32 N35 N36 
0 2 1 1 
0.279 0.442 
0.3601 0.2798 0.3601 
N35 3
0.1683 0.6642 0.1675 
N2 4
0.25 0.25 0.25 0.25 
N32 3
0.3416 0.3175 0.3408 
N33 2
0.5058 0.4942 
N3 2
0.4899 0.5101 
N38 2
0.4585 0.5415 
N39 3
0.3347 0.3315 0.3339 
N6 3
0.2472 0.5012 0.2516 
N36 2
0.562 0.438 
N37 3
0.4118 0.4118 0.1765 
N11 4
0.1699 0.1494 0.3404 0.3404 
N12 4
0.25 0.25 0.25 0.25 
N14 2
0.625 0.375 
N15 2
0.5 0.5 
N17 4
0.1724 0.4829 0.1724 0.1724 
N18 2
0.463 0.537 
N20 2
0.5613 0.4387 
N27 3
0.3332 0.3461 0.3207 
N26 3
0.3341 0.332 0.334 
N28 3
0.3331 0.3331 0.3339 
6 108.8875 2.1765
5 101.5688 1.4349
0 207.1639 0.0487
7 130.071 0.4102
8 127.8535 0.9204
9 103.0399 1.064
2 132.8386 1.0638
1 204.489 1.2932
3 276.8103 0.9597
4 395.4051 190.1731
N39
1
N35 3
0.1685 0.6631 0.1685 
N2 4
0.25 0.25 0.25 0.25 
N32 3
0.3584 0.2881 0.3535 
N33 2
0.5058 0.4942 
N3 2
0.4899 0.5101 
N38 2
0.4583 0.5417 
N6 3
0.2472 0.5012 0.2516 
N36 2
0.5644 0.4356 
N37 3
0.4117 0.4117 0.1765 
N11 4
0.1699 0.1494 0.3404 0.3404 
N12 4
0.25 0.25 0.25 0.25 
N14 2
0.625 0.375 
N15 2
0.5 0.5 
N17 4
0.1724 0.4829 0.1724 0.1724 
N18 2
0.463 0.537 
N20 2
0.5613 0.4387 
N27 3
0.333 0.3463 0.3207 
N26 3
0.3338 0.3316 0.3346 
N28 3
0.3301 0.335 0.335 
6 108.8805 2.1765
5 101.5776 1.4349
0 210.2127 0.0487
7 129.5254 0.4102
8 127.8535 0.9204
9 103.0551 1.064
2 132.6148 1.0638
1 204.4889 1.2932
3 276.8026 0.9597
4 395.4069 190.1731
###===
29 1 3 0 0 0 0
N31 
2 
N26 1 5
N28 N32 N33 N35 N36 
1 0 1 0 0 
0.1423 0.716 
0.4283 0.1452 0.4265 
N35 3
0.1685 0.6631 0.1685 
N2 4
0.25 0.25 0.25 0.25 
N32 3
0.3584 0.2881 0.3535 
N33 2
0.5058 0.4942 
N3 2
0.4899 0.5101 
N38 2
0.4583 0.5417 
N6 3
0.2472 0.5012 0.2516 
N36 2
0.5644 0.4356 
N37 3
0.4117 0.4117 0.1765 
N11 4
0.1699 0.1494 0.3404 0.3404 
N12 4
0.25 0.25 0.25 0.25 
N14 2
0.625 0.375 
N15 2
0.5 0.5 
N17 4
0.1724 0.4829 0.1724 0.1724 
N18 2
0.463 0.537 
N20 2
0.5613 0.4387 
N27 3
0.333 0.3464 0.3206 
N26 3
0.3342 0.3307 0.335 
N28 3
0.3301 0.335 0.335 
N31 2
0.5 0.5 
6 108.8805 2.1765
5 101.5779 1.4354
0 210.2122 0.0486
7 129.5244 0.4095
8 127.8533 0.9204
9 103.0609 1.064
2 132.6146 1.0638
1 204.4885 1.2932
3 276.865 0.9595
4 395.4058 190.1732
###===
30 0 1 0 0 0 0
N14 1 2
N2 N6 
1 1 
0.3607 0.6631 
0.3384 0.6616 
N35 3
0.1685 0.6631 0.1685 
N2 4
0.25 0.25 0.25 0.25 
N32 3
0.3584 0.2881 0.3535 
N33 2
0.5058 0.4942 
N3 2
0.4899 0.5101 
N38 2
0.4583 0.5417 
N6 3
0.2472 0.5012 0.2516 
N36 2
0.5644 0.4356 
N37 3
0.4117 0.4117 0.1765 
N11 4
0.1701 0.1482 0.3408 0.3408 
N12 4
0.25 0.25 0.25 0.25 
N14 2
0.5882 0.4118 
N15 2
0.5 0.5 
N17 4
0.1769 0.4692 0.1769 0.1769 
N18 2
0.4721 0.5279 
N20 2
0.5613 0.4387 
N27 3
0.333 0.3464 0.3206 
N26 3
0.3342 0.3307 0.335 
N28 3
0.3301 0.335 0.335 
N31 2
0.5 0.5 
6 108.8805 2.1765
5 101.5779 1.4354
0 209.9594 0.0486
7 129.5244 0.4095
8 126.2127 0.9204
9 103.0609 1.064
2 132.6145 1.0638
1 205.3189 0.6432
3 276.6823 0.9595
4 395.3827 190.1732
###===
31 0 9 0 0 0 0
N31 1 5
N26 N32 N33 N35 N36 
2 0 1 2 0 
0.25 0.75 
0.2525 0.7475 
N35 3
0.1685 0.6631 0.1685 
N2 4
0.25 0.25 0.25 0.25 
N32 3
0.3584 0.2881 0.3535 
N33 2
0.5058 0.4942 
N3 2
0.4899 0.5101 
N38 2
0.4583 0.5417 
N6 3
0.2472 0.5012 0.2516 
N36 2
0.5644 0.4356 
N37 3
0.4117 0.4117 0.1765 
N11 4
0.1701 0.1482 0.3408 0.3408 
N12 4
0.25 0.25 0.25 0.25 
N14 2
0.5882 0.4118 
N15 2
0.5 0.5 
N17 4
0.1769 0.4692 0.1769 0.1769 
N18 2
0.4721 0.5279 
N20 2
0.5613 0.4387 
N27 3
0.333 0.3464 0.3206 
N26 3
0.3342 0.3307 0.335 
N28 3
0.3301 0.335 0.335 
N31 2
0.4987 0.5013 
6 108.8806 2.1765
5 101.578 1.4354
0 209.9596 0.0486
7 129.5246 0.4095
8 126.2129 0.9204
9 103.1595 1.0641
2 132.6147 1.0638
1 205.3192 0.6432
3 276.6826 0.9595
4 395.3833 190.1732
###===
32 0 1 78.4865 0 0 0
N20 1 3
N27 N36 N37 
1 0 1 
0.1459 0.5681 
0.852 0.148 
N35 3
0.1685 0.6631 0.1685 
N2 4
0.25 0.25 0.25 0.25 
N32 3
0.3584 0.2881 0.3535 
N33 2
0.5058 0.4942 
N3 2
0.4899 0.5101 
N38 2
0.4583 0.5417 
N6 3
0.2472 0.5012 0.2516 
N36 2
0.5644 0.4356 
N37 3
0.4117 0.4117 0.1765 
N11 4
0.1701 0.1482 0.3408 0.3408 
N12 4
0.25 0.25 0.25 0.25 
N14 2
0.5882 0.4118 
N15 2
0.5 0.5 
N17 4
0.1769 0.4692 0.1769 0.1769 
N18 2
0.4721 0.5279 
N20 2
0.5693 0.4307 
N27 3
0.333 0.3464 0.3206 
N26 3
0.3342 0.3307 0.335 
N28 3
0.3301 0.335 0.335 
N31 2
0.4987 0.5013 
6 108.8806 2.1765
5 101.5781 1.4354
0 209.9597 0.0486
7 129.5247 0.4095
8 126.2129 0.9204
9 103.1595 1.0641
2 132.6148 1.0638
1 284.1638 2.0611
3 276.6828 0.9595
4 396.6357 190.1732
###===
33 0 0 0 0 0 0
N12 3 1
N14 
0 
0.2383 0.2851 
0.2384 0.2384 0.2384 0.2848 
N35 3
0.1685 0.6631 0.1685 
N2 4
0.25 0.25 0.25 0.25 
N32 3
0.3584 0.2881 0.3535 
N33 2
0.5058 0.4942 
N3 2
0.4899 0.5101 
N38 2
0.4583 0.5417 
N6 3
0.2472 0.5012 0.2516 
N36 2
0.5644 0.4356 
N37 3
0.4117 0.4117 0.1765 
N11 4
0.1701 0.1482 0.3408 0.3408 
N12 4
0.2432 0.2432 0.2432 0.2705 
N14 2
0.5882 0.4118 
N15 2
0.5 0.5 
N17 4
0.1769 0.4692 0.1769 0.1769 
N18 2
0.4721 0.5279 
N20 2
0.5693 0.4307 
N27 3
0.333 0.3464 0.3206 
N26 3
0.3342 0.3307 0.335 
N28 3
0.3301 0.335 0.335 
N31 2
0.4987 0.5013 
6 108.8806 2.1765
5 101.578 1.4354
0 210.2259 0.0486
7 129.5246 0.4095
8 126.2129 0.9204
9 103.1595 1.0641
2 132.6147 1.0638
1 284.1638 2.0611
3 276.6827 0.9595
4 396.6357 190.1732
###===
34 0 5 0 0 0 0
N20 1 3
N27 N36 N37 
2 1 1 
0.2635 0.7635 
0.734 0.266 
N35 3
0.1685 0.6631 0.1685 
N2 4
0.25 0.25 0.25 0.25 
N32 3
0.3584 0.2881 0.3535 
N33 2
0.5058 0.4942 
N3 2
0.4899 0.5101 
N38 2
0.4583 0.5417 
N6 3
0.2472 0.5012 0.2516 
N36 2
0.5644 0.4356 
N37 3
0.4117 0.4117 0.1765 
N11 4
0.1701 0.1482 0.3408 0.3408 
N12 4
0.2432 0.2432 0.2432 0.2705 
N14 2
0.5882 0.4118 
N15 2
0.5 0.5 
N17 4
0.1769 0.4692 0.1769 0.1769 
N18 2
0.4721 0.5279 
N20 2
0.5852 0.4148 
N27 3
0.333 0.3464 0.3206 
N26 3
0.3342 0.3307 0.335 
N28 3
0.3301 0.335 0.335 
N31 2
0.4987 0.5013 
6 108.8806 2.1765
5 102.8102 1.359
0 210.2259 0.0486
7 129.5246 0.4095
8 126.2129 0.9204
9 103.1595 1.0641
2 132.6148 1.0638
1 284.1638 2.0611
3 276.6827 0.9595
4 396.3885 190.1732
###===
35 0 4 0 0 0 0
N35 0 3
N26 N31 N36 
1 1 1 
0.0406 0.7797 
0.776 0.1779 0.0461 
N35 3
0.2177 0.624 0.1584 
N2 4
0.25 0.25 0.25 0.25 
N32 3
0.3581 0.2878 0.3541 
N33 2
0.5057 0.4943 
N3 2
0.4899 0.5101 
N38 2
0.4461 0.5539 
N6 3
0.2472 0.5012 0.2516 
N36 2
0.5644 0.4356 
N37 3
0.4117 0.4117 0.1765 
N11 4
0.1701 0.1482 0.3408 0.3408 
N12 4
0.2432 0.2432 0.2432 0.2705 
N14 2
0.5882 0.4118 
N15 2
0.5 0.5 
N17 4
0.1769 0.4692 0.1769 0.1769 
N18 2
0.4721 0.5279 
N20 2
0.5852 0.4148 
N27 3
0.333 0.3464 0.3206 
N26 3
0.3342 0.3307 0.335 
N28 3
0.3305 0.3347 0.3349 
N31 2
0.4987 0.5013 
6 108.8806 2.1765
5 102.8102 1.359
0 210.2258 0.0486
7 130.5278 0.4095
8 126.2129 0.9204
9 103.1595 1.0641
2 124.8622 1.0638
1 284.1637 2.0611
3 276.6826 0.9595
4 406.7624 2.4008
###===
36 0 9 0 0 0 0
N33 0 3
N26 N35 N36 
1 1 0 
0.2514 0.7514 
0.2539 0.7461 
N35 3
0.2177 0.624 0.1584 
N2 4
0.25 0.25 0.25 0.25 
N32 3
0.3582 0.2879 0.3539 
N33 2
0.4778 0.5222 
N3 2
0.4899 0.5101 
N38 2
0.4461 0.5539 
N6 3
0.2472 0.5012 0.2516 
N36 2
0.5644 0.4356 
N37 3
0.4117 0.4117 0.1765 
N11 4
0.1701 0.1482 0.3408 0.3408 
N12 4
0.2432 0.2432 0.2432 0.2705 
N14 2
0.5882 0.4118 
N15 2
0.5 0.5 
N17 4
0.1769 0.4692 0.1769 0.1769 
N18 2
0.4721 0.5279 
N20 2
0.5852 0.4148 
N27 3
0.333 0.3464 0.3206 
N26 3
0.3342 0.3307 0.335 
N28 3
0.3306 0.3348 0.3347 
N31 2
0.4987 0.5013 
6 108.8807 2.1765
5 102.8102 1.359
0 210.2287 0.0486
7 130.5279 0.4095
8 126.2129 0.9204
9 105.2535 1.0642
2 124.8623 1.0638
1 284.1639 2.0611
3 276.6828 0.9595
4 406.7183 2.4008
###===
37 0 0 0 0 0 0
N32 0 5
N26 N28 N33 N35 N36 
2 1 0 1 1 
0.0842 0.8317 
0.0879 0.456 0.4561 
N35 3
0.2177 0.624 0.1584 
N2 4
0.25 0.25 0.25 0.25 
N32 3
0.3559 0.289 0.3551 
N33 2
0.4778 0.5222 
N3 2
0.4899 0.5101 
N38 2
0.4461 0.5539 
N6 3
0.2472 0.5012 0.2516 
N36 2
0.5644 0.4356 
N37 3
0.4117 0.4117 0.1765 
N11 4
0.1701 0.1482 0.3408 0.3408 
N12 4
0.2432 0.2432 0.2432 0.2705 
N14 2
0.5882 0.4118 
N15 2
0.5 0.5 
N17 4
0.1769 0.4692 0.1769 0.1769 
N18 2
0.4721 0.5279 
N20 2
0.5852 0.4148 
N27 3
0.333 0.3464 0.3206 
N26 3
0.3342 0.3307 0.335 
N28 3
0.3306 0.3348 0.3347 
N31 2
0.4987 0.5013 
6 108.8806 2.1765
5 102.8102 1.359
0 210.4525 0.0485
7 130.5278 0.4095
8 126.2129 0.9204
9 105.2534 1.0642
2 124.8622 1.0638
1 284.1638 2.0611
3 276.6827 0.9595
4 406.7181 2.4008
###===
38 0 2 19.7458 0 0 0
N14 1 2
N11 N18 
2 1 
0.2584 0.3927 
0.608 0.392 
N35 3
0.2177 0.624 0.1584 
N2 4
0.2494 0.2518 0.2494 0.2494 
N32 3
0.3559 0.289 0.3551 
N33 2
0.4778 0.5222 
N3 2
0.4899 0.5101 
N38 2
0.4461 0.5539 
N6 3
0.2466 0.5023 0.2511 
N36 2
0.5644 0.4356 
N37 3
0.4117 0.4117 0.1765 
N11 4
0.1701 0.1482 0.3408 0.3408 
N12 4
0.2434 0.2434 0.2434 0.2699 
N14 2
0.5725 0.4275 
N15 2
0.5 0.5 
N17 4
0.1789 0.4633 0.1789 0.1789 
N18 2
0.4721 0.5279 
N20 2
0.5852 0.4148 
N27 3
0.333 0.3464 0.3206 
N26 3
0.3342 0.3307 0.335 
N28 3
0.3306 0.3348 0.3347 
N31 2
0.4987 0.5013 
6 108.8806 2.1765
5 102.8102 1.359
0 210.4375 0.0485
7 130.5278 0.4095
8 125.5157 0.9204
9 105.2534 1.0642
2 145.0872 0.1689
1 282.256 2.0611
3 276.7946 0.9595
4 406.7182 2.4008
###===
39 0 0 0 0 0 0
N35 2 5
N26 N31 N32 N33 N36 
2 1 2 0 1 
0.0611 0.8085 
0.2982 0.637 0.0648 
N35 3
0.2182 0.6251 0.1567 
N2 4
0.2494 0.2518 0.2494 0.2494 
N32 3
0.3559 0.289 0.3551 
N33 2
0.4778 0.5222 
N3 2
0.4899 0.5101 
N38 2
0.446 0.554 
N6 3
0.2466 0.5023 0.2511 
N36 2
0.5644 0.4356 
N37 3
0.4117 0.4117 0.1765 
N11 4
0.1701 0.1482 0.3408 0.3408 
N12 4
0.2434 0.2434 0.2434 0.2699 
N14 2
0.5725 0.4275 
N15 2
0.5 0.5 
N17 4
0.1789 0.4633 0.1789 0.1789 
N18 2
0.4721 0.5279 
N20 2
0.5852 0.4148 
N27 3
0.333 0.3464 0.3206 
N26 3
0.3342 0.3307 0.335 
N28 3
0.3305 0.3349 0.3346 
N31 2
0.4987 0.5013 
6 108.8807 2.1765
5 102.8102 1.359
0 210.612 0.0485
7 130.417 0.4095
8 125.5157 0.9204
9 105.2535 1.0642
2 145.315 0.1689
1 282.256 2.0611
3 276.7947 0.9595
4 406.7182 2.4008
###===
40 0 7 0 0 0 0
N33 1 3
N28 N32 N35 
1 0 2 
0.2113 0.7887 
0.2142 0.7858 
N35 3
0.2182 0.6251 0.1567 
N2 4
0.2494 0.2518 0.2494 0.2494 
N32 3
0.3559 0.289 0.3551 
N33 2
0.4728 0.5272 
N3 2
0.4899 0.5101 
N38 2
0.446 0.554 
N6 3
0.2466 0.5023 0.2511 
N36 2
0.5644 0.4356 
N37 3
0.4117 0.4117 0.1765 
N11 4
0.1701 0.1482 0.3408 0.3408 
N12 4
0.2434 0.2434 0.2434 0.2699 
N14 2
0.5725 0.4275 
N15 2
0.5 0.5 
N17 4
0.1789 0.4633 0.1789 0.1789 
N18 2
0.4721 0.5279 
N20 2
0.5852 0.4148 
N27 3
0.333 0.3464 0.3206 
N26 3
0.3342 0.3307 0.335 
N28 3
0.3305 0.3349 0.3346 
N31 2
0.4985 0.5015 
6 108.8806 2.1765
5 102.8101 1.359
0 210.6118 0.0485
7 130.8576 0.4093
8 125.5156 0.9204
9 105.27 1.0642
2 145.3149 0.1689
1 282.2558 2.0611
3 276.7944 0.9595
4 406.7178 2.4008
###===
41 0 7 59.7234 0 0 0
N3 1 2
N14 N2 
1 2 
0.3362 0.6771 
0.6621 0.3379 
N35 3
0.2182 0.6251 0.1567 
N2 4
0.2494 0.2518 0.2494 0.2494 
N32 3
0.3559 0.289 0.3551 
N33 2
0.4728 0.5272 
N3 2
0.5067 0.4933 
N38 2
0.446 0.554 
N6 3
0.2466 0.5023 0.2511 
N36 2
0.5644 0.4356 
N37 3
0.4117 0.4117 0.1765 
N11 4
0.1701 0.1482 0.3408 0.3408 
N12 4
0.2434 0.2434 0.2434 0.2699 
N14 2
0.5725 0.4275 
N15 2
0.5 0.5 
N17 4
0.1789 0.4633 0.1789 0.1789 
N18 2
0.4721 0.5279 
N20 2
0.5852 0.4148 
N27 3
0.333 0.3464 0.3206 
N26 3
0.3342 0.3307 0.335 
N28 3
0.3305 0.3349 0.3346 
N31 2
0.4985 0.5015 
6 108.8806 2.1765
5 102.8101 1.359
0 210.6118 0.0485
7 191.4271 0.7143
8 125.5156 0.9204
9 105.27 1.0642
2 145.3149 0.1689
1 282.1581 2.0611
3 276.7945 0.9595
4 406.7179 2.4008
###===
42 0 0 0 0 0 0
N26 1 5
N28 N32 N33 N35 N36 
0 1 0 0 1 
0.1441 0.8916 
0.0585 0.8879 0.0536 
N35 3
0.2182 0.6251 0.1567 
N2 4
0.2494 0.2518 0.2494 0.2494 
N32 3
0.3559 0.289 0.3551 
N33 2
0.4728 0.5272 
N3 2
0.5067 0.4933 
N38 2
0.446 0.554 
N6 3
0.2466 0.5023 0.2511 
N36 2
0.5644 0.4356 
N37 3
0.4117 0.4117 0.1765 
N11 4
0.1701 0.1482 0.3408 0.3408 
N12 4
0.2434 0.2434 0.2434 0.2699 
N14 2
0.5725 0.4275 
N15 2
0.5 0.5 
N17 4
0.1789 0.4633 0.1789 0.1789 
N18 2
0.4721 0.5279 
N20 2
0.5852 0.4148 
N27 3
0.333 0.3464 0.3206 
N26 3
0.333 0.3331 0.3339 
N28 3
0.3305 0.3349 0.3346 
N31 2
0.4977 0.5023 
6 108.8804 2.1765
5 102.8103 1.359
0 210.8736 0.0488
7 191.4274 0.7143
8 125.5158 0.9204
9 105.2702 1.0642
2 145.3152 0.1689
1 282.1586 2.0611
3 276.7948 0.9595
4 407.1292 2.4008
###===
43 0 2 0 0 0 0
N3 0 1
N14 
1 
0.458 0.5924 
0.5917 0.4083 
N35 3
0.2182 0.6251 0.1567 
N2 4
0.2484 0.2504 0.2527 0.2484 
N32 3
0.3559 0.289 0.3551 
N33 2
0.4728 0.5272 
N3 2
0.5334 0.4666 
N38 2
0.446 0.554 
N6 3
0.2467 0.5021 0.2512 
N36 2
0.5644 0.4356 
N37 3
0.4117 0.4117 0.1765 
N11 4
0.1701 0.1482 0.3408 0.3408 
N12 4
0.2434 0.2434 0.2434 0.2699 
N14 2
0.5725 0.4275 
N15 2
0.5 0.5 
N17 4
0.1789 0.4633 0.1789 0.1789 
N18 2
0.4721 0.5279 
N20 2
0.5852 0.4148 
N27 3
0.333 0.3464 0.3206 
N26 3
0.333 0.3331 0.3339 
N28 3
0.3305 0.3349 0.3346 
N31 2
0.4977 0.5023 
6 108.8804 2.1765
5 102.8103 1.359
0 210.8757 0.0488
7 192.0184 0.7143
8 125.5157 0.9204
9 105.2702 1.0642
2 145.8038 0.1689
1 281.9305 2.0611
3 276.778 0.9595
4 407.1292 2.4008
###===
44 0 4 0 0 0 0
N37 0 3
N26 N27 N36 
0 2 0 
0.0341 0.8932 
0.0384 0.645 0.3166 
N35 3
0.2182 0.6251 0.1567 
N2 4
0.2484 0.2504 0.2527 0.2484 
N32 3
0.3559 0.289 0.3551 
N33 2
0.4728 0.5272 
N3 2
0.5334 0.4666 
N38 2
0.446 0.554 
N6 3
0.2467 0.5021 0.2512 
N36 2
0.5644 0.4356 
N37 3
0.4019 0.4184 0.1798 
N11 4
0.1701 0.1482 0.3408 0.3408 
N12 4
0.2434 0.2434 0.2434 0.2699 
N14 2
0.5725 0.4275 
N15 2
0.5 0.5 
N17 4
0.1789 0.4633 0.1789 0.1789 
N18 2
0.4721 0.5279 
N20 2
0.585 0.415 
N27 3
0.333 0.3464 0.3206 
N26 3
0.333 0.3331 0.3339 
N28 3
0.3305 0.3349 0.3346 
N31 2
0.4977 0.5023 
6 108.4591 2.1765
5 102.8102 1.359
0 210.8755 0.0488
7 192.0182 0.7143
8 125.5157 0.9204
9 106.2466 1.0642
2 145.8036 0.1689
1 281.9302 2.0611
3 276.7777 0.9595
4 408.3472 2.4007
###===
45 0 2 0 0 0 0
N14 0 1
N11 
1 
0.5534 0.6398 
0.5538 0.4462 
N35 3
0.2182 0.6251 0.1567 
N2 4
0.2479 0.2519 0.2523 0.2479 
N32 3
0.3559 0.289 0.3551 
N33 2
0.4728 0.5272 
N3 2
0.5347 0.4653 
N38 2
0.446 0.554 
N6 3
0.2462 0.503 0.2508 
N36 2
0.5644 0.4356 
N37 3
0.4019 0.4184 0.1798 
N11 4
0.1701 0.1482 0.3408 0.3408 
N12 4
0.2435 0.2435 0.2435 0.2695 
N14 2
0.5599 0.4401 
N15 2
0.5 0.5 
N17 4
0.1805 0.4586 0.1805 0.1805 
N18 2
0.4747 0.5253 
N20 2
0.585 0.415 
N27 3
0.333 0.3464 0.3206 
N26 3
0.333 0.3331 0.3339 
N28 3
0.3305 0.3349 0.3346 
N31 2
0.4977 0.5023 
6 108.4591 2.1765
5 102.8102 1.359
0 210.8634 0.0488
7 192.0608 0.7143
8 124.9514 0.9204
9 106.2465 1.0642
2 146.147 0.1101
1 280.9506 2.0611
3 276.4713 0.9595
4 408.3472 2.4007
###===
46 0 4 0 0 0 0
N35 1 5
N26 N28 N32 N33 N36 
1 0 2 1 1 
0.3369 0.4557 
0.4434 0.4551 0.1015 
N35 3
0.2177 0.6257 0.1566 
N2 4
0.2479 0.2519 0.2523 0.2479 
N32 3
0.3559 0.289 0.3551 
N33 2
0.4728 0.5272 
N3 2
0.5347 0.4653 
N38 2
0.4461 0.5539 
N6 3
0.2462 0.503 0.2508 
N36 2
0.5644 0.4356 
N37 3
0.4019 0.4184 0.1798 
N11 4
0.1701 0.1482 0.3408 0.3408 
N12 4
0.2435 0.2435 0.2435 0.2695 
N14 2
0.5599 0.4401 
N15 2
0.5 0.5 
N17 4
0.1805 0.4586 0.1805 0.1805 
N18 2
0.4747 0.5253 
N20 2
0.585 0.415 
N27 3
0.333 0.3464 0.3206 
N26 3
0.333 0.3331 0.3339 
N28 3
0.3305 0.3349 0.3346 
N31 2
0.498 0.502 
6 108.4589 2.1765
5 102.8101 1.359
0 210.8632 0.0488
7 192.0356 0.7143
8 124.9512 0.9204
9 106.2464 1.0642
2 146.2699 0.1101
1 280.9503 2.0611
3 276.471 0.9595
4 408.2494 0.1744
###===
47 0 4 0 0 0 0
N38 1 1
N35 
0 
0.5781 0.6893 
0.3113 0.6887 
N35 3
0.2177 0.6257 0.1566 
N2 4
0.2479 0.2519 0.2523 0.2479 
N32 3
0.3559 0.2892 0.355 
N33 2
0.4728 0.5272 
N3 2
0.5347 0.4653 
N38 2
0.4378 0.5622 
N6 3
0.2462 0.503 0.2508 
N36 2
0.5622 0.4378 
N37 3
0.4019 0.4184 0.1797 
N11 4
0.1701 0.1482 0.3408 0.3408 
N12 4
0.2435 0.2435 0.2435 0.2695 
N14 2
0.5599 0.4401 
N15 2
0.5 0.5 
N17 4
0.1805 0.4586 0.1805 0.1805 
N18 2
0.4747 0.5253 
N20 2
0.585 0.415 
N27 3
0.3331 0.3462 0.3207 
N26 3
0.3327 0.3337 0.3336 
N28 3
0.3305 0.3349 0.3346 
N31 2
0.4976 0.5024 
6 108.4672 2.1765
5 102.8163 1.359
0 210.8509 0.0488
7 192.7343 0.7143
8 124.9514 0.9204
9 106.2272 1.0642
2 146.2701 0.1101
1 280.9492 2.0611
3 276.4766 0.9595
4 408.5709 0.1746
###===
48 0 8 114.982 0 0 0
N14 0 1
N17 
0 
0.1748 0.8626 
0.8592 0.1408 
N35 3
0.2177 0.6257 0.1566 
N2 4
0.2513 0.2425 0.2548 0.2513 
N32 3
0.3559 0.2892 0.355 
N33 2
0.4728 0.5272 
N3 2
0.5261 0.4739 
N38 2
0.4378 0.5622 
N6 3
0.2496 0.4971 0.2533 
N36 2
0.5622 0.4378 
N37 3
0.4019 0.4184 0.1797 
N11 4
0.1713 0.1479 0.3377 0.3431 
N12 4
0.2425 0.2425 0.2425 0.2724 
N14 2
0.6445 0.3555 
N15 2
0.5 0.5 
N17 4
0.1805 0.4586 0.1805 0.1805 
N18 2
0.4574 0.5426 
N20 2
0.585 0.415 
N27 3
0.3331 0.3462 0.3207 
N26 3
0.3327 0.3337 0.3336 
N28 3
0.3305 0.3349 0.3346 
N31 2
0.4976 0.5024 
6 108.4672 2.1765
5 102.8163 1.359
0 210.9319 0.0488
7 192.4499 0.7143
8 243.8284 3.5359
9 106.2273 1.0642
2 144.7136 0.1101
1 285.0685 2.0611
3 276.264 0.9595
4 408.4573 0.1746
###===
49 0 5 141.7231 0 0 0
N12 2 1
N18 
0 
0.0904 0.7195 
0.2921 0.2921 0.0935 0.3223 
N35 3
0.2177 0.6257 0.1566 
N2 4
0.2514 0.2424 0.2549 0.2514 
N32 3
0.3559 0.2892 0.355 
N33 2
0.4728 0.5272 
N3 2
0.526 0.474 
N38 2
0.4378 0.5622 
N6 3
0.2496 0.497 0.2533 
N36 2
0.5622 0.4378 
N37 3
0.4019 0.4184 0.1797 
N11 4
0.1713 0.1479 0.3377 0.3431 
N12 4
0.2647 0.2647 0.1738 0.2969 
N14 2
0.6456 0.3544 
N15 2
0.5 0.5 
N17 4
0.1806 0.4589 0.1802 0.1802 
N18 2
0.4574 0.5426 
N20 2
0.585 0.415 
N27 3
0.3331 0.3462 0.3207 
N26 3
0.3327 0.3337 0.3336 
N28 3
0.3305 0.3349 0.3346 
N31 2
0.4976 0.5024 
6 108.4672 2.1765
5 249.4656 4.8702
0 211.2853 0.0488
7 192.4463 0.7143
8 243.9016 3.5359
9 106.2272 1.0642
2 144.7076 0.1101
1 285.0475 2.0611
3 276.2592 0.9595
4 408.4567 0.1746
###===
50 0 8 0 0 0 0
N33 0 3
N32 N35 N36 
0 0 0 
0.4952 0.5194 
0.4953 0.5047 
N35 3
0.2177 0.6257 0.1566 
N2 4
0.2514 0.2424 0.2549 0.2514 
N32 3
0.3559 0.2892 0.355 
N33 2
0.4724 0.5276 
N3 2
0.526 0.474 
N38 2
0.4378 0.5622 
N6 3
0.2496 0.497 0.2533 
N36 2
0.5622 0.4378 
N37 3
0.4019 0.4184 0.1797 
N11 4
0.1713 0.1479 0.3377 0.3431 
N12 4
0.2647 0.2647 0.1738 0.2969 
N14 2
0.6456 0.3544 
N15 2
0.5 0.5 
N17 4
0.1806 0.4589 0.1802 0.1802 
N18 2
0.4574 0.5426 
N20 2
0.585 0.415 
N27 3
0.3331 0.3462 0.3207 
N26 3
0.3327 0.3337 0.3336 
N28 3
0.3305 0.3349 0.3346 
N31 2
0.4976 0.5024 
6 108.4672 2.1765
5 249.4655 4.8702
0 211.2849 0.0488
7 192.4462 0.7143
8 243.9028 0.0231
9 106.2273 1.0642
2 144.7075 0.1101
1 285.0474 2.0611
3 276.2607 0.9595
4 408.4549 0.1746
###===
51 0 6 103.6429 0 1 0
N38 1 1
N36 
0 
0.2612 0.781 
0.2216 0.7784 
N35 3
0.2176 0.6094 0.173 
N2 4
0.2514 0.2424 0.2549 0.2514 
N32 3
0.3559 0.2892 0.355 
N33 2
0.473 0.527 
N3 2
0.526 0.474 
N38 2
0.306 0.694 
N6 3
0.2496 0.497 0.2533 
N36 2
0.5622 0.4378 
N37 3
0.4019 0.4184 0.1797 
N11 4
0.1713 0.1479 0.3377 0.3431 
N12 4
0.2647 0.2647 0.1738 0.2969 
N14 2
0.6456 0.3544 
N15 2
0.5 0.5 
N17 4
0.1806 0.4589 0.1802 0.1802 
N18 2
0.4574 0.5426 
N20 2
0.585 0.415 
N27 3
0.3331 0.3463 0.3206 
N26 3
0.3334 0.3345 0.3321 
N28 3
0.3305 0.3349 0.3347 
N31 2
0.4973 0.5027 
6 221.7588 1.7104
5 252.1542 4.8702
0 211.2849 0.0488
7 192.0862 0.7143
8 243.9029 0.0231
9 106.1767 1.0642
2 141.4613 0.1101
1 285.0475 2.0611
3 276.2607 0.9595
4 408.9506 0.1746
N38
1
N35 3
0.2441 0.573 0.1829 
N2 4
0.2514 0.2424 0.2549 0.2514 
N32 3
0.3589 0.2828 0.3582 
N33 2
0.4707 0.5293 
N3 2
0.526 0.474 
N6 3
0.2496 0.497 0.2533 
N36 2
0.6306 0.3694 
N37 3
0.3999 0.4184 0.1817 
N11 4
0.1713 0.1479 0.3377 0.3431 
N12 4
0.2647 0.2647 0.1738 0.2969 
N14 2
0.6456 0.3544 
N15 2
0.5 0.5 
N17 4
0.1806 0.4589 0.1802 0.1802 
N18 2
0.4574 0.5426 
N20 2
0.5847 0.4153 
N27 3
0.3288 0.3514 0.3198 
N26 3
0.3203 0.3415 0.3382 
N28 3
0.3312 0.3345 0.3343 
N31 2
0.4866 0.5134 
6 244.4497 105.8195
5 255.3304 4.8702
0 211.8158 0.0488
7 200.1189 0.7143
8 243.903 0.0231
9 106.9479 1.0642
2 134.2431 0.1101
1 285.0908 2.0611
3 276.051 0.9595
4 413.4088 0.1746
###===
52 0 7 0 0 0 0
N14 0 2
N2 N6 
3 2 
0.4497 0.7905 
0.7888 0.2112 
N35 3
0.2441 0.573 0.1829 
N2 4
0.2514 0.2424 0.2549 0.2514 
N32 3
0.3589 0.2828 0.3582 
N33 2
0.4707 0.5293 
N3 2
0.5256 0.4744 
N6 3
0.2496 0.497 0.2533 
N36 2
0.6306 0.3694 
N37 3
0.3999 0.4184 0.1817 
N11 4
0.1714 0.1478 0.3375 0.3433 
N12 4
0.2645 0.2645 0.174 0.297 
N14 2
0.6522 0.3478 
N15 2
0.5 0.5 
N17 4
0.1818 0.4604 0.1789 0.1789 
N18 2
0.4561 0.5439 
N20 2
0.5847 0.4153 
N27 3
0.3288 0.3514 0.3198 
N26 3
0.3203 0.3415 0.3382 
N28 3
0.3312 0.3345 0.3343 
N31 2
0.4866 0.5134 
6 244.4497 105.8195
5 255.3189 4.8702
0 211.8225 0.0488
7 200.3731 0.7143
8 244.3568 0.0231
9 106.9479 1.0642
2 134.13 0.1101
1 285.5698 2.0611
3 276.0813 0.9595
4 413.3998 0.1746
###===
53 0 7 38.3536 0 0 0
N26 0 3
N31 N33 N36 
1 0 1 
0.2469 0.4867 
0.4855 0.3453 0.1692 
N35 3
0.2369 0.579 0.1841 
N2 4
0.2514 0.2424 0.2549 0.2514 
N32 3
0.3594 0.2823 0.3583 
N33 2
0.4707 0.5293 
N3 2
0.5256 0.4744 
N6 3
0.2496 0.497 0.2533 
N36 2
0.6306 0.3694 
N37 3
0.3999 0.4184 0.1817 
N11 4
0.1714 0.1478 0.3375 0.3433 
N12 4
0.2645 0.2645 0.174 0.297 
N14 2
0.6522 0.3478 
N15 2
0.5 0.5 
N17 4
0.1818 0.4604 0.1789 0.1789 
N18 2
0.4561 0.5439 
N20 2
0.5847 0.4153 
N27 3
0.3288 0.3514 0.3198 
N26 3
0.336 0.331 0.333 
N28 3
0.331 0.3346 0.3344 
N31 2
0.4866 0.5134 
6 244.448 105.8195
5 255.3188 4.8702
0 211.6591 0.0488
7 239.2983 0.3714
8 244.3568 0.0231
9 106.9479 1.0642
2 135.3161 0.1101
1 285.5698 2.0611
3 276.0806 0.9595
4 411.7429 0.1746
###===
54 1 3 192.1706 3 0 0
N5 
4 
N28 0 5
N26 N32 N33 N35 N36 
0 0 1 0 0 
0.37925586 0.3103722 0.31037197 
N28 0 5
N26 N32 N33 N35 N36 
1 0 1 0 0 
0.40717888 0.2964107 0.2964104 
N28 0 5
N26 N32 N33 N35 N36 
2 0 1 0 0 
0.40717885 0.29641062 0.29641053 
N35 3
0.2369 0.579 0.1841 
N2 4
0.2514 0.2424 0.2549 0.2514 
N32 3
0.3594 0.2823 0.3583 
N33 2
0.4707 0.5293 
N3 2
0.5256 0.4744 
N5 4
0.25 0.25 0.25 0.25 
N6 3
0.2496 0.497 0.2533 
N36 2
0.6306 0.3694 
N37 3
0.3999 0.4184 0.1817 
N11 4
0.1714 0.1478 0.3375 0.3433 
N12 4
0.2645 0.2645 0.174 0.297 
N14 2
0.6522 0.3478 
N15 2
0.5 0.5 
N17 4
0.1818 0.4604 0.1789 0.1789 
N18 2
0.4561 0.5439 
N20 2
0.5847 0.4153 
N27 3
0.3288 0.3514 0.3198 
N26 3
0.336 0.331 0.333 
N28 3
0.331 0.3346 0.3344 
N31 2
0.4866 0.5134 
6 244.4481 105.8195
5 255.3189 4.8703
0 211.6585 0.0487
7 239.2983 0.3713
8 244.3569 0.0231
9 106.9479 1.0642
2 135.3161 0.1102
1 285.5697 2.0607
3 468.1996 193.1301
4 411.2791 0.1746
###===
55 0 3 0 0 1 0
N32 1 3
N28 N35 N36 
0 2 0 
0.0095 0.8969 
0.493 0.0139 0.4931 
N35 3
0.2369 0.579 0.1841 
N2 4
0.2514 0.2424 0.2549 0.2514 
N32 3
0.3609 0.2792 0.3598 
N33 2
0.4707 0.5293 
N3 2
0.5256 0.4744 
N5 4
0.25 0.25 0.25 0.25 
N6 3
0.2496 0.497 0.2533 
N36 2
0.6306 0.3694 
N37 3
0.3999 0.4184 0.1817 
N11 4
0.1714 0.1478 0.3375 0.3433 
N12 4
0.2645 0.2645 0.174 0.297 
N14 2
0.6522 0.3478 
N15 2
0.5 0.5 
N17 4
0.1818 0.4604 0.1789 0.1789 
N18 2
0.4561 0.5439 
N20 2
0.5847 0.4153 
N27 3
0.3288 0.3514 0.3198 
N26 3
0.336 0.331 0.333 
N28 3
0.331 0.3346 0.3344 
N31 2
0.4865 0.5135 
6 244.448 105.8195
5 255.3188 4.8703
0 212.412 0.0487
7 239.2982 0.3713
8 244.3568 0.0231
9 106.9526 1.0642
2 135.316 0.1102
1 285.5696 2.0607
3 468.5025 55.2878
4 411.2792 0.1746
N32
0
N35 3
0.2303 0.5795 0.1903 
N2 4
0.2514 0.2424 0.2549 0.2514 
N33 2
0.4577 0.5423 
N3 2
0.5256 0.4744 
N5 4
0.25 0.25 0.25 0.25 
N36 2
0.6594 0.3406 
N6 3
0.2496 0.497 0.2533 
N37 3
0.399 0.4185 0.1825 
N11 4
0.1714 0.1478 0.3375 0.3433 
N12 4
0.2645 0.2645 0.174 0.297 
N14 2
0.6522 0.3478 
N15 2
0.5 0.5 
N17 4
0.1818 0.4604 0.1789 0.1789 
N18 2
0.4561 0.5439 
N20 2
0.5845 0.4155 
N27 3
0.327 0.3535 0.3195 
N26 3
0.3368 0.3275 0.3357 
N28 3
0.3862 0.3048 0.309 
N31 2
0.4834 0.5166 
6 245.8296 105.8195
5 255.7793 4.8703
0 218.0334 6.2532
7 241.1934 1.8589
8 244.3596 0.0231
9 107.6658 1.0642
2 135.411 0.1102
1 285.588 2.0607
3 468.7799 193.1301
4 410.0922 16.9998
###===
56 0 4 0 0 0 0
N20 1 3
N27 N36 N37 
0 1 2 
0.3034 0.8582 
0.1446 0.8554 
N35 3
0.2303 0.5795 0.1903 
N2 4
0.2514 0.2424 0.2549 0.2514 
N33 2
0.4577 0.5423 
N3 2
0.5256 0.4744 
N5 4
0.25 0.25 0.25 0.25 
N36 2
0.6594 0.3406 
N6 3
0.2496 0.497 0.2533 
N37 3
0.399 0.4185 0.1825 
N11 4
0.1714 0.1478 0.3375 0.3433 
N12 4
0.2645 0.2645 0.174 0.297 
N14 2
0.6522 0.3478 
N15 2
0.5 0.5 
N17 4
0.1818 0.4604 0.1789 0.1789 
N18 2
0.4561 0.5439 
N20 2
0.5793 0.4207 
N27 3
0.327 0.3535 0.3195 
N26 3
0.3368 0.3275 0.3357 
N28 3
0.3862 0.3048 0.309 
N31 2
0.4834 0.5166 
6 245.8295 105.8195
5 255.7792 4.8703
0 218.0333 6.2532
7 241.1933 1.8589
8 244.3595 0.0231
9 107.6658 1.0642
2 135.4109 0.1102
1 285.5879 2.0607
3 469.3588 193.1301
4 410.4435 2.7821
###===
57 0 5 0 2 0 0
N37 0 3
N20 N27 N36 
0 2 1 
0.4115215 0.38928926 0.19918925 
N37 0 3
N20 N27 N36 
1 2 1 
0.44200876 0.46588743 0.0921038 
N35 3
0.2303 0.5795 0.1903 
N2 4
0.2514 0.2424 0.2549 0.2514 
N33 2
0.4577 0.5423 
N3 2
0.5256 0.4744 
N5 4
0.25 0.25 0.25 0.25 
N36 2
0.6594 0.3406 
N6 3
0.2496 0.497 0.2533 
N37 3
0.3986 0.4175 0.1839 
N11 4
0.1714 0.1478 0.3375 0.3433 
N12 4
0.2645 0.2645 0.174 0.297 
N14 2
0.6522 0.3478 
N15 2
0.5 0.5 
N17 4
0.1818 0.4604 0.1789 0.1789 
N18 2
0.4561 0.5439 
N20 2
0.5793 0.4207 
N27 3
0.327 0.3535 0.3195 
N26 3
0.3368 0.3275 0.3357 
N28 3
0.3862 0.3048 0.309 
N31 2
0.4834 0.5166 
6 245.6576 105.8195
5 255.2197 65.6657
0 218.0333 6.2532
7 241.1941 1.8589
8 244.3595 0.0231
9 107.6658 1.0642
2 135.4112 0.1102
1 285.5879 2.0607
3 469.4976 193.1301
4 409.3861 2.7821
###===
58 2 0 0 0 0 0
N29 N23 
3 2 
N29 2 1
N23 
1 
0.3192 0.3616 
0.3193 0.3193 0.3614 
N35 3
0.2303 0.5795 0.1903 
N2 4
0.2514 0.2424 0.2549 0.2514 
N33 2
0.4577 0.5423 
N3 2
0.5256 0.4744 
N5 4
0.25 0.25 0.25 0.25 
N36 2
0.6594 0.3406 
N6 3
0.2496 0.497 0.2533 
N37 3
0.3986 0.4175 0.1839 
N11 4
0.1714 0.1478 0.3375 0.3433 
N12 4
0.2645 0.2645 0.174 0.297 
N14 2
0.6522 0.3478 
N15 2
0.5 0.5 
N17 4
0.1818 0.4604 0.1789 0.1789 
N18 2
0.4561 0.5439 
N20 2
0.5793 0.4207 
N23 2
0.5 0.5 
N27 3
0.327 0.3535 0.3195 
N26 3
0.3368 0.3275 0.3357 
N29 3
0.3263 0.3263 0.3474 
N28 3
0.3862 0.3048 0.309 
N31 2
0.4834 0.5166 
6 245.6548 105.8165
5 254.6466 4.8699
0 218.1589 0.0471
7 241.1951 1.8599
8 244.3598 0.0232
9 107.6664 1.0648
2 135.4111 0.1101
1 285.5874 2.06
3 469.337 193.1298
4 409.0096 1.6704
###===
59 0 3 0 0 0 0
N17 1 2
N11 N14 
1 0 
0.1418 0.8796 
0.065 0.876 0.0295 0.0295 
N35 3
0.2303 0.5795 0.1903 
N2 4
0.2514 0.2424 0.2549 0.2514 
N33 2
0.4577 0.5423 
N3 2
0.5256 0.4744 
N5 4
0.25 0.25 0.25 0.25 
N36 2
0.6594 0.3406 
N6 3
0.2496 0.497 0.2533 
N37 3
0.3986 0.4175 0.1839 
N11 4
0.1714 0.1478 0.3375 0.3433 
N12 4
0.2645 0.2645 0.174 0.297 
N14 2
0.6522 0.3478 
N15 2
0.5 0.5 
N17 4
0.165 0.4924 0.1713 0.1713 
N18 2
0.4561 0.5439 
N20 2
0.5793 0.4207 
N23 2
0.5 0.5 
N27 3
0.327 0.3535 0.3195 
N26 3
0.3368 0.3275 0.3357 
N29 3
0.3263 0.3263 0.3474 
N28 3
0.3862 0.3048 0.309 
N31 2
0.4834 0.5166 
6 245.6548 105.8165
5 254.6465 4.8699
0 218.1588 0.0471
7 241.1951 1.8599
8 249.8369 0.0232
9 107.6664 1.0648
2 135.4111 0.1101
1 285.5873 2.06
3 472.9215 4.2015
4 409.0096 1.6704
###===
60 0 2 0 0 1 0
N18 0 2
N11 N14 
2 0 
0.3822 0.4422 
0.3825 0.6175 
N35 3
0.2303 0.5795 0.1903 
N2 4
0.2514 0.2424 0.2549 0.2514 
N33 2
0.4577 0.5423 
N3 2
0.5256 0.4744 
N5 4
0.25 0.25 0.25 0.25 
N36 2
0.6594 0.3406 
N6 3
0.2496 0.497 0.2533 
N37 3
0.3986 0.4175 0.1839 
N11 4
0.1714 0.1478 0.3375 0.3433 
N12 4
0.2639 0.2639 0.1758 0.2963 
N14 2
0.6522 0.3478 
N15 2
0.5 0.5 
N17 4
0.165 0.4924 0.1713 0.1713 
N18 2
0.4436 0.5564 
N20 2
0.5793 0.4207 
N23 2
0.5 0.5 
N27 3
0.327 0.3535 0.3195 
N26 3
0.3368 0.3275 0.3357 
N29 3
0.3263 0.3263 0.3474 
N28 3
0.3862 0.3048 0.309 
N31 2
0.4834 0.5166 
6 245.6548 105.8165
5 254.5069 4.8699
0 218.1412 0.0471
7 241.1951 1.8599
8 249.837 0.0232
9 107.6664 1.0648
2 135.3717 0.098
1 286.2773 2.06
3 472.9216 4.2015
4 409.0096 1.6704
N18
0
N35 3
0.2303 0.5795 0.1903 
N2 4
0.2476 0.2558 0.2523 0.2443 
N33 2
0.4577 0.5423 
N3 2
0.5371 0.4629 
N5 4
0.25 0.25 0.25 0.25 
N36 2
0.6594 0.3406 
N6 3
0.2459 0.5066 0.2475 
N37 3
0.3986 0.4175 0.1839 
N11 4
0.1882 0.086 0.3488 0.377 
N12 4
0.2922 0.2922 0.0935 0.3221 
N14 2
0.5393 0.4607 
N15 2
0.5 0.5 
N17 4
0.1556 0.4478 0.1983 0.1983 
N20 2
0.5793 0.4207 
N23 2
0.5 0.5 
N27 3
0.327 0.3535 0.3195 
N26 3
0.3368 0.3275 0.3357 
N29 3
0.3263 0.3263 0.3474 
N28 3
0.3862 0.3048 0.309 
N31 2
0.4834 0.5166 
6 245.6548 105.8165
5 260.4971 4.8699
0 218.4564 0.0471
7 241.1512 1.8599
8 238.979 0.0232
9 107.6664 1.0648
2 133.0893 0.098
1 286.4216 2.06
3 460.7535 4.2015
4 407.3233 1.6704
###===
61 0 3 0 0 0 0
N3 1 2
N14 N2 
0 2 
0.4955 0.5242 
0.5044 0.4956 
N35 3
0.2303 0.5795 0.1903 
N2 4
0.2476 0.2558 0.2523 0.2443 
N33 2
0.4577 0.5423 
N3 2
0.5392 0.4608 
N5 4
0.25 0.25 0.25 0.25 
N36 2
0.6594 0.3406 
N6 3
0.2459 0.5066 0.2475 
N37 3
0.3986 0.4175 0.1839 
N11 4
0.1882 0.086 0.3488 0.377 
N12 4
0.2922 0.2922 0.0935 0.3221 
N14 2
0.5393 0.4607 
N15 2
0.5 0.5 
N17 4
0.1556 0.4478 0.1983 0.1983 
N20 2
0.5793 0.4207 
N23 2
0.5 0.5 
N27 3
0.327 0.3535 0.3195 
N26 3
0.3368 0.3275 0.3357 
N29 3
0.3263 0.3263 0.3474 
N28 3
0.3862 0.3048 0.309 
N31 2
0.4834 0.5166 
6 245.6548 105.8165
5 260.4971 4.8699
0 218.4564 0.0471
7 241.1512 1.8599
8 238.979 0.0232
9 107.6664 1.0648
2 133.0893 0.098
1 286.4096 2.06
3 460.7621 0.041
4 407.3233 1.6704
###===
62 0 7 115.0289 0 0 0
N15 0 1
N11 
1 
0.2224 0.7776 
0.2252 0.7748 
N35 3
0.2303 0.5795 0.1903 
N2 4
0.2476 0.2558 0.2523 0.2443 
N33 2
0.4577 0.5423 
N3 2
0.5392 0.4608 
N5 4
0.25 0.25 0.25 0.25 
N36 2
0.6594 0.3406 
N6 3
0.2459 0.5066 0.2475 
N37 3
0.3986 0.4175 0.1839 
N11 4
0.1882 0.086 0.3488 0.377 
N12 4
0.2922 0.2922 0.0935 0.3221 
N14 2
0.5393 0.4607 
N15 2
0.4764 0.5236 
N17 4
0.1556 0.4478 0.1983 0.1983 
N20 2
0.5793 0.4207 
N23 2
0.5 0.5 
N27 3
0.327 0.3535 0.3195 
N26 3
0.3368 0.3275 0.3357 
N29 3
0.3263 0.3263 0.3474 
N28 3
0.3862 0.3048 0.309 
N31 2
0.4834 0.5166 
6 245.6549 105.8165
5 260.4972 4.8699
0 218.4565 0.0471
7 358.1624 1.8167
8 238.9791 0.0232
9 107.6665 1.0648
2 133.0894 0.098
1 286.4097 2.06
3 460.7622 0.041
4 407.3234 1.6704
###===
63 0 6 0 0 0 0
N27 2 4
N26 N29 N36 N37 
1 2 0 0 
0.0456 0.9089 
0.0478 0.0477 0.9045 
N35 3
0.2303 0.5795 0.1903 
N2 4
0.2476 0.2558 0.2523 0.2443 
N33 2
0.4577 0.5423 
N3 2
0.5392 0.4608 
N5 4
0.25 0.25 0.25 0.25 
N36 2
0.6594 0.3406 
N6 3
0.2459 0.5066 0.2475 
N37 3
0.3986 0.4175 0.1839 
N11 4
0.1882 0.086 0.3488 0.377 
N12 4
0.2922 0.2922 0.0935 0.3221 
N14 2
0.5393 0.4607 
N15 2
0.4764 0.5236 
N17 4
0.1556 0.4478 0.1983 0.1983 
N20 2
0.5793 0.4207 
N23 2
0.5 0.5 
N27 3
0.319 0.3456 0.3354 
N26 3
0.3368 0.3275 0.3357 
N29 3
0.3263 0.3263 0.3474 
N28 3
0.3862 0.3048 0.309 
N31 2
0.4834 0.5166 
6 248.5412 6.5949
5 260.4969 4.8699
0 218.4563 0.0471
7 358.162 1.8167
8 238.9789 0.0232
9 107.6664 1.0648
2 133.0892 0.098
1 286.4094 2.06
3 460.7618 0.041
4 407.323 1.6704
###===
64 0 7 0 0 0 0
N12 0 1
N14 
0 
0.1861 0.532 
0.5302 0.1868 0.0598 0.2232 
N35 3
0.2303 0.5795 0.1903 
N2 4
0.2476 0.2558 0.2523 0.2443 
N33 2
0.4577 0.5423 
N3 2
0.5392 0.4608 
N5 4
0.25 0.25 0.25 0.25 
N36 2
0.6594 0.3406 
N6 3
0.2459 0.5066 0.2475 
N37 3
0.3986 0.4175 0.1839 
N11 4
0.1882 0.086 0.3488 0.377 
N12 4
0.4247 0.2395 0.0767 0.2591 
N14 2
0.5393 0.4607 
N15 2
0.4764 0.5236 
N17 4
0.1556 0.4478 0.1983 0.1983 
N20 2
0.5793 0.4207 
N23 2
0.5 0.5 
N27 3
0.319 0.3456 0.3354 
N26 3
0.3368 0.3275 0.3357 
N29 3
0.3263 0.3263 0.3474 
N28 3
0.3862 0.3048 0.309 
N31 2
0.4834 0.5166 
6 248.5412 6.5949
5 263.2673 4.8699
0 216.8412 0.0471
7 368.4652 0.5386
8 238.9789 0.0232
9 107.6664 1.0648
2 133.0892 0.098
1 286.4094 2.06
3 460.7618 0.041
4 407.323 1.6704
###===
65 0 6 0 0 0 0
N36 1 1
N35 
0 
0.2783 0.5983 
0.7201 0.2799 
N35 3
0.2303 0.5795 0.1903 
N2 4
0.2476 0.2558 0.2523 0.2443 
N33 2
0.4586 0.5414 
N3 2
0.5392 0.4608 
N5 4
0.25 0.25 0.25 0.25 
N36 2
0.7284 0.2716 
N6 3
0.2459 0.5066 0.2475 
N37 3
0.3965 0.4179 0.1856 
N11 4
0.1882 0.086 0.3488 0.377 
N12 4
0.4247 0.2395 0.0767 0.2591 
N14 2
0.5393 0.4607 
N15 2
0.4764 0.5236 
N17 4
0.1556 0.4478 0.1983 0.1983 
N20 2
0.58 0.42 
N23 2
0.5 0.5 
N27 3
0.3137 0.3502 0.3361 
N26 3
0.3438 0.3108 0.3455 
N29 3
0.3263 0.3263 0.3474 
N28 3
0.3912 0.3023 0.3064 
N31 2
0.4953 0.5047 
6 258.29 0.8282
5 263.3017 4.8699
0 218.126 0.0471
7 364.7521 0.5386
8 238.9819 0.0232
9 108.2937 1.0648
2 133.0893 0.098
1 286.4533 2.06
3 460.3209 0.041
4 400.8213 1.6704
###===
66 0 1 0 0 0 0
N37 1 1
N29 
0 
0.4119 0.6636 
0.23 0.6624 0.1076 
N35 3
0.2303 0.5793 0.1903 
N2 4
0.2476 0.2558 0.2523 0.2443 
N33 2
0.4588 0.5412 
N3 2
0.5392 0.4608 
N5 4
0.25 0.25 0.25 0.25 
N36 2
0.7286 0.2714 
N6 3
0.2459 0.5066 0.2475 
N37 3
0.3422 0.4977 0.1602 
N11 4
0.1882 0.086 0.3488 0.377 
N12 4
0.4247 0.2395 0.0767 0.2591 
N14 2
0.5393 0.4607 
N15 2
0.4764 0.5236 
N17 4
0.1556 0.4478 0.1983 0.1983 
N20 2
0.5947 0.4053 
N23 2
0.5 0.5 
N27 3
0.3143 0.3458 0.3399 
N26 3
0.3457 0.3098 0.3445 
N29 3
0.3263 0.3263 0.3474 
N28 3
0.3913 0.3023 0.3064 
N31 2
0.4953 0.5047 
6 261.616 0.8282
5 263.2807 4.8699
0 218.1304 0.0471
7 364.7151 0.5386
8 238.9819 0.0232
9 107.5313 1.0648
2 133.0657 0.098
1 292.2491 0.4732
3 460.1296 0.041
4 401.8305 1.6704
###===
67 0 4 154.9935 0 0 0
N5 2 2
N17 N6 
0 1 
0.0844 0.7468 
0.3041 0.3041 0.0877 0.3041 
N35 3
0.2303 0.5793 0.1903 
N2 4
0.2476 0.2558 0.2523 0.2443 
N33 2
0.4588 0.5412 
N3 2
0.5392 0.4608 
N5 4
0.2541 0.2541 0.2377 0.2541 
N36 2
0.7286 0.2714 
N6 3
0.2459 0.5066 0.2475 
N37 3
0.3422 0.4977 0.1602 
N11 4
0.1882 0.086 0.3488 0.377 
N12 4
0.4247 0.2395 0.0767 0.2591 
N14 2
0.5393 0.4607 
N15 2
0.4764 0.5236 
N17 4
0.1556 0.4478 0.1983 0.1983 
N20 2
0.5947 0.4053 
N23 2
0.5 0.5 
N27 3
0.3143 0.3458 0.3399 
N26 3
0.3457 0.3098 0.3445 
N29 3
0.3263 0.3263 0.3474 
N28 3
0.3913 0.3023 0.3064 
N31 2
0.4953 0.5047 
6 261.616 0.8282
5 263.2807 4.8699
0 218.1304 0.0471
7 364.7151 0.5386
8 238.9819 0.0232
9 107.5313 1.0648
2 133.0657 0.098
1 292.2491 0.4732
3 460.1296 0.041
4 557.7704 5.5361
###===
68 0 9 166.5934 0 0 0
N36 0 1
N35 
1 
0.2277 0.9151 
0.9117 0.0883 
N35 3
0.2303 0.5793 0.1903 
N2 4
0.2476 0.2558 0.2523 0.2443 
N33 2
0.4503 0.5497 
N3 2
0.5392 0.4608 
N5 4
0.2541 0.2541 0.2377 0.2541 
N36 2
0.8352 0.1648 
N6 3
0.2459 0.5066 0.2475 
N37 3
0.3397 0.498 0.1623 
N11 4
0.1882 0.086 0.3488 0.377 
N12 4
0.4247 0.2395 0.0767 0.2591 
N14 2
0.5393 0.4607 
N15 2
0.4764 0.5236 
N17 4
0.1556 0.4478 0.1983 0.1983 
N20 2
0.5955 0.4045 
N23 2
0.5 0.5 
N27 3
0.3074 0.3509 0.3418 
N26 3
0.321 0.3098 0.3691 
N29 3
0.3264 0.3263 0.3473 
N28 3
0.3981 0.3002 0.3017 
N31 2
0.4884 0.5116 
6 267.2899 0.8282
5 263.3438 4.8699
0 220.3029 0.0471
7 368.5361 0.5386
8 238.982 0.0232
9 284.2958 5.7397
2 133.0658 0.098
1 292.3437 0.4732
3 459.6442 0.041
4 559.1805 5.5361
###===
69 0 1 0 0 0 0
N23 0 2
N29 N37 
0 1 
0.3176 0.6957 
0.6939 0.3061 
N35 3
0.2303 0.5793 0.1903 
N2 4
0.2476 0.2558 0.2523 0.2443 
N33 2
0.4503 0.5497 
N3 2
0.5392 0.4608 
N5 4
0.2541 0.2541 0.2377 0.2541 
N36 2
0.8352 0.1648 
N6 3
0.2459 0.5066 0.2475 
N37 3
0.3397 0.498 0.1623 
N11 4
0.1882 0.086 0.3488 0.377 
N12 4
0.4247 0.2395 0.0767 0.2591 
N14 2
0.5393 0.4607 
N15 2
0.4764 0.5236 
N17 4
0.1556 0.4478 0.1983 0.1983 
N20 2
0.5955 0.4045 
N23 2
0.5396 0.4604 
N27 3
0.3074 0.3509 0.3418 
N26 3
0.321 0.3098 0.3691 
N29 3
0.3264 0.3263 0.3473 
N28 3
0.3981 0.3002 0.3017 
N31 2
0.4884 0.5116 
6 267.2899 0.8282
5 263.3439 4.8699
0 220.5487 0.0471
7 368.5361 0.5386
8 238.982 0.0232
9 284.2958 5.7397
2 133.0658 0.098
1 294.4996 0.4731
3 459.6442 0.041
4 559.1806 5.5361
###===
70 0 9 170.6987 0 0 0
N20 0 3
N27 N36 N37 
2 1 0 
0.0911 0.9423 
0.0954 0.9046 
N35 3
0.2303 0.5793 0.1903 
N2 4
0.2476 0.2558 0.2523 0.2443 
N33 2
0.4503 0.5497 
N3 2
0.5392 0.4608 
N5 4
0.2541 0.2541 0.2377 0.2541 
N36 2
0.8352 0.1648 
N6 3
0.2459 0.5066 0.2475 
N37 3
0.3397 0.498 0.1623 
N11 4
0.1882 0.086 0.3488 0.377 
N12 4
0.4247 0.2395 0.0767 0.2591 
N14 2
0.5393 0.4607 
N15 2
0.4764 0.5236 
N17 4
0.1556 0.4478 0.1983 0.1983 
N20 2
0.5853 0.4147 
N23 2
0.5396 0.4604 
N27 3
0.3074 0.3509 0.3418 
N26 3
0.321 0.3098 0.3691 
N29 3
0.3264 0.3263 0.3473 
N28 3
0.3981 0.3002 0.3017 
N31 2
0.4884 0.5116 
6 267.2898 0.8282
5 263.3438 4.8699
0 220.5486 0.0471
7 368.536 0.5386
8 238.982 0.0232
9 456.6669 6.6321
2 133.0657 0.098
1 294.4996 0.4731
3 459.6441 0.041
4 559.1804 5.5361
###===
71 0 1 0 0 0 0
N12 2 1
N14 
1 
0.0511 0.5209 
0.3155 0.3155 0.0535 0.3155 
N35 3
0.2303 0.5793 0.1903 
N2 4
0.2476 0.2558 0.2523 0.2443 
N33 2
0.4503 0.5497 
N3 2
0.5392 0.4608 
N5 4
0.2541 0.2541 0.2377 0.2541 
N36 2
0.8352 0.1648 
N6 3
0.2459 0.5066 0.2475 
N37 3
0.3397 0.498 0.1623 
N11 4
0.1882 0.086 0.3488 0.377 
N12 4
0.4313 0.2461 0.0569 0.2657 
N14 2
0.5393 0.4607 
N15 2
0.4764 0.5236 
N17 4
0.1556 0.4478 0.1983 0.1983 
N20 2
0.5853 0.4147 
N23 2
0.5396 0.4604 
N27 3
0.3074 0.3509 0.3418 
N26 3
0.321 0.3098 0.3691 
N29 3
0.3264 0.3263 0.3473 
N28 3
0.3981 0.3002 0.3017 
N31 2
0.4884 0.5116 
6 267.2897 0.8282
5 266.5924 4.8699
0 220.5486 0.0471
7 368.5359 0.5386
8 238.9819 0.0232
9 456.6667 6.6321
2 133.0657 0.098
1 295.3239 0.4731
3 459.6439 0.041
4 559.1802 5.5361
###===
72 0 8 0 0 0 0
N5 1 1
N17 
3 
0.1147 0.6559 
0.2942 0.1174 0.2942 0.2942 
N35 3
0.2303 0.5793 0.1903 
N2 4
0.2476 0.2558 0.2523 0.2443 
N33 2
0.4503 0.5497 
N3 2
0.5392 0.4608 
N5 4
0.2629 0.2278 0.2465 0.2629 
N36 2
0.8352 0.1648 
N6 3
0.2459 0.5066 0.2475 
N37 3
0.3397 0.498 0.1623 
N11 4
0.1882 0.086 0.3488 0.377 
N12 4
0.4313 0.2461 0.0569 0.2657 
N14 2
0.5393 0.4607 
N15 2
0.4764 0.5236 
N17 4
0.1556 0.4478 0.1983 0.1983 
N20 2
0.5853 0.4147 
N23 2
0.5396 0.4604 
N27 3
0.3074 0.3509 0.3418 
N26 3
0.321 0.3098 0.3691 
N29 3
0.3264 0.3263 0.3473 
N28 3
0.3981 0.3002 0.3017 
N31 2
0.4884 0.5116 
6 267.2896 0.8282
5 266.5923 4.8699
0 220.5485 0.0471
7 368.5357 0.5386
8 240.5536 0.0231
9 456.6665 6.6321
2 133.0656 0.098
1 295.3237 0.4731
3 459.6437 0.041
4 559.1799 5.5361
###===
73 0 7 0 0 0 0
N33 1 3
N26 N28 N35 
0 0 0 
0.1508 0.8245 
0.1789 0.8211 
N35 3
0.2303 0.5793 0.1903 
N2 4
0.2476 0.2558 0.2523 0.2443 
N33 2
0.44 0.56 
N3 2
0.5392 0.4608 
N5 4
0.2629 0.2278 0.2465 0.2629 
N36 2
0.8357 0.1643 
N6 3
0.2459 0.5066 0.2475 
N37 3
0.3397 0.498 0.1623 
N11 4
0.1882 0.086 0.3488 0.377 
N12 4
0.4313 0.2461 0.0569 0.2657 
N14 2
0.5393 0.4607 
N15 2
0.4764 0.5236 
N17 4
0.1556 0.4478 0.1983 0.1983 
N20 2
0.5854 0.4146 
N23 2
0.5396 0.4604 
N27 3
0.3073 0.3509 0.3417 
N26 3
0.321 0.3098 0.3691 
N29 3
0.3264 0.3263 0.3473 
N28 3
0.3981 0.3002 0.3017 
N31 2
0.4887 0.5113 
6 267.4138 0.8282
5 266.5928 4.8699
0 220.5733 0.0471
7 369.5795 0.5387
8 240.6136 0.0231
9 456.6714 6.6321
2 133.0657 0.098
1 295.3252 0.4731
3 459.6416 0.041
4 558.6655 5.5361
###===
74 0 1 8.4127 0 0 0
N27 0 3
N29 N36 N37 
0 0 1 
0.178 0.366 
0.3651 0.3041 0.3308 
N35 3
0.2303 0.5794 0.1903 
N2 4
0.2476 0.2558 0.2523 0.2443 
N33 2
0.4399 0.5601 
N3 2
0.5392 0.4608 
N5 4
0.2629 0.2278 0.2465 0.2629 
N36 2
0.8357 0.1643 
N6 3
0.2459 0.5066 0.2475 
N37 3
0.3397 0.498 0.1623 
N11 4
0.1882 0.086 0.3488 0.377 
N12 4
0.4313 0.2461 0.0569 0.2657 
N14 2
0.5393 0.4607 
N15 2
0.4764 0.5236 
N17 4
0.1556 0.4478 0.1983 0.1983 
N20 2
0.5861 0.4139 
N23 2
0.5396 0.4604 
N27 3
0.3148 0.3474 0.3379 
N26 3
0.3208 0.3099 0.3692 
N29 3
0.3264 0.3263 0.3473 
N28 3
0.3981 0.3002 0.3017 
N31 2
0.4886 0.5114 
6 267.413 0.8282
5 266.5924 4.8699
0 220.5732 0.0471
7 369.5834 0.5387
8 240.6134 0.0231
9 456.6728 6.6321
2 133.0683 0.098
1 303.8203 0.2039
3 459.6409 0.041
4 558.6896 5.5361
###===
75 0 5 0 0 0 0
N15 0 1
N11 
0 
0.4834 0.5166 
0.4836 0.5164 
N35 3
0.2303 0.5794 0.1903 
N2 4
0.2476 0.2558 0.2523 0.2443 
N33 2
0.4399 0.5601 
N3 2
0.5392 0.4608 
N5 4
0.2629 0.2278 0.2465 0.2629 
N36 2
0.8357 0.1643 
N6 3
0.2459 0.5066 0.2475 
N37 3
0.3397 0.498 0.1623 
N11 4
0.1882 0.086 0.3488 0.377 
N12 4
0.4313 0.2461 0.0569 0.2657 
N14 2
0.5393 0.4607 
N15 2
0.4733 0.5267 
N17 4
0.1556 0.4478 0.1983 0.1983 
N20 2
0.5861 0.4139 
N23 2
0.5396 0.4604 
N27 3
0.3148 0.3474 0.3379 
N26 3
0.3208 0.3099 0.3692 
N29 3
0.3264 0.3263 0.3473 
N28 3
0.3981 0.3002 0.3017 
N31 2
0.4886 0.5114 
6 267.4131 0.8282
5 266.6072 0.0586
0 220.5733 0.0471
7 369.5835 0.5387
8 240.6135 0.0231
9 456.673 6.6321
2 133.0684 0.098
1 303.8204 0.2039
3 459.641 0.041
4 558.6898 5.5361
###===
76 0 5 174.8364 0 0 0
N36 0 1
N28 
1 
0.1232 0.9466 
0.9425 0.0575 
N35 3
0.2231 0.5917 0.1853 
N2 4
0.2476 0.2558 0.2523 0.2443 
N33 2
0.4401 0.5599 
N3 2
0.5392 0.4608 
N5 4
0.2629 0.2278 0.2465 0.2629 
N36 2
0.8723 0.1277 
N6 3
0.2459 0.5066 0.2475 
N37 3
0.3388 0.4981 0.1631 
N11 4
0.1882 0.086 0.3488 0.377 
N12 4
0.4313 0.2461 0.0569 0.2657 
N14 2
0.5393 0.4607 
N15 2
0.4733 0.5267 
N17 4
0.1556 0.4478 0.1983 0.1983 
N20 2
0.5886 0.4114 
N23 2
0.5396 0.4604 
N27 3
0.3126 0.349 0.3383 
N26 3
0.3182 0.3069 0.375 
N29 3
0.3264 0.3263 0.3473 
N28 3
0.3981 0.3002 0.3017 
N31 2
0.4893 0.5107 
6 271.465 0.8282
5 444.6387 10.6647
0 220.6336 0.0471
7 369.3072 0.5387
8 240.6143 0.0231
9 459.2604 6.6321
2 135.5081 0.098
1 303.8582 0.2039
3 459.4473 0.041
4 557.5593 5.5361
###===
77 0 7 0 0 0 0
N28 2 3
N26 N33 N35 
0 1 0 
0.0809 0.7546 
0.1683 0.0805 0.7512 
N35 3
0.2231 0.5917 0.1853 
N2 4
0.2476 0.2558 0.2523 0.2443 
N33 2
0.4401 0.5599 
N3 2
0.5392 0.4608 
N5 4
0.2629 0.2278 0.2465 0.2629 
N36 2
0.8706 0.1294 
N6 3
0.2459 0.5066 0.2475 
N37 3
0.3389 0.4981 0.1631 
N11 4
0.1882 0.086 0.3488 0.377 
N12 4
0.4313 0.2461 0.0569 0.2657 
N14 2
0.5393 0.4607 
N15 2
0.4733 0.5267 
N17 4
0.1556 0.4478 0.1983 0.1983 
N20 2
0.5885 0.4115 
N23 2
0.5396 0.4604 
N27 3
0.3128 0.3488 0.3384 
N26 3
0.3182 0.3069 0.375 
N29 3
0.3264 0.3263 0.3473 
N28 3
0.3822 0.2926 0.3252 
N31 2
0.4893 0.5107 
6 271.0558 0.8282
5 444.5785 10.6647
0 220.0199 0.0471
7 371.8423 0.5386
8 240.608 0.0231
9 459.2455 6.6321
2 135.508 0.098
1 303.8542 0.2039
3 459.2005 0.041
4 557.9954 5.5361
###===
78 0 6 0 0 0 0
N36 0 4
N26 N28 N33 N35 
1 2 0 1 
0.7891 0.9164 
0.7897 0.2103 
N35 3
0.2231 0.5917 0.1853 
N2 4
0.2476 0.2558 0.2523 0.2443 
N33 2
0.4401 0.5599 
N3 2
0.5392 0.4608 
N5 4
0.2629 0.2278 0.2465 0.2629 
N36 2
0.8701 0.1299 
N6 3
0.2459 0.5066 0.2475 
N37 3
0.3389 0.4981 0.163 
N11 4
0.1882 0.086 0.3488 0.377 
N12 4
0.4313 0.2461 0.0569 0.2657 
N14 2
0.5393 0.4607 
N15 2
0.4733 0.5267 
N17 4
0.1556 0.4478 0.1983 0.1983 
N20 2
0.5885 0.4115 
N23 2
0.5396 0.4604 
N27 3
0.3128 0.3488 0.3384 
N26 3
0.3182 0.3069 0.375 
N29 3
0.3264 0.3263 0.3473 
N28 3
0.3822 0.2926 0.3252 
N31 2
0.4895 0.5105 
6 271.0329 0.1175
5 444.5785 10.6647
0 220.02 0.0471
7 371.8392 0.5386
8 240.6081 0.0231
9 459.2021 6.6321
2 135.5081 0.098
1 303.8542 0.2039
3 459.203 0.041
4 557.9799 5.5361
###===
79 0 1 141.8117 0 0 0
N20 0 4
N27 N29 N36 N37 
0 0 0 2 
0.1759 0.8241 
0.1792 0.8208 
N35 3
0.2231 0.5917 0.1853 
N2 4
0.2476 0.2558 0.2523 0.2443 
N33 2
0.4401 0.5599 
N3 2
0.5392 0.4608 
N5 4
0.2629 0.2278 0.2465 0.2629 
N36 2
0.8701 0.1299 
N6 3
0.2459 0.5066 0.2475 
N37 3
0.3389 0.4981 0.163 
N11 4
0.1882 0.086 0.3488 0.377 
N12 4
0.4313 0.2461 0.0569 0.2657 
N14 2
0.5393 0.4607 
N15 2
0.4733 0.5267 
N17 4
0.1556 0.4478 0.1983 0.1983 
N20 2
0.5856 0.4144 
N23 2
0.5396 0.4604 
N27 3
0.3128 0.3488 0.3384 
N26 3
0.3182 0.3069 0.375 
N29 3
0.3264 0.3263 0.3473 
N28 3
0.3822 0.2926 0.3252 
N31 2
0.4895 0.5105 
6 271.0328 0.1175
5 444.5782 10.6647
0 220.0199 0.0471
7 371.8391 0.5386
8 240.608 0.0231
9 459.2019 6.6321
2 135.508 0.098
1 445.9581 2.6616
3 459.2028 0.041
4 557.9796 5.5361
###===
80 0 4 121.137 0 0 0
N35 2 5
N26 N29 N31 N33 N36 
2 2 1 0 1 
0.046 0.9327 
0.0407 0.031 0.9283 
N35 3
0.2224 0.5912 0.1864 
N2 4
0.2476 0.2558 0.2523 0.2443 
N33 2
0.4401 0.5599 
N3 2
0.5392 0.4608 
N5 4
0.2629 0.2278 0.2465 0.2629 
N36 2
0.8701 0.1299 
N6 3
0.2459 0.5066 0.2475 
N37 3
0.3389 0.4981 0.163 
N11 4
0.1882 0.086 0.3488 0.377 
N12 4
0.4313 0.2461 0.0569 0.2657 
N14 2
0.5393 0.4607 
N15 2
0.4733 0.5267 
N17 4
0.1556 0.4478 0.1983 0.1983 
N20 2
0.5856 0.4144 
N23 2
0.5396 0.4604 
N27 3
0.3128 0.3488 0.3384 
N26 3
0.3182 0.3069 0.375 
N29 3
0.3264 0.3263 0.3473 
N28 3
0.3822 0.2926 0.3252 
N31 2
0.4895 0.5105 
6 271.0995 0.1175
5 444.5842 10.6647
0 220.0237 0.0471
7 371.8412 0.5386
8 240.608 0.0231
9 459.2805 6.6321
2 135.4122 0.098
1 445.9582 2.6616
3 459.2029 0.041
4 679.3018 9.1994
###===
81 0 6 92.8762 0 0 0
N33 0 4
N26 N29 N35 N36 
0 0 1 1 
0.1457 0.8934 
0.1494 0.8506 
N35 3
0.2224 0.5912 0.1864 
N2 4
0.2476 0.2558 0.2523 0.2443 
N33 2
0.4373 0.5627 
N3 2
0.5392 0.4608 
N5 4
0.2629 0.2278 0.2465 0.2629 
N36 2
0.8701 0.1299 
N6 3
0.2459 0.5066 0.2475 
N37 3
0.3389 0.4981 0.163 
N11 4
0.1882 0.086 0.3488 0.377 
N12 4
0.4313 0.2461 0.0569 0.2657 
N14 2
0.5393 0.4607 
N15 2
0.4733 0.5267 
N17 4
0.1556 0.4478 0.1983 0.1983 
N20 2
0.5856 0.4144 
N23 2
0.5396 0.4604 
N27 3
0.3128 0.3488 0.3384 
N26 3
0.3182 0.3069 0.375 
N29 3
0.3264 0.3263 0.3473 
N28 3
0.3821 0.2926 0.3253 
N31 2
0.4898 0.5102 
6 364.3559 3.6532
5 444.5778 10.6647
0 220.0236 0.0471
7 371.7433 0.5386
8 240.6079 0.0231
9 459.2802 6.6321
2 135.4121 0.098
1 445.958 2.6616
3 459.2027 0.041
4 679.3014 9.1994
###===
82 0 0 0 0 1 0
N36 1 4
N26 N29 N33 N35 
2 0 0 2 
0.0594 0.7958 
0.2079 0.7921 
N35 3
0.2224 0.5912 0.1864 
N2 4
0.2476 0.2558 0.2523 0.2443 
N33 2
0.4373 0.5627 
N3 2
0.5392 0.4608 
N5 4
0.2629 0.2278 0.2465 0.2629 
N36 2
0.8653 0.1347 
N6 3
0.2459 0.5066 0.2475 
N37 3
0.3389 0.4981 0.163 
N11 4
0.1882 0.086 0.3488 0.377 
N12 4
0.4313 0.2461 0.0569 0.2657 
N14 2
0.5393 0.4607 
N15 2
0.4733 0.5267 
N17 4
0.1556 0.4478 0.1983 0.1983 
N20 2
0.5854 0.4146 
N23 2
0.5396 0.4604 
N27 3
0.3128 0.3488 0.3384 
N26 3
0.3182 0.3069 0.375 
N29 3
0.3264 0.3263 0.3473 
N28 3
0.3819 0.2922 0.3259 
N31 2
0.4901 0.5099 
6 364.1184 3.6532
5 444.2339 10.6647
0 220.7863 0.0472
7 371.7227 0.5386
8 240.608 0.0231
9 459.306 6.6321
2 135.4122 0.098
1 445.9517 2.6616
3 459.1924 0.041
4 679.2867 9.1994
N36
1
N35 3
0.3744 0.2984 0.3272 
N2 4
0.2476 0.2558 0.2523 0.2443 
N33 2
0.4726 0.5274 
N3 2
0.5392 0.4608 
N5 4
0.2629 0.2278 0.2465 0.2629 
N6 3
0.2459 0.5066 0.2475 
N37 3
0.356 0.5009 0.1431 
N11 4
0.1882 0.086 0.3488 0.377 
N12 4
0.4313 0.2461 0.0569 0.2657 
N14 2
0.5393 0.4607 
N15 2
0.4733 0.5267 
N17 4
0.1556 0.4478 0.1983 0.1983 
N20 2
0.5292 0.4708 
N23 2
0.5426 0.4574 
N27 3
0.3631 0.3097 0.3271 
N26 3
0.3716 0.3562 0.2722 
N29 3
0.3495 0.3151 0.3354 
N28 3
0.4058 0.1267 0.4675 
N31 2
0.4793 0.5207 
6 273.8201 3.6532
5 411.9463 10.6647
0 213.5853 0.0472
7 373.9448 0.5386
8 240.5468 3.5358
9 398.3303 6.6321
2 77.3296 0.098
1 445.3373 150.6973
3 462.9436 0.041
4 705.1891 9.1994
###===
83 0 4 0 12 0 0
N20 0 3
N27 N29 N37 
0 0 1 
0.5 0.5 
N20 0 3
N27 N29 N37 
1 0 1 
0.5 0.5 
N20 0 3
N27 N29 N37 
2 0 1 
0.32375866 0.67624134 
N20 0 3
N27 N29 N37 
0 1 1 
0.49999997 0.5 
N20 0 3
N27 N29 N37 
1 1 1 
0.49999997 0.5 
N20 0 3
N27 N29 N37 
2 1 1 
0.3237587 0.6762413 
N20 0 3
N27 N29 N37 
0 2 1 
0.5 0.5 
N20 0 3
N27 N29 N37 
1 2 1 
0.5 0.5 
N20 0 3
N27 N29 N37 
2 2 1 
0.32375866 0.67624134 
N20 0 3
N27 N29 N37 
0 0 2 
0.31857285 0.6814272 
N20 0 3
N27 N29 N37 
0 1 2 
0.3185728 0.68142724 
N20 0 3
N27 N29 N37 
0 2 2 
0.31857282 0.6814272 
N35 3
0.3744 0.2984 0.3272 
N2 4
0.2476 0.2558 0.2523 0.2443 
N33 2
0.4726 0.5274 
N3 2
0.5392 0.4608 
N5 4
0.2629 0.2278 0.2465 0.2629 
N6 3
0.2459 0.5066 0.2475 
N37 3
0.356 0.5009 0.1431 
N11 4
0.1882 0.086 0.3488 0.377 
N12 4
0.4313 0.2461 0.0569 0.2657 
N14 2
0.5393 0.4607 
N15 2
0.4733 0.5267 
N17 4
0.1556 0.4478 0.1983 0.1983 
N20 2
0.416 0.584 
N23 2
0.5426 0.4574 
N27 3
0.3631 0.3097 0.3271 
N26 3
0.3716 0.3562 0.2722 
N29 3
0.3495 0.3151 0.3354 
N28 3
0.4058 0.1267 0.4675 
N31 2
0.4793 0.5207 
6 273.8202 3.6532
5 404.9389 10.6647
0 213.5854 0.0472
7 373.945 0.5386
8 240.5469 3.5358
9 398.3306 6.6321
2 77.3297 0.098
1 445.3376 150.6973
3 461.4925 0.041
4 694.6543 95.4926
###===
84 0 5 0 0 0 0
N20 1 3
N27 N29 N37 
2 1 1 
0.6281 0.9022 
0.0992 0.9008 
N35 3
0.3744 0.2984 0.3272 
N2 4
0.2476 0.2558 0.2523 0.2443 
N33 2
0.4726 0.5274 
N3 2
0.5392 0.4608 
N5 4
0.2629 0.2278 0.2465 0.2629 
N6 3
0.2459 0.5066 0.2475 
N37 3
0.356 0.5009 0.1431 
N11 4
0.1882 0.086 0.3488 0.377 
N12 4
0.4313 0.2461 0.0569 0.2657 
N14 2
0.5393 0.4607 
N15 2
0.4733 0.5267 
N17 4
0.1556 0.4478 0.1983 0.1983 
N20 2
0.4064 0.5936 
N23 2
0.5426 0.4574 
N27 3
0.3631 0.3097 0.3271 
N26 3
0.3716 0.3562 0.2722 
N29 3
0.3495 0.3151 0.3354 
N28 3
0.4058 0.1267 0.4675 
N31 2
0.4793 0.5207 
6 273.8203 3.6532
5 404.2482 2.0524
0 213.5855 0.0472
7 373.9452 0.5386
8 240.547 3.5358
9 398.3307 6.6321
2 77.3297 0.098
1 445.3378 150.6973
3 461.4926 0.041
4 694.6545 95.4926
###===
85 0 6 0 0 0 0
N28 2 1
N35 
2 
0.1099 0.8576 
0.687 0.1994 0.1136 
N35 3
0.3744 0.2984 0.3272 
N2 4
0.2476 0.2558 0.2523 0.2443 
N33 2
0.4669 0.5331 
N3 2
0.5392 0.4608 
N5 4
0.2629 0.2278 0.2465 0.2629 
N6 3
0.2459 0.5066 0.2475 
N37 3
0.3562 0.5006 0.1432 
N11 4
0.1882 0.086 0.3488 0.377 
N12 4
0.4313 0.2461 0.0569 0.2657 
N14 2
0.5393 0.4607 
N15 2
0.4733 0.5267 
N17 4
0.1556 0.4478 0.1983 0.1983 
N20 2
0.4063 0.5937 
N23 2
0.5425 0.4575 
N27 3
0.3631 0.3097 0.3271 
N26 3
0.3721 0.3567 0.2712 
N29 3
0.3486 0.3157 0.3357 
N28 3
0.4874 0.1504 0.3621 
N31 2
0.4794 0.5206 
6 285.4898 3.6531
5 400.3586 2.0524
0 213.2103 0.0472
7 374.3306 0.5386
8 240.547 3.5358
9 398.3348 6.6321
2 77.3297 0.098
1 445.3164 150.6973
3 461.4938 0.041
4 694.5554 95.4926
###===
86 0 8 13.2156 0 0 0
N3 1 2
N14 N2 
0 2 
0.4312 0.5611 
0.5681 0.4319 
N35 3
0.3744 0.2984 0.3272 
N2 4
0.2476 0.2558 0.2523 0.2443 
N33 2
0.4669 0.5331 
N3 2
0.5482 0.4518 
N5 4
0.2629 0.2278 0.2465 0.2629 
N6 3
0.2459 0.5066 0.2475 
N37 3
0.3562 0.5006 0.1432 
N11 4
0.1882 0.086 0.3488 0.377 
N12 4
0.4313 0.2461 0.0569 0.2657 
N14 2
0.5393 0.4607 
N15 2
0.4733 0.5267 
N17 4
0.1556 0.4478 0.1983 0.1983 
N20 2
0.4063 0.5937 
N23 2
0.5425 0.4575 
N27 3
0.3631 0.3097 0.3271 
N26 3
0.3721 0.3567 0.2712 
N29 3
0.3486 0.3157 0.3357 
N28 3
0.4874 0.1504 0.3621 
N31 2
0.4794 0.5206 
6 285.4894 3.6531
5 400.358 2.0524
0 213.2101 0.0472
7 374.3302 0.5386
8 253.9287 0.2203
9 398.3342 6.6321
2 77.3295 0.098
1 445.2632 150.6973
3 461.5688 0.041
4 694.5544 95.4926
###===
87 0 1 0 0 0 0
N28 2 3
N26 N33 N35 
1 1 1 
0.1516 0.7998 
0.6401 0.205 0.1549 
N35 3
0.3744 0.2984 0.3272 
N2 4
0.2476 0.2558 0.2523 0.2443 
N33 2
0.4669 0.5331 
N3 2
0.5482 0.4518 
N5 4
0.2629 0.2278 0.2465 0.2629 
N6 3
0.2459 0.5066 0.2475 
N37 3
0.3562 0.5006 0.1432 
N11 4
0.1882 0.086 0.3488 0.377 
N12 4
0.4313 0.2461 0.0569 0.2657 
N14 2
0.5393 0.4607 
N15 2
0.4733 0.5267 
N17 4
0.1556 0.4478 0.1983 0.1983 
N20 2
0.4063 0.5937 
N23 2
0.5425 0.4575 
N27 3
0.3631 0.3097 0.3271 
N26 3
0.3721 0.3567 0.2712 
N29 3
0.3486 0.3157 0.3357 
N28 3
0.4965 0.1533 0.3502 
N31 2
0.4794 0.5206 
6 285.4894 3.6531
5 399.884 2.0524
0 213.21 0.0472
7 374.3301 0.5386
8 253.9286 0.2203
9 398.3342 6.6321
2 77.3295 0.098
1 446.3561 3.0722
3 461.5687 0.041
4 694.5544 95.4926
###===
88 0 9 0 0 1 0
N35 1 3
N26 N28 N33 
1 1 1 
0.2358 0.7667 
0.1357 0.7641 0.1002 
N35 3
0.3638 0.3169 0.3193 
N2 4
0.2476 0.2558 0.2523 0.2443 
N33 2
0.4669 0.5331 
N3 2
0.5482 0.4518 
N5 4
0.2629 0.2278 0.2465 0.2629 
N6 3
0.2459 0.5066 0.2475 
N37 3
0.3562 0.5006 0.1432 
N11 4
0.1882 0.086 0.3488 0.377 
N12 4
0.4313 0.2461 0.0569 0.2657 
N14 2
0.5393 0.4607 
N15 2
0.4733 0.5267 
N17 4
0.1556 0.4478 0.1983 0.1983 
N20 2
0.4063 0.5937 
N23 2
0.5425 0.4575 
N27 3
0.3631 0.3097 0.3271 
N26 3
0.3721 0.3567 0.2712 
N29 3
0.3486 0.3157 0.3357 
N28 3
0.4965 0.1533 0.3502 
N31 2
0.4858 0.5142 
6 286.0944 3.6531
5 399.8839 2.0524
0 213.21 0.0472
7 373.1997 0.5386
8 253.9286 0.2203
9 398.3699 1.5659
2 81.0012 0.098
1 447.4116 3.0722
3 461.5687 0.041
4 692.1323 95.4926
N35
0
N2 4
0.2476 0.2558 0.2523 0.2443 
N33 2
0.4345 0.5655 
N3 2
0.5482 0.4518 
N5 4
0.2629 0.2278 0.2465 0.2629 
N6 3
0.2459 0.5066 0.2475 
N37 3
0.3593 0.496 0.1447 
N11 4
0.1882 0.086 0.3488 0.377 
N12 4
0.4313 0.2461 0.0569 0.2657 
N14 2
0.5393 0.4607 
N15 2
0.4733 0.5267 
N17 4
0.1556 0.4478 0.1983 0.1983 
N20 2
0.4057 0.5943 
N23 2
0.5401 0.4599 
N27 3
0.3633 0.3094 0.3273 
N26 3
0.2759 0.5283 0.1958 
N29 3
0.33 0.3308 0.3392 
N28 3
0.3717 0.0989 0.5294 
N31 2
0.345 0.655 
6 204.5357 93.7043
5 408.8568 2.0525
0 204.8767 192.3501
7 420.8199 60.0919
8 253.9287 0.2203
9 444.6612 1.662
2 18.1232 0.098
1 444.8141 150.6973
3 461.5911 0.041
4 760.545 103.6671
###===
89 1 3 0 0 0 0
N0 
4 
N0 1 2
N11 N15 
0 0 
0.0341 0.8978 
0.0355 0.8935 0.0355 0.0355 
N0 4
0.2305 0.3086 0.2305 0.2305 
N2 4
0.2476 0.2558 0.2523 0.2443 
N33 2
0.4345 0.5655 
N3 2
0.5482 0.4518 
N5 4
0.2629 0.2278 0.2465 0.2629 
N6 3
0.2459 0.5066 0.2475 
N37 3
0.3593 0.496 0.1447 
N11 4
0.1882 0.086 0.3488 0.377 
N12 4
0.4313 0.2461 0.0569 0.2657 
N14 2
0.5393 0.4607 
N15 2
0.4733 0.5267 
N17 4
0.1556 0.4478 0.1983 0.1983 
N20 2
0.4057 0.5943 
N23 2
0.5401 0.4599 
N27 3
0.3633 0.3094 0.3273 
N26 3
0.2759 0.5283 0.1958 
N29 3
0.33 0.3308 0.3392 
N28 3
0.3717 0.0989 0.5294 
N31 2
0.345 0.655 
6 204.5356 93.7043
5 408.8567 2.0524
0 204.8767 192.3501
7 420.8198 60.0919
8 253.9286 0.2203
9 444.6612 1.662
2 18.1232 0.098
1 444.8139 150.6973
3 473.8041 0.0409
4 760.545 103.6671
