Gch_comingSoon999
0 5 3 26.1332 0 0 0
N5 N0 N2 N3 N4 
3 2 2 2 2 
N5 0 3
N0 N2 N4 
0 0 0 
0.1391 0.7219 
0.142 0.429 0.429 
N0 2
0.5 0.5 
N2 2
0.5 0.5 
N3 2
0.5 0.5 
N4 2
0.5 0.5 
N5 3
0.3094 0.3453 0.3453 
3 127.852 3.0257
###===
1 1 8 0 0 0 0
N1 
2 
N1 0 3
N2 N3 N4 
1 1 0 
0.25 0.75 
0.7475 0.2525 
N0 2
0.5 0.5 
N1 2
0.5309 0.4691 
N2 2
0.5 0.5 
N3 2
0.5 0.5 
N4 2
0.5 0.5 
N5 3
0.3094 0.3453 0.3453 
8 102.3096 1.4354
3 127.8521 3.0258
###===
2 0 4 0 0 0 0
N2 1 3
N0 N3 N5 
1 0 1 
0.25 0.75 
0.7475 0.2525 
N0 2
0.5 0.5 
N1 2
0.5309 0.4691 
N2 2
0.5206 0.4794 
N3 2
0.5 0.5 
N4 2
0.5 0.5 
N5 3
0.3094 0.3453 0.3453 
8 102.3097 1.4354
3 127.8522 3.0258
4 101.54 1.4357
###===
3 0 4 14.2553 0 0 0
N4 0 5
N0 N1 N2 N3 N5 
0 1 0 1 2 
0.2549 0.8019 
0.2576 0.7424 
N0 2
0.5 0.5 
N1 2
0.5309 0.4691 
N2 2
0.5206 0.4794 
N3 2
0.5 0.5 
N4 2
0.4927 0.5073 
N5 3
0.3094 0.3453 0.3453 
8 102.3096 1.4354
3 127.5875 3.0258
4 116.454 1.5202
###===
4 0 1 0 0 0 0
N4 1 5
N0 N1 N2 N3 N5 
1 1 1 0 0 
0.25 0.75 
0.2525 0.7475 
N0 2
0.5 0.5 
N1 2
0.5309 0.4691 
N2 2
0.5206 0.4794 
N3 2
0.5 0.5 
N4 2
0.4876 0.5124 
N5 3
0.3094 0.3453 0.3453 
8 102.3097 1.4354
1 100.3851 1.4356
3 127.5876 3.0258
4 116.4541 1.5202
###===
5 0 6 0 0 0 0
N1 0 5
N0 N2 N3 N4 N5 
1 1 0 0 1 
0.25 0.75 
0.7475 0.2525 
N0 2
0.5 0.5 
N1 2
0.5335 0.4665 
N2 2
0.5206 0.4794 
N3 2
0.5 0.5 
N4 2
0.4876 0.5124 
N5 3
0.3094 0.3453 0.3453 
6 100.1945 1.4355
8 102.3097 1.4354
1 100.3851 1.4356
3 127.5876 3.0258
4 116.4542 1.5202
###===
6 0 3 0 0 0 0
N4 1 5
N0 N1 N2 N3 N5 
0 0 1 1 0 
0.1672 0.75 
0.8299 0.1701 
N0 2
0.5 0.5 
N1 2
0.5335 0.4665 
N2 2
0.5206 0.4794 
N3 2
0.5 0.5 
N4 2
0.4936 0.5064 
N5 3
0.3094 0.3453 0.3453 
6 100.1944 1.4355
8 102.6575 1.4354
1 100.3851 1.4356
3 128.0543 2.4827
4 116.4541 1.5202
###===
7 0 1 0 0 0 0
N4 0 4
N1 N2 N3 N5 
1 1 0 0 
0.3725 0.6881 
0.3741 0.6259 
N0 2
0.5 0.5 
N1 2
0.5335 0.4665 
N2 2
0.5206 0.4794 
N3 2
0.5 0.5 
N4 2
0.4935 0.5065 
N5 3
0.3094 0.3453 0.3453 
6 100.1944 1.4355
8 102.6574 1.4354
1 100.3912 0.6088
3 128.0543 2.4827
4 116.4541 1.5202
###===
8 0 7 0 0 0 0
N5 2 4
N0 N1 N2 N4 
1 0 0 0 
0.154 0.654 
0.3753 0.4682 0.1565 
N0 2
0.5 0.5 
N1 2
0.5335 0.4665 
N2 2
0.5206 0.4794 
N3 2
0.5006 0.4994 
N4 2
0.4935 0.5065 
N5 3
0.314 0.351 0.335 
6 100.1944 1.4355
7 100.5953 2.3565
8 102.6575 1.4354
1 100.3912 0.6088
3 128.0544 2.4827
4 116.6518 1.5202
###===
9 0 3 0 0 0 0
N3 0 4
N0 N1 N2 N4 
0 1 0 0 
0.5541 0.5748 
0.5747 0.4253 
N0 2
0.5 0.5 
N1 2
0.5335 0.4665 
N2 2
0.5206 0.4794 
N3 2
0.5011 0.4989 
N4 2
0.4935 0.5065 
N5 3
0.314 0.3509 0.3351 
6 100.1944 1.4355
7 100.5953 2.3565
8 102.6574 1.4354
1 100.3912 0.6088
3 128.0589 0.0412
4 116.6659 1.5202
###===
10 0 6 0 0 0 0
N2 0 3
N0 N1 N5 
0 1 0 
0.2243 0.7243 
0.2268 0.7732 
N0 2
0.5 0.5 
N1 2
0.5335 0.4665 
N2 2
0.5059 0.4941 
N3 2
0.502 0.498 
N4 2
0.4954 0.5046 
N5 3
0.314 0.3509 0.3351 
6 101.2135 1.4357
7 100.5954 2.3565
8 102.4489 1.4354
1 100.3899 0.6088
3 128.5993 0.0412
4 116.666 1.5202
###===
11 0 5 0 0 0 0
N3 0 5
N0 N1 N2 N4 N5 
0 1 1 1 0 
0.2504 0.7504 
0.7479 0.2521 
N0 2
0.5 0.5 
N1 2
0.5335 0.4665 
N2 2
0.5059 0.4941 
N3 2
0.5093 0.4907 
N4 2
0.4954 0.5046 
N5 3
0.314 0.3509 0.3351 
6 101.2134 1.4357
5 100.5388 1.4551
7 100.5953 2.3565
8 102.4488 1.4354
1 100.3934 0.6088
3 128.5992 0.0412
4 116.6659 1.5202
###===
12 0 8 0 0 0 0
N4 1 5
N0 N1 N2 N3 N5 
0 1 1 0 2 
0.25 0.75 
0.2525 0.7475 
N0 2
0.5 0.5 
N1 2
0.5335 0.4665 
N2 2
0.5059 0.4941 
N3 2
0.5093 0.4907 
N4 2
0.4902 0.5098 
N5 3
0.314 0.3509 0.3351 
6 101.2135 1.4357
5 100.5389 1.4551
7 100.5954 2.3565
8 102.834 1.4355
1 100.3935 0.6088
3 128.5993 0.0412
4 116.666 1.5202
###===
13 0 0 0 0 0 0
N0 1 5
N1 N2 N3 N4 N5 
0 0 0 1 0 
0.25 0.75 
0.2525 0.7475 
N0 2
0.4948 0.5052 
N1 2
0.5335 0.4665 
N2 2
0.5059 0.4941 
N3 2
0.5093 0.4907 
N4 2
0.4902 0.5098 
N5 3
0.314 0.3509 0.3351 
6 101.2136 1.4357
5 100.5389 1.4551
0 100.3851 1.4356
7 100.5954 2.3565
8 102.8341 1.4355
1 100.3935 0.6088
3 128.5993 0.0412
4 116.666 1.5202
###===
14 0 3 0 0 0 0
N0 1 3
N1 N2 N5 
0 1 1 
0.1899 0.7727 
0.2302 0.7698 
N0 2
0.4678 0.5322 
N1 2
0.5335 0.4665 
N2 2
0.5059 0.4941 
N3 2
0.5063 0.4937 
N4 2
0.4914 0.5086 
N5 3
0.314 0.3509 0.3351 
6 101.5289 1.4357
5 100.5388 1.4551
0 100.385 1.4356
7 100.5953 2.3565
8 102.9368 1.4355
1 100.3934 0.6088
3 131.1556 0.0411
4 115.7716 1.5202
###===
15 0 1 0 0 0 0
N0 1 4
N1 N2 N4 N5 
0 0 0 2 
0.1416 0.6416 
0.8559 0.1441 
N0 2
0.473 0.527 
N1 2
0.5335 0.4665 
N2 2
0.5059 0.4941 
N3 2
0.5063 0.4937 
N4 2
0.4914 0.5086 
N5 3
0.314 0.3509 0.3351 
6 101.5289 1.4357
5 100.5389 1.4551
0 100.385 1.4356
7 101.103 2.3565
8 102.9369 1.4355
1 100.6869 0.6089
3 131.345 0.0411
4 115.7717 1.5202
###===
16 0 8 0 0 1 0
N5 1 3
N0 N2 N3 
0 0 1 
0.1977 0.6977 
0.2464 0.2002 0.5534 
N0 2
0.473 0.527 
N1 2
0.5351 0.4649 
N2 2
0.5059 0.4941 
N3 2
0.5063 0.4937 
N4 2
0.4876 0.5124 
N5 3
0.3212 0.3275 0.3513 
6 101.2919 1.4357
5 100.5389 1.4551
0 100.385 1.4356
7 101.103 2.3565
8 104.4496 1.4355
1 100.819 0.6089
3 130.8746 0.0411
4 115.989 1.5202
N5
0
N0 2
0.4507 0.5493 
N1 2
0.543 0.457 
N2 2
0.4353 0.5647 
N3 2
0.5146 0.4854 
N4 2
0.4735 0.5265 
6 102.4347 1.5917
5 101.6782 1.4551
0 101.1987 1.4356
7 102.2569 100.0001
8 106.5403 1.4355
1 101.2249 0.6089
3 121.6371 0.0411
4 114.2553 114.2553
###===
17 0 1 0 0 0 0
N3 0 3
N0 N1 N4 
1 0 1 
0.2775 0.7775 
0.28 0.72 
N0 2
0.4507 0.5493 
N1 2
0.543 0.457 
N2 2
0.4314 0.5686 
N3 2
0.4745 0.5255 
N4 2
0.4735 0.5265 
6 102.4347 1.5917
5 101.6782 1.4551
0 99.8047 1.4356
7 102.2569 100.0001
8 106.5403 1.4355
1 104.4839 0.6089
3 121.637 0.0411
4 114.2553 114.2553
###===
18 0 7 0 0 0 0
N4 1 4
N0 N1 N2 N3 
0 1 1 0 
0.3006 0.8006 
0.2019 0.7981 
N0 2
0.4507 0.5493 
N1 2
0.543 0.457 
N2 2
0.4314 0.5686 
N3 2
0.4745 0.5255 
N4 2
0.4512 0.5488 
6 102.4347 1.5917
5 102.97 1.4551
0 99.8047 1.4356
7 103.7085 1.767
8 106.5403 1.4355
1 104.5135 0.6089
3 121.6371 0.0411
4 114.2553 114.2553
###===
19 0 2 50.5205 0 0 0
N0 0 2
N1 N2 
1 1 
0.2055 0.8532 
0.2088 0.7912 
N0 2
0.3484 0.6516 
N1 2
0.543 0.457 
N2 2
0.4314 0.5686 
N3 2
0.4601 0.5399 
N4 2
0.4511 0.5489 
6 97.4445 1.5917
5 101.0628 1.4551
0 99.8047 1.4356
7 102.7764 1.767
8 106.5422 1.4355
2 162.063 2.2794
1 105.6014 0.6089
3 121.6371 0.0411
4 114.2553 114.2553
###===
20 0 4 0 0 0 0
N3 0 4
N0 N1 N2 N4 
1 1 0 0 
0.2265 0.7735 
0.7708 0.2292 
N0 2
0.3484 0.6516 
N1 2
0.543 0.457 
N2 2
0.4314 0.5686 
N3 2
0.4777 0.5223 
N4 2
0.4511 0.5489 
6 97.4446 1.5917
5 101.0629 1.4551
0 99.8047 1.4356
7 102.7764 1.767
8 106.5422 1.4355
2 162.063 2.2794
1 105.6014 0.6089
3 121.6371 0.0411
4 115.7045 1.7233
###===
21 0 7 51.8881 0 0 0
N2 0 2
N1 N4 
1 1 
0.1207 0.7718 
0.124 0.876 
N0 2
0.3378 0.6622 
N1 2
0.543 0.457 
N2 2
0.3653 0.6347 
N3 2
0.4887 0.5113 
N4 2
0.4511 0.5489 
6 100.5216 1.5917
5 101.4236 1.4551
0 99.8047 1.4356
7 160.6417 3.8524
8 105.9806 1.4355
2 164.8577 2.2794
1 107.4421 0.6089
3 121.6371 0.0411
4 115.7044 1.7233
###===
22 0 4 24.268 0 0 0
N0 1 4
N1 N2 N3 N4 
1 1 1 1 
0.3378 0.9549 
0.6592 0.3408 
N0 2
0.3884 0.6116 
N1 2
0.543 0.457 
N2 2
0.3653 0.6347 
N3 2
0.4887 0.5113 
N4 2
0.4511 0.5489 
6 102.9918 1.5917
5 96.4335 1.4551
0 99.8047 1.4356
7 160.6417 3.8524
8 105.9806 1.4355
2 152.6647 2.2794
1 107.4421 0.6089
3 121.6371 0.0411
4 150.919 1.2966
###===
23 0 3 0 0 0 0
N0 1 3
N1 N3 N4 
1 1 0 
0.3032 0.727 
0.2751 0.7249 
N0 2
0.3885 0.6115 
N1 2
0.543 0.457 
N2 2
0.3653 0.6347 
N3 2
0.4887 0.5113 
N4 2
0.4511 0.5489 
6 102.9881 1.5917
5 96.4335 1.4551
0 99.8047 1.4356
7 160.6418 3.8524
8 105.9859 1.4355
2 152.6476 2.2794
1 107.4421 0.6089
3 121.6287 1.1113
4 150.9237 1.2966
###===
24 0 2 23.4531 0 0 0
N2 0 4
N0 N1 N3 N4 
1 0 0 0 
0.1645 0.8651 
0.8615 0.1385 
N0 2
0.3885 0.6115 
N1 2
0.543 0.457 
N2 2
0.3878 0.6122 
N3 2
0.4887 0.5113 
N4 2
0.4511 0.5489 
6 102.9881 1.5917
5 96.4335 1.4551
0 99.8047 1.4356
7 161.2831 3.8524
8 105.9859 1.4355
2 178.4292 3.7465
1 107.4421 0.6089
3 121.6287 1.1113
4 150.9237 1.2966
###===
25 0 8 0 0 1 0
N2 1 4
N0 N1 N3 N4 
1 1 1 1 
0.3664 0.8664 
0.1361 0.8639 
N0 2
0.3885 0.6115 
N1 2
0.543 0.457 
N2 2
0.3821 0.6179 
N3 2
0.4887 0.5113 
N4 2
0.4511 0.5489 
6 102.9881 1.5917
5 96.4335 1.4551
0 99.8047 1.4356
7 162.3681 3.8524
8 106.3022 1.4355
2 178.9571 3.7465
1 107.4421 0.6089
3 121.6287 1.1113
4 150.1408 1.2966
N2
0
N0 2
0.3173 0.6827 
N1 2
0.7063 0.2937 
N3 2
0.5005 0.4995 
N4 2
0.5618 0.4382 
6 92.3087 1.5917
5 99.9998 99.9998
0 99.4887 1.4356
7 147.387 3.8524
8 106.7372 2.6482
2 184.5084 173.9736
1 103.2187 1.2782
3 110.5491 1.1113
4 142.3281 25.9913
###===
26 0 7 0 0 0 0
N1 1 3
N0 N3 N4 
0 1 1 
0.1494 0.7046 
0.2982 0.7018 
N0 2
0.3173 0.6827 
N1 2
0.6335 0.3665 
N3 2
0.5005 0.4995 
N4 2
0.5618 0.4382 
6 85.151 1.5917
5 99.9998 99.9998
0 99.4887 1.4356
7 151.0857 1.3473
8 106.7372 2.6482
2 184.5084 173.9736
1 103.2187 1.2782
3 110.5491 1.1113
4 142.3281 25.9913
###===
27 0 2 0 0 0 0
N0 0 2
N1 N4 
0 0 
0.0719 0.7725 
0.769 0.231 
N0 2
0.5022 0.4978 
N1 2
0.6335 0.3665 
N3 2
0.4672 0.5328 
N4 2
0.5618 0.4382 
6 85.151 1.5917
5 99.9998 99.9998
0 99.4887 1.4356
7 145.8067 1.3473
8 110.9872 2.6482
2 208.4496 2.1975
1 103.2187 1.2782
3 87.7819 1.1113
4 142.3282 25.9913
###===
28 0 1 0 0 0 0
N3 0 3
N0 N1 N4 
1 0 0 
0.3053 0.8053 
0.3078 0.6922 
N0 2
0.5022 0.4978 
N1 2
0.6335 0.3665 
N3 2
0.4428 0.5572 
N4 2
0.5618 0.4382 
6 85.1509 1.5917
5 99.9998 99.9998
0 99.4887 1.4356
7 145.8067 1.3473
8 110.9872 2.6482
2 206.8611 2.1975
1 105.4029 1.166
3 87.7819 1.1113
4 142.3281 25.9913
###===
29 0 6 48.5533 0 0 0
N4 1 2
N0 N1 
0 0 
0.0838 0.7267 
0.913 0.087 
N0 2
0.5022 0.4978 
N1 2
0.6335 0.3665 
N3 2
0.4381 0.5619 
N4 2
0.6137 0.3863 
6 137.4895 5.4565
5 99.9998 99.9998
0 102.147 1.4356
7 149.5525 1.3473
8 111.1747 2.6482
2 215.5662 2.1975
1 105.4029 1.166
3 81.3987 1.1113
4 142.3282 25.9913
###===
30 0 1 0 0 0 0
N1 0 3
N0 N3 N4 
1 1 1 
0.2777 0.9493 
0.946 0.054 
N0 2
0.5022 0.4978 
N1 2
0.6408 0.3592 
N3 2
0.4381 0.5619 
N4 2
0.6137 0.3863 
6 137.4895 5.4565
5 99.9998 99.9998
0 102.1469 1.4356
7 150.6242 1.3473
8 111.8795 2.6482
2 215.5662 2.1975
1 106.2272 1.166
3 81.3987 1.1113
4 142.3282 25.9913
###===
31 0 8 0 0 0 0
N3 0 3
N0 N1 N4 
0 1 0 
0.2188 0.7874 
0.2216 0.7784 
N0 2
0.5022 0.4978 
N1 2
0.6408 0.3592 
N3 2
0.429 0.571 
N4 2
0.6137 0.3863 
6 137.4895 5.4565
5 99.9998 99.9998
0 102.1469 1.4356
7 150.6242 1.3473
8 112.8752 1.8304
2 215.5662 2.1975
1 106.2272 1.166
3 81.3605 1.1113
4 142.3282 25.9913
###===
32 0 8 0 0 0 0
N0 0 3
N1 N3 N4 
1 1 1 
0.3472 0.92 
0.3501 0.6499 
N0 2
0.4446 0.5554 
N1 2
0.6408 0.3592 
N3 2
0.429 0.571 
N4 2
0.6137 0.3863 
6 143.1581 5.4565
5 99.9998 99.9998
0 102.1469 1.4356
7 137.9871 1.3473
8 119.7375 1.1964
2 215.5662 2.1975
1 100.9943 1.166
3 81.3605 1.1113
4 142.3282 25.9913
###===
33 0 5 0 0 0 0
N3 0 3
N0 N1 N4 
1 1 0 
0.3856 0.8856 
0.8831 0.1169 
N0 2
0.4446 0.5554 
N1 2
0.6408 0.3592 
N3 2
0.4479 0.5521 
N4 2
0.6137 0.3863 
6 143.1581 5.4565
5 101.0056 3.1782
0 102.1469 1.4356
7 137.9871 1.3473
8 119.7375 1.1964
2 215.5662 2.1975
1 100.9943 1.166
3 81.3682 1.1113
4 145.6474 25.9913
###===
34 0 3 22.4441 0 0 0
N1 1 2
N3 N4 
0 1 
0.1301 0.773 
0.8667 0.1333 
N0 2
0.4407 0.5593 
N1 2
0.6698 0.3302 
N3 2
0.4479 0.5521 
N4 2
0.6137 0.3863 
6 143.291 5.4565
5 101.0056 3.1782
0 102.9272 1.4356
7 142.287 1.3473
8 119.7375 1.1964
2 215.5662 2.1975
1 98.6973 1.166
3 106.2548 3.5195
4 145.6474 25.9913
###===
35 0 2 2.5842 0 0 0
N4 0 1
N0 
1 
0.4332 0.8376 
0.4352 0.5648 
N0 2
0.4407 0.5593 
N1 2
0.6728 0.3272 
N3 2
0.4453 0.5547 
N4 2
0.6066 0.3934 
6 143.291 5.4565
5 100.9774 3.1782
0 103.0425 1.4356
7 141.9628 1.3473
8 120.0407 1.1964
2 218.5205 0.6737
1 98.5566 1.166
3 106.3071 3.5195
4 145.4474 25.9913
###===
36 0 0 0 0 1 0
N4 0 3
N0 N1 N3 
1 0 0 
0.1065 0.7368 
0.7337 0.2663 
N0 2
0.4407 0.5593 
N1 2
0.6728 0.3272 
N3 2
0.4453 0.5547 
N4 2
0.6657 0.3343 
6 143.291 5.4565
5 100.9774 3.1782
0 109.7424 1.4356
7 143.6487 1.3473
8 120.0407 1.1964
2 211.7751 0.6737
1 98.55 1.166
3 103.6654 3.5195
4 145.4474 25.9913
N4
1
N0 2
0.2317 0.7683 
N1 2
0.6415 0.3585 
N3 2
0.2061 0.7939 
6 120.8953 5.4565
5 99.9998 99.9998
0 84.7249 1.4356
7 115.4935 1.3473
8 132.0377 1.1964
2 179.0527 176.5578
1 106.7736 1.2781
3 148.1372 3.5195
4 138.5233 138.5233
###===
37 0 9 0 0 0 0
N3 1 1
N1 
1 
0.429 0.929 
0.0735 0.9265 
N0 2
0.232 0.768 
N1 2
0.6415 0.3585 
N3 2
0.1816 0.8184 
6 120.861 5.4565
5 99.9998 99.9998
0 84.7249 1.4356
7 117.3508 1.3473
8 134.4522 1.1964
9 101.1758 5.0434
2 179.0515 176.5578
1 105.3134 1.2781
3 151.6968 3.5195
4 138.5233 138.5233
###===
38 0 0 0 0 0 0
N0 1 2
N1 N3 
1 1 
0.3275 0.8275 
0.175 0.825 
N0 2
0.1756 0.8244 
N1 2
0.6415 0.3585 
N3 2
0.1816 0.8184 
6 126.4175 5.4565
5 99.9998 99.9998
0 88.155 1.4356
7 104.9636 1.3473
8 151.4515 1.1964
9 101.1758 5.0434
2 179.2349 176.5578
1 100.1839 1.2781
3 151.6968 3.5195
4 138.5233 138.5233
###===
39 0 1 0 0 0 0
N3 0 2
N0 N1 
0 0 
0.2982 0.7982 
0.3007 0.6993 
N0 2
0.1756 0.8244 
N1 2
0.6415 0.3585 
N3 2
0.1494 0.8506 
6 126.4175 5.4565
5 99.9998 99.9998
0 91.324 1.4356
7 100.1234 1.3473
8 152.7489 1.1964
9 101.1758 5.0434
2 179.2349 176.5578
1 102.9835 1.1995
3 150.2588 3.5195
4 138.5233 138.5233
###===
40 0 6 92.7638 0 0 0
N1 0 0
0.3247 0.8669 
0.8642 0.1358 
N0 2
0.1718 0.8282 
N1 2
0.8642 0.1358 
N3 2
0.1758 0.8242 
6 236.0012 2.8597
5 99.9998 99.9998
0 84.9905 1.4356
7 121.1962 1.3473
8 122.9524 1.1964
9 100.4454 5.0434
2 179.2471 176.5578
1 128.1251 1.1995
3 154.5439 3.5195
4 138.5233 138.5233
###===
41 0 5 0 0 0 0
N1 1 2
N0 N3 
0 1 
0.0885 0.5885 
0.414 0.586 
N0 2
0.1718 0.8282 
N1 2
0.8133 0.1867 
N3 2
0.1758 0.8242 
6 228.9583 2.8597
5 107.4913 0.8621
0 80.0057 1.4356
7 132.4914 1.3473
8 115.8684 1.1964
9 101.0091 5.0434
2 179.2471 176.5578
1 124.088 1.1995
3 154.5439 3.5195
4 138.5233 138.5233
###===
42 0 0 36.3333 0 0 0
N0 0 2
N1 N3 
0 1 
0.0309 0.6422 
0.034 0.966 
N0 2
0.1423 0.8577 
N1 2
0.8133 0.1867 
N3 2
0.1758 0.8242 
6 233.1802 2.8597
5 110.4162 0.8621
0 117.9988 13.6733
7 136.933 1.3473
8 114.6778 1.1964
9 101.0091 5.0434
2 179.343 176.5578
1 124.0155 1.1995
3 154.5439 3.5195
4 138.5233 138.5233
###===
43 0 0 0 0 0 0
N3 1 2
N0 N1 
0 0 
0.3031 0.4868 
0.5141 0.4859 
N0 2
0.1423 0.8577 
N1 2
0.8133 0.1867 
N3 2
0.1657 0.8343 
6 233.1802 2.8597
5 109.4167 0.8621
0 118.2282 0.2642
7 135.4152 1.3473
8 115.0847 1.1964
9 101.0091 5.0434
2 179.343 176.5578
1 125.8112 1.1995
3 154.093 3.5195
4 138.5233 138.5233
###===
44 0 0 0 0 0 0
N1 0 2
N0 N3 
1 1 
0.3176 0.9561 
0.9529 0.0471 
N0 2
0.1423 0.8577 
N1 2
0.8827 0.1173 
N3 2
0.1657 0.8343 
6 245.8925 2.8597
5 109.4167 0.8621
0 121.4764 0.2642
7 145.6964 1.3473
8 101.0377 1.1964
9 100.2401 5.0434
2 179.343 176.5578
1 137.4576 1.1995
3 154.093 3.5195
4 138.5234 138.5233
###===
45 0 2 0 0 0 0
N0 1 2
N1 N3 
1 1 
0.0921 0.8001 
0.4296 0.5704 
N0 2
0.1154 0.8846 
N1 2
0.8827 0.1173 
N3 2
0.1657 0.8343 
6 248.5337 2.8597
5 104.7797 0.8621
0 120.716 0.2642
7 139.8084 1.3473
8 109.1179 1.1964
9 100.24 5.0434
2 181.4756 110.348
1 135.0194 1.1995
3 154.0929 3.5195
4 138.5233 138.5233
###===
46 0 9 40.537 0 0 0
N3 1 2
N0 N1 
0 1 
0.3263 0.9513 
0.472 0.528 
N0 2
0.1154 0.8846 
N1 2
0.8827 0.1173 
N3 2
0.1857 0.8143 
6 248.5337 2.8597
5 101.3229 0.8621
0 122.6753 0.2642
7 135.4188 1.3473
8 111.0949 1.1964
9 143.0861 45.5804
2 182.8004 110.348
1 135.0194 1.1995
3 151.1906 3.5195
4 138.5233 138.5233
###===
47 0 1 0 0 0 0
N1 1 2
N0 N3 
0 1 
0.2241 0.8408 
0.1623 0.8377 
N0 2
0.1154 0.8846 
N1 2
0.8601 0.1399 
N3 2
0.1857 0.8143 
6 245.3991 2.8597
5 107.4832 0.8621
0 122.0033 0.2642
7 140.4459 1.3473
8 107.9421 1.1964
9 141.4756 45.5804
2 181.3003 110.348
1 135.9522 1.1995
3 151.1905 3.5195
4 138.5233 138.5233
###===
48 0 1 0 0 0 0
N1 0 2
N0 N3 
1 0 
0.9396 0.974 
0.9606 0.0394 
N0 2
0.1154 0.8846 
N1 2
0.8617 0.1383 
N3 2
0.1857 0.8143 
6 245.6957 2.8597
5 107.4832 0.8621
0 121.8441 0.2642
7 140.6857 1.3473
8 107.9421 1.1964
9 141.6294 45.5804
2 181.3003 110.348
1 135.8248 1.1995
3 151.498 3.5195
4 138.5233 138.5233
###===
49 0 4 0 0 0 0
N3 1 2
N0 N1 
0 0 
0.0833 0.7005 
0.9136 0.0864 
N0 2
0.1154 0.8846 
N1 2
0.8617 0.1383 
N3 2
0.1914 0.8086 
6 245.6957 2.8597
5 108.0475 0.8621
0 121.4582 0.2642
7 141.5426 1.3473
8 107.7124 1.1964
9 141.6294 45.5804
2 181.3003 110.348
1 135.8159 1.1995
3 151.7525 3.5195
4 138.9102 5.3073
###===
50 0 8 0 0 0 0
N0 0 2
N1 N3 
0 1 
0.002 0.5027 
0.0045 0.9955 
N0 2
0.1148 0.8852 
N1 2
0.8617 0.1383 
N3 2
0.1914 0.8086 
6 245.7824 2.8597
5 108.1075 0.8621
0 121.5129 0.2642
7 141.6338 1.3473
8 107.6955 1.1964
9 141.6294 45.5804
2 181.3023 110.348
1 135.9213 1.1995
3 151.7525 3.5195
4 138.9909 5.3073
###===
51 0 1 0 0 0 0
N3 1 2
N0 N1 
0 1 
0.181 0.8382 
0.8157 0.1843 
N0 2
0.1148 0.8852 
N1 2
0.8617 0.1383 
N3 2
0.2268 0.7732 
6 245.7824 2.8597
5 101.9821 0.8621
0 124.9848 0.2642
7 133.8557 1.3473
8 111.1985 1.1964
9 150.7802 45.5804
2 183.6497 110.348
1 138.0713 1.1995
3 146.6096 3.5195
4 138.9909 5.3073
###===
52 0 6 15.9464 0 0 0
N3 1 1
N0 
1 
0.3794 0.9356 
0.6178 0.3822 
N0 2
0.1148 0.8852 
N1 2
0.8791 0.1209 
N3 2
0.6453 0.3547 
6 339.9204 1.0678
5 101.9821 0.8621
0 81.2182 0.2642
7 136.4237 1.3473
8 104.3069 1.1964
9 148.84 45.5804
2 180.8315 110.348
1 72.0135 1.1995
3 162.1956 3.5195
4 138.9909 5.3073
###===
53 0 2 0 0 1 0
N1 0 1
N3 
1 
0.2604 0.9467 
0.9433 0.0567 
N0 2
0.1083 0.8917 
N1 2
0.8996 0.1004 
N3 2
0.6453 0.3547 
6 343.5518 1.0678
5 100.8033 0.8621
0 84.055 0.2642
7 137.9594 1.3473
8 102.181 1.1964
9 149.1637 45.5804
2 181.1604 8.8989
1 75.4624 1.1995
3 162.1956 3.5195
4 138.9635 5.3073
N1
0
N0 2
0.0478 0.9522 
N3 2
0.628 0.372 
6 372.7083 157.1584
5 99.6307 0.8621
0 80.8348 0.2642
7 151.3277 1.3473
8 100.1019 99.9999
9 140.537 140.537
2 183.0457 176.5578
1 67.0475 1.1995
3 176.6662 148.5771
4 139.0127 5.3073
###===
54 0 4 0 0 0 0
N3 1 1
N0 
1 
0.1481 0.7652 
0.2379 0.7621 
N0 2
0.0478 0.9522 
N3 2
0.2706 0.7294 
6 256.4825 157.1584
5 99.6307 0.8621
0 123.8932 0.2642
7 151.3277 1.3473
8 100.1468 99.9999
9 140.537 140.537
2 186.3089 176.5578
1 129.1185 1.1995
3 160.6802 148.5771
4 179.0819 1.9079
###===
55 0 9 0 0 0 0
N3 1 1
N0 
0 
0.0294 0.6519 
0.9675 0.0325 
N0 2
0.0478 0.9522 
N3 2
0.2728 0.7272 
6 256.4825 157.1584
5 99.8458 0.8621
0 123.746 0.2642
7 151.6543 1.3473
8 100.1144 99.9999
9 140.6617 14.4314
2 186.2891 176.5578
1 129.1151 1.1995
3 160.7773 148.5771
4 179.4195 1.9079
###===
56 0 1 0 0 0 0
N3 1 1
N0 
1 
0.2237 0.7673 
0.2354 0.7646 
N0 2
0.0478 0.9522 
N3 2
0.2704 0.7296 
6 255.7084 157.1584
5 99.8458 0.8621
0 124.0328 0.2642
7 151.6543 1.3473
8 100.1147 99.9999
9 140.6617 14.4314
2 186.3108 176.5578
1 129.5309 1.1995
3 160.6708 148.5771
4 179.9777 1.9079
###===
57 0 1 0 0 0 0
N3 1 1
N0 
1 
0.2237 0.7673 
0.7736 0.2264 
N0 2
0.0478 0.9522 
N3 2
0.7829 0.2171 
6 422.3537 157.1584
5 99.8458 0.8621
0 62.2954 0.2642
7 151.6543 1.3473
8 100.0502 99.9999
9 140.6617 14.4314
2 181.6321 176.5578
1 128.097 1.1996
3 183.5916 148.5771
4 59.8137 1.9079
###===
58 0 8 90.106 0 0 0
N3 0 1
N0 
0 
0.259 0.9922 
0.9885 0.0115 
N0 2
0.0478 0.9522 
N3 2
0.7839 0.2161 
6 422.3537 157.1584
5 99.9453 0.8621
0 62.2274 0.2642
7 151.8055 1.3473
8 190.2053 55.1594
9 140.7953 14.4314
2 181.6229 176.5578
1 128.0955 1.1996
3 183.6365 148.5771
4 59.9698 1.9079
###===
59 0 5 0 0 0 1
N0 0 0
0.0475 0.5239 
0.5215 0.4785 
N0 2
0.5215 0.4785 
N3 2
0.8857 0.1143 
6 290.4248 157.1584
5 231.6904 0.7256
0 31.79 0.2642
7 150.9854 1.3473
8 190.9073 55.1594
9 143.3546 14.4314
2 179.1553 176.5578
1 64.9765 1.1996
3 188.1895 148.5771
4 109.2792 1.9079
59
6 290.4248 157.1584
5 99.4053 0.8621
0 31.79 0.2642
7 150.9854 1.3473
8 190.9073 55.1594
9 143.3546 14.4314
2 179.1553 176.5578
1 64.9765 1.1996
3 188.1895 148.5771
4 109.2792 1.9079
N0 2
0.5215 0.4785 
N3 2
0.8857 0.1143 
###===
60 0 7 20.9008 0 1 0
N3 0 0
0.2674 0.902 
0.8988 0.1012 
N0 2
0.5285 0.4715 
N3 2
0.8988 0.1012 
6 292.0218 157.1584
5 99.4736 0.8621
0 29.9819 0.2642
7 172.117 4.649
8 191.0223 55.1594
9 143.4944 14.4314
2 179.0129 176.5578
1 65.9132 1.1996
3 188.7767 148.5771
4 107.5745 1.9079
N3
1
N0 2
0.0525 0.9475 
6 182.695 157.1584
5 94.7995 0.8621
0 153.7508 68.0688
7 147.2932 4.649
8 183.1464 55.1594
9 133.922 14.4314
2 188.7643 185.6875
1 1.7921 1.7381
3 148.5771 148.5771
4 224.2652 5.3073
###===
61 0 7 62.9181 0 0 0
N0 0 0
0.0328 0.7911 
0.7873 0.2127 
N0 2
0.7873 0.2127 
6 162.8908 157.1584
5 21.9487 0.8621
0 87.3023 68.0688
7 361.3988 2.5708
8 83.8893 55.1594
9 41.2541 14.4314
2 186.3782 185.6875
1 2.55 1.7381
3 148.5771 148.5771
4 54.4578 5.3073
###===
62 0 5 0 0 0 0
N0 0 0
0.7826 0.8936 
0.7832 0.2168 
N0 2
0.7832 0.2168 
6 163.0013 157.1584
5 22.3624 0.1088
0 87.673 68.0688
7 359.5302 2.5708
8 84.4431 55.1594
9 41.7711 14.4314
2 186.3915 185.6875
1 2.5457 1.7381
3 148.5771 148.5771
4 55.4053 5.3073
###===
63 0 1 0 0 0 1
N0 0 0
0.7683 0.7858 
0.7728 0.2272 
N0 2
0.7728 0.2272 
6 163.2815 157.1584
5 23.4299 0.1088
0 88.6134 68.0688
7 354.7901 2.5708
8 85.8479 55.1594
9 43.0826 14.4314
2 186.4252 185.6875
1 2.5804 0.8407
3 148.5771 148.5771
4 57.8085 5.3073
59
6 163.2815 157.1584
5 23.3862 0.8621
0 88.6134 68.0688
7 119.3691 85.1662
8 85.8479 55.1594
9 43.0826 14.4314
2 186.4252 185.6875
1 2.535 1.7381
3 148.5771 148.5771
4 57.8085 5.3073
N0 2
0.7728 0.2272 
###===
64 0 9 0 0 0 0
N0 1 0
0.0858 0.3008 
0.9132 0.0868 
N0 2
0.9132 0.0868 
6 159.4977 157.1584
5 9.4673 0.8621
0 75.9177 68.0688
7 98.2331 85.1662
8 66.8837 55.1594
9 35.321 1.7174
2 185.9693 185.6875
1 2.6798 1.7381
3 148.5771 148.5771
4 25.3649 5.3073
###===
65 0 6 0 0 0 0
N0 0 0
0.3072 0.9758 
0.9724 0.0276 
N0 2
0.9724 0.0276 
6 162.1517 18.806
5 3.5983 0.8621
0 70.5645 68.0688
7 89.3211 85.1662
8 58.8874 55.1594
9 37.4994 1.7174
2 185.7771 185.6875
1 2.7408 1.7381
3 148.5771 148.5771
4 11.685 5.3073
###===
66 0 4 0 0 0 0
N0 0 0
0.9373 0.9946 
0.9944 0.0056 
N0 2
0.9944 0.0056 
6 165.3948 18.806
5 1.4173 0.8621
0 68.5752 68.0688
7 86.0092 85.1662
8 55.9158 55.1594
9 38.3089 1.7174
2 185.7057 185.6875
1 2.7635 1.7381
3 148.5771 148.5771
4 8.5222 6.2697
###===
67 0 3 0 0 0 0
N0 1 0
0.002 0.6449 
0.4854 0.5146 
N0 2
0.4854 0.5146 
6 90.3609 18.806
5 51.8784 0.8621
0 114.6017 68.0688
7 162.6346 85.1662
8 124.6676 55.1594
9 19.579 1.7174
2 187.3585 185.6875
1 2.2386 1.7381
3 433.9711 45.1119
4 7.3692 6.2697
###===
68 0 2 0 0 0 0
N0 1 0
0.1389 0.866 
0.1376 0.8624 
N0 2
0.1376 0.8624 
6 39.0902 18.806
5 86.3585 0.8621
0 146.0516 68.0688
7 214.9927 85.1662
8 171.6457 55.1594
9 6.7808 1.7174
2 227.7033 3.8181
1 1.88 1.7381
3 696.7874 45.1119
4 6.5814 6.2697
###===
69 0 4 0 0 0 0
N0 1 0
0.8257 0.8703 
0.1299 0.8701 
N0 2
0.1299 0.8701 
6 37.9551 18.806
5 87.1218 0.8621
0 146.7479 68.0688
7 216.1519 85.1662
8 172.6858 55.1594
9 6.4974 1.7174
2 229.7022 3.8181
1 1.872 1.7381
3 702.6059 45.1119
4 6.6006 0.227
###===
70 0 0 0 0 0 0
N0 1 0
0.29 0.919 
0.0842 0.9158 
N0 2
0.0842 0.9158 
6 31.2183 18.806
5 91.6524 0.8621
0 152.3768 5.5179
7 223.0316 85.1662
8 178.8586 55.1594
9 4.8158 1.7174
2 241.5663 3.8181
1 1.8249 1.7381
3 737.1392 45.1119
4 6.9354 0.227
###===
71 0 1 52.2019 0 0 0
N0 0 0
0.0575 0.3699 
0.0591 0.9409 
N0 2
0.0591 0.9409 
6 27.5182 18.806
5 94.1408 0.8621
0 156.4019 5.5179
7 226.8102 85.1662
8 182.2489 55.1594
9 3.8922 1.7174
2 248.0824 3.8181
1 54.6532 3.905
3 756.1062 45.1119
4 7.1192 0.227
###===
72 0 7 0 0 0 0
N0 0 0
0.0328 0.8163 
0.8124 0.1876 
N0 2
0.8124 0.1876 
6 138.5654 18.806
5 19.4604 0.8621
0 35.6017 5.5179
7 376.9299 3.069
8 80.499 55.1594
9 31.6118 1.7174
2 52.5204 3.8181
1 14.0234 3.905
3 186.8725 45.1119
4 1.6012 0.227
###===
73 0 2 0 0 0 0
N0 0 0
0.7912 0.9698 
0.9689 0.0311 
N0 2
0.9689 0.0311 
6 161.6358 18.806
5 3.9453 0.8621
0 10.5051 5.5179
7 448.9502 3.069
8 59.3602 55.1594
9 37.3706 1.7174
2 28.454 4.1579
1 5.5824 3.905
3 68.6127 45.1119
4 0.4548 0.227
###===
74 0 4 0 0 0 0
N0 1 0
0.0295 0.0326 
0.9674 0.0326 
N0 2
0.9674 0.0326 
6 161.4146 18.806
5 4.094 0.8621
0 10.7457 5.5179
7 448.2599 3.069
8 59.5628 55.1594
9 37.3154 1.7174
2 28.4164 4.1579
1 5.6633 3.905
3 69.7462 45.1119
4 0.4711 0.0034
###===
75 0 3 0 0 0 0
N0 0 0
0.7076 0.9999 
0.9984 0.0016 
N0 2
0.9984 0.0016 
6 165.9845 18.806
5 1.0207 0.8621
0 5.7745 5.5179
7 462.5259 3.069
8 55.3756 55.1594
9 38.4561 1.7174
2 29.1938 4.1579
1 3.9913 3.905
3 50.1684 49.6624
4 0.0264 0.0034
###===
76 0 1 0 0 0 0
N0 0 0
0.9717 0.9989 
0.9988 0.0012 
N0 2
0.9988 0.0012 
6 166.0434 18.806
5 0.9811 0.8621
0 5.7103 5.5179
7 462.7099 3.069
8 55.3215 55.1594
9 38.4708 1.7174
2 29.2038 4.1579
1 3.9776 3.9628
3 50.0419 49.6624
4 0.0207 0.0034
###===
77 0 2 0 0 0 0
N0 1 0
0.0012 0.1844 
0.9979 0.0021 
N0 2
0.9979 0.0021 
6 165.9108 18.806
5 1.0703 0.8621
0 5.8546 5.5179
7 462.2958 3.069
8 55.4431 55.1594
9 38.4377 1.7174
2 29.221 29.1038
1 3.9888 3.9628
3 50.3265 49.6624
4 0.0336 0.0034
###===
78 0 9 0 0 0 0
N0 1 0
0.0021 0.2359 
0.7653 0.2347 
N0 2
0.7653 0.2347 
6 131.6222 18.806
5 24.1297 0.8621
0 43.1547 5.5179
7 355.2548 3.069
8 86.8609 55.1594
9 160.2741 0.228
2 42.1976 29.1038
1 6.867 3.9628
3 123.8816 49.6624
4 3.3701 0.0034
###===
79 0 7 59.9622 0 1 0
N0 0 0
0.0204 0.8484 
0.8442 0.1558 
N0 2
0.8442 0.1558 
6 143.2532 18.806
5 16.3078 0.8621
0 30.5022 5.5179
7 454.267 3.9189
8 76.2037 55.1594
9 106.4708 0.228
2 37.7958 29.1038
1 5.8907 3.9628
3 98.9311 49.6624
4 2.2383 0.0034
N0
1
6 18.806 18.806
5 99.9998 99.9998
0 165.8793 165.8793
7 3.9189 3.9189
8 190.2317 190.2317
9 682.1459 682.1459
2 84.8934 84.8934
1 16.3371 16.3371
3 365.8924 365.8924
4 14.3479 14.3479
