Gch_comingSoon999
0 11 0 0 0 0 0
N1 N2 N3 N4 N5 N6 N7 N8 N9 N10 N11
2 2 3 4 2 2 3 2 3 2 4
N2 0 1
N1 
0 
0.000488 0.999512 
0.016200 0.983800
N1 2
0.500000 0.500000
N2 2
0.258100 0.741900
N3 3
0.333333 0.333333 0.333333
N4 4
0.250000 0.250000 0.250000 0.250000
N5 2
0.500000 0.500000
N6 2
0.500000 0.500000
N7 3
0.333333 0.333333 0.333333
N8 2
0.500000 0.500000
N9 3
0.333333 0.333333 0.333333
N10 2
0.500000 0.500000
N11 4
0.250000 0.250000 0.250000 0.250000
0 1044.023166 505.213762 
###===
1 0 0 0 0 0 0
N2 0 1
N3 
2 
0.007779 0.999275 
0.199800 0.800200
N1 2
0.512275 0.487725
N2 2
0.238667 0.761333
N3 3
0.333333 0.333333 0.333333
N4 4
0.250000 0.250000 0.250000 0.250000
N5 2
0.500000 0.500000
N6 2
0.500000 0.500000
N7 3
0.333333 0.333333 0.333333
N8 2
0.500000 0.500000
N9 3
0.333333 0.333333 0.333333
N10 2
0.500000 0.500000
N11 4
0.250000 0.250000 0.250000 0.250000
0 1046.034038 468.276407 
###===
2 0 0 0 0 0 0
N11 2 1
N10 
1 
0.009734 0.970798 
0.316067 0.316067 0.051800 0.316067
N1 2
0.512275 0.487725
N2 2
0.238667 0.761333
N3 3
0.333333 0.333333 0.333333
N4 4
0.250000 0.250000 0.250000 0.250000
N5 2
0.500000 0.500000
N6 2
0.500000 0.500000
N7 3
0.333333 0.333333 0.333333
N8 2
0.500000 0.500000
N9 3
0.333333 0.333333 0.333333
N10 2
0.500000 0.500000
N11 4
0.283033 0.283033 0.150900 0.283033
0 1056.191238 241.185997 
###===
3 0 0 0 0 0 0
N10 0 1
N9 
1 
0.019468 0.906043 
0.356300 0.643700
N1 2
0.512275 0.487725
N2 2
0.238667 0.761333
N3 3
0.333333 0.333333 0.333333
N4 4
0.250000 0.250000 0.250000 0.250000
N5 2
0.500000 0.500000
N6 2
0.500000 0.500000
N7 3
0.333333 0.333333 0.333333
N8 2
0.500000 0.500000
N9 3
0.333333 0.333333 0.333333
N10 2
0.452100 0.547900
N11 4
0.286198 0.286198 0.141406 0.286198
0 1059.178664 241.185997 
###===
4 0 0 0 0 0 0
N8 0 1
N9 
2 
0.093957 0.906043 
0.618900 0.381100
N1 2
0.512275 0.487725
N2 2
0.238667 0.761333
N3 3
0.333333 0.333333 0.333333
N4 4
0.250000 0.250000 0.250000 0.250000
N5 2
0.500000 0.500000
N6 2
0.500000 0.500000
N7 3
0.333333 0.333333 0.333333
N8 2
0.539633 0.460367
N9 3
0.333333 0.333333 0.333333
N10 2
0.452100 0.547900
N11 4
0.286198 0.286198 0.141406 0.286198
0 1060.551491 202.010149 
###===
5 0 0 0 0 0 0
N7 1 1
N8 
0 
0.062638 0.874724 
0.323950 0.352100 0.323950
N1 2
0.512275 0.487725
N2 2
0.238667 0.761333
N3 3
0.333333 0.333333 0.333333
N4 4
0.250000 0.250000 0.250000 0.250000
N5 2
0.500000 0.500000
N6 2
0.500000 0.500000
N7 3
0.328270 0.343460 0.328270
N8 2
0.539633 0.460367
N9 3
0.333333 0.333333 0.333333
N10 2
0.452100 0.547900
N11 4
0.286198 0.286198 0.141406 0.286198
0 1060.612628 202.010149 
###===
6 0 0 0 0 0 0
N7 1 1
N6 
1 
0.084677 0.838136 
0.269850 0.460300 0.269850
N1 2
0.512275 0.487725
N2 2
0.238667 0.761333
N3 3
0.333333 0.333333 0.333333
N4 4
0.250000 0.250000 0.250000 0.250000
N5 2
0.500000 0.500000
N6 2
0.500000 0.500000
N7 3
0.299060 0.401880 0.299060
N8 2
0.540841 0.459159
N9 3
0.333269 0.333269 0.333462
N10 2
0.452109 0.547891
N11 4
0.286197 0.286197 0.141408 0.286197
0 1063.115780 173.737726 
###===
7 0 0 0 0 0 0
N5 1 1
N6 
1 
0.149957 0.850043 
0.609200 0.390800
N1 2
0.512275 0.487725
N2 2
0.238667 0.761333
N3 3
0.333333 0.333333 0.333333
N4 4
0.250000 0.250000 0.250000 0.250000
N5 2
0.554600 0.445400
N6 2
0.500000 0.500000
N7 3
0.299060 0.401880 0.299060
N8 2
0.540841 0.459159
N9 3
0.333269 0.333269 0.333462
N10 2
0.452109 0.547891
N11 4
0.286197 0.286197 0.141408 0.286197
0 1064.850086 138.187963 
###===
8 0 0 0 0 0 0
N5 1 1
N4 
3 
0.170908 0.863268 
0.461400 0.538600
N1 2
0.512275 0.487725
N2 2
0.238667 0.761333
N3 3
0.333333 0.333333 0.333333
N4 4
0.250000 0.250000 0.250000 0.250000
N5 2
0.531300 0.468700
N6 2
0.502575 0.497425
N7 3
0.299210 0.401579 0.299210
N8 2
0.540835 0.459165
N9 3
0.333269 0.333269 0.333461
N10 2
0.452109 0.547891
N11 4
0.286197 0.286197 0.141408 0.286197
0 1064.738309 138.187963 
###===
9 0 0 0 0 0 0
N3 1 1
N4 
0 
0.099015 0.744188 
0.427050 0.145900 0.427050
N1 2
0.513138 0.486862
N2 2
0.237301 0.762699
N3 3
0.356763 0.286475 0.356762
N4 4
0.250000 0.250000 0.250000 0.250000
N5 2
0.531300 0.468700
N6 2
0.502575 0.497425
N7 3
0.299210 0.401579 0.299210
N8 2
0.540835 0.459165
N9 3
0.333269 0.333269 0.333461
N10 2
0.452109 0.547891
N11 4
0.286197 0.286197 0.141408 0.286197
0 1068.164105 55.926748 
