Gch_comingSoon999
0 21 0 0 0 0 0
N1 N2 N3 N4 N5 N6 N7 N8 N9 N10 N11 N12 N13 N14 N15 N16 N17 N18 N19 N20 N21
3 2 4 4 2 4 3 4 3 4 3 3 3 2 4 3 2 3 4 3 2
N1 0 1
N2 
1 
0.000326 0.999349 
0.944200 0.027900 0.027900
N1 3
0.638767 0.180617 0.180617
N2 2
0.500000 0.500000
N3 4
0.250000 0.250000 0.250000 0.250000
N4 4
0.250000 0.250000 0.250000 0.250000
N5 2
0.500000 0.500000
N6 4
0.250000 0.250000 0.250000 0.250000
N7 3
0.333333 0.333333 0.333333
N8 4
0.250000 0.250000 0.250000 0.250000
N9 3
0.333333 0.333333 0.333333
N10 4
0.250000 0.250000 0.250000 0.250000
N11 3
0.333333 0.333333 0.333333
N12 3
0.333333 0.333333 0.333333
N13 3
0.333333 0.333333 0.333333
N14 2
0.500000 0.500000
N15 4
0.250000 0.250000 0.250000 0.250000
N16 3
0.333333 0.333333 0.333333
N17 2
0.500000 0.500000
N18 3
0.333333 0.333333 0.333333
N19 4
0.250000 0.250000 0.250000 0.250000
N20 3
0.333333 0.333333 0.333333
N21 2
0.500000 0.500000
0 1060.931037 642.137143 
###===
1 0 0 0 0 0 0
N2 1 1
N3 
3 
0.005834 0.999512 
0.223700 0.776300
N1 3
0.680962 0.159519 0.159519
N2 2
0.430925 0.569075
N3 4
0.250000 0.250000 0.250000 0.250000
N4 4
0.250000 0.250000 0.250000 0.250000
N5 2
0.500000 0.500000
N6 4
0.250000 0.250000 0.250000 0.250000
N7 3
0.333333 0.333333 0.333333
N8 4
0.250000 0.250000 0.250000 0.250000
N9 3
0.333333 0.333333 0.333333
N10 4
0.250000 0.250000 0.250000 0.250000
N11 3
0.333333 0.333333 0.333333
N12 3
0.333333 0.333333 0.333333
N13 3
0.333333 0.333333 0.333333
N14 2
0.500000 0.500000
N15 4
0.250000 0.250000 0.250000 0.250000
N16 3
0.333333 0.333333 0.333333
N17 2
0.500000 0.500000
N18 3
0.333333 0.333333 0.333333
N19 4
0.250000 0.250000 0.250000 0.250000
N20 3
0.333333 0.333333 0.333333
N21 2
0.500000 0.500000
0 1075.177003 642.137143 
###===
2 0 0 0 0 0 0
N3 3 1
N4 
0 
0.001879 0.991249 
0.244100 0.244100 0.244100 0.267700
N1 3
0.681709 0.159145 0.159145
N2 2
0.429702 0.570298
N3 4
0.248525 0.248525 0.248525 0.254425
N4 4
0.250000 0.250000 0.250000 0.250000
N5 2
0.500000 0.500000
N6 4
0.250000 0.250000 0.250000 0.250000
N7 3
0.333333 0.333333 0.333333
N8 4
0.250000 0.250000 0.250000 0.250000
N9 3
0.333333 0.333333 0.333333
N10 4
0.250000 0.250000 0.250000 0.250000
N11 3
0.333333 0.333333 0.333333
N12 3
0.333333 0.333333 0.333333
N13 3
0.333333 0.333333 0.333333
N14 2
0.500000 0.500000
N15 4
0.250000 0.250000 0.250000 0.250000
N16 3
0.333333 0.333333 0.333333
N17 2
0.500000 0.500000
N18 3
0.333333 0.333333 0.333333
N19 4
0.250000 0.250000 0.250000 0.250000
N20 3
0.333333 0.333333 0.333333
N21 2
0.500000 0.500000
0 1075.458833 638.691563 
###===
3 0 0 0 0 0 0
N4 3 1
N5 
0 
0.002917 0.991038 
0.108100 0.108100 0.108100 0.675700
N1 3
0.681497 0.159251 0.159251
N2 2
0.430049 0.569951
N3 4
0.248944 0.248944 0.248944 0.253169
N4 4
0.179050 0.179050 0.179050 0.462850
N5 2
0.500000 0.500000
N6 4
0.250000 0.250000 0.250000 0.250000
N7 3
0.333333 0.333333 0.333333
N8 4
0.250000 0.250000 0.250000 0.250000
N9 3
0.333333 0.333333 0.333333
N10 4
0.250000 0.250000 0.250000 0.250000
N11 3
0.333333 0.333333 0.333333
N12 3
0.333333 0.333333 0.333333
N13 3
0.333333 0.333333 0.333333
N14 2
0.500000 0.500000
N15 4
0.250000 0.250000 0.250000 0.250000
N16 3
0.333333 0.333333 0.333333
N17 2
0.500000 0.500000
N18 3
0.333333 0.333333 0.333333
N19 4
0.250000 0.250000 0.250000 0.250000
N20 3
0.333333 0.333333 0.333333
N21 2
0.500000 0.500000
0 1104.228863 517.735406 
###===
4 0 0 0 0 0 0
N5 0 1
N6 
0 
0.013818 0.994025 
0.389200 0.610800
N1 3
0.681509 0.159246 0.159246
N2 2
0.430030 0.569970
N3 4
0.248920 0.248920 0.248920 0.253239
N4 4
0.182981 0.182981 0.182981 0.451058
N5 2
0.472300 0.527700
N6 4
0.250000 0.250000 0.250000 0.250000
N7 3
0.333333 0.333333 0.333333
N8 4
0.250000 0.250000 0.250000 0.250000
N9 3
0.333333 0.333333 0.333333
N10 4
0.250000 0.250000 0.250000 0.250000
N11 3
0.333333 0.333333 0.333333
N12 3
0.333333 0.333333 0.333333
N13 3
0.333333 0.333333 0.333333
N14 2
0.500000 0.500000
N15 4
0.250000 0.250000 0.250000 0.250000
N16 3
0.333333 0.333333 0.333333
N17 2
0.500000 0.500000
N18 3
0.333333 0.333333 0.333333
N19 4
0.250000 0.250000 0.250000 0.250000
N20 3
0.333333 0.333333 0.333333
N21 2
0.500000 0.500000
0 1103.527970 481.593768 
###===
5 0 0 0 0 0 0
N6 1 1
N7 
1 
0.006909 0.973373 
0.016667 0.950000 0.016667 0.016667
N1 3
0.681505 0.159247 0.159247
N2 2
0.430036 0.569964
N3 4
0.248928 0.248928 0.248928 0.253217
N4 4
0.181758 0.181758 0.181758 0.454727
N5 2
0.480918 0.519082
N6 4
0.172222 0.483333 0.172222 0.172222
N7 3
0.333333 0.333333 0.333333
N8 4
0.250000 0.250000 0.250000 0.250000
N9 3
0.333333 0.333333 0.333333
N10 4
0.250000 0.250000 0.250000 0.250000
N11 3
0.333333 0.333333 0.333333
N12 3
0.333333 0.333333 0.333333
N13 3
0.333333 0.333333 0.333333
N14 2
0.500000 0.500000
N15 4
0.250000 0.250000 0.250000 0.250000
N16 3
0.333333 0.333333 0.333333
N17 2
0.500000 0.500000
N18 3
0.333333 0.333333 0.333333
N19 4
0.250000 0.250000 0.250000 0.250000
N20 3
0.333333 0.333333 0.333333
N21 2
0.500000 0.500000
0 1158.224522 90.904708 
###===
6 0 0 0 0 0 0
N7 2 1
N8 
1 
0.011834 0.644976 
0.347800 0.347800 0.304400
N1 3
0.681505 0.159247 0.159247
N2 2
0.430036 0.569964
N3 4
0.248928 0.248928 0.248928 0.253217
N4 4
0.181744 0.181744 0.181744 0.454767
N5 2
0.481011 0.518989
N6 4
0.171378 0.485865 0.171378 0.171378
N7 3
0.336950 0.336950 0.326100
N8 4
0.250000 0.250000 0.250000 0.250000
N9 3
0.333333 0.333333 0.333333
N10 4
0.250000 0.250000 0.250000 0.250000
N11 3
0.333333 0.333333 0.333333
N12 3
0.333333 0.333333 0.333333
N13 3
0.333333 0.333333 0.333333
N14 2
0.500000 0.500000
N15 4
0.250000 0.250000 0.250000 0.250000
N16 3
0.333333 0.333333 0.333333
N17 2
0.500000 0.500000
N18 3
0.333333 0.333333 0.333333
N19 4
0.250000 0.250000 0.250000 0.250000
N20 3
0.333333 0.333333 0.333333
N21 2
0.500000 0.500000
0 1158.886965 90.904708 
###===
7 0 0 0 0 0 0
N8 3 1
N9 
1 
0.133134 0.600597 
0.144767 0.144767 0.144767 0.565700
N1 3
0.681505 0.159247 0.159247
N2 2
0.430036 0.569964
N3 4
0.248928 0.248928 0.248928 0.253217
N4 4
0.181746 0.181746 0.181746 0.454761
N5 2
0.480998 0.519002
N6 4
0.171497 0.485510 0.171497 0.171497
N7 3
0.336443 0.336443 0.327115
N8 4
0.214922 0.214922 0.214922 0.355233
N9 3
0.333333 0.333333 0.333333
N10 4
0.250000 0.250000 0.250000 0.250000
N11 3
0.333333 0.333333 0.333333
N12 3
0.333333 0.333333 0.333333
N13 3
0.333333 0.333333 0.333333
N14 2
0.500000 0.500000
N15 4
0.250000 0.250000 0.250000 0.250000
N16 3
0.333333 0.333333 0.333333
N17 2
0.500000 0.500000
N18 3
0.333333 0.333333 0.333333
N19 4
0.250000 0.250000 0.250000 0.250000
N20 3
0.333333 0.333333 0.333333
N21 2
0.500000 0.500000
0 1169.598738 12.084844 
###===
8 0 0 0 0 0 0
N9 1 1
N10 
3 
0.306549 0.644976 
0.207200 0.585600 0.207200
N1 3
0.681505 0.159247 0.159247
N2 2
0.430036 0.569964
N3 4
0.248928 0.248928 0.248928 0.253217
N4 4
0.181747 0.181747 0.181747 0.454760
N5 2
0.480996 0.519004
N6 4
0.171519 0.485443 0.171519 0.171519
N7 3
0.336347 0.336347 0.327307
N8 4
0.208286 0.208286 0.208286 0.375143
N9 3
0.301800 0.396400 0.301800
N10 4
0.250000 0.250000 0.250000 0.250000
N11 3
0.333333 0.333333 0.333333
N12 3
0.333333 0.333333 0.333333
N13 3
0.333333 0.333333 0.333333
N14 2
0.500000 0.500000
N15 4
0.250000 0.250000 0.250000 0.250000
N16 3
0.333333 0.333333 0.333333
N17 2
0.500000 0.500000
N18 3
0.333333 0.333333 0.333333
N19 4
0.250000 0.250000 0.250000 0.250000
N20 3
0.333333 0.333333 0.333333
N21 2
0.500000 0.500000
0 1176.420638 12.084844 
###===
9 0 0 0 0 0 0
N10 2 1
N11 
1 
0.229912 0.310265 
0.243933 0.243933 0.268200 0.243933
N1 3
0.681505 0.159247 0.159247
N2 2
0.430036 0.569964
N3 4
0.248928 0.248928 0.248928 0.253217
N4 4
0.181747 0.181747 0.181747 0.454760
N5 2
0.480996 0.519004
N6 4
0.171519 0.485443 0.171519 0.171519
N7 3
0.336347 0.336347 0.327305
N8 4
0.208339 0.208339 0.208339 0.374982
N9 3
0.302055 0.395890 0.302055
N10 4
0.247978 0.247978 0.256067 0.247978
N11 3
0.333333 0.333333 0.333333
N12 3
0.333333 0.333333 0.333333
N13 3
0.333333 0.333333 0.333333
N14 2
0.500000 0.500000
N15 4
0.250000 0.250000 0.250000 0.250000
N16 3
0.333333 0.333333 0.333333
N17 2
0.500000 0.500000
N18 3
0.333333 0.333333 0.333333
N19 4
0.250000 0.250000 0.250000 0.250000
N20 3
0.333333 0.333333 0.333333
N21 2
0.500000 0.500000
0 1176.407275 8.540726 
###===
10 0 0 0 0 0 0
N11 0 1
N12 
0 
0.306549 0.371654 
0.337300 0.331350 0.331350
N1 3
0.681505 0.159247 0.159247
N2 2
0.430036 0.569964
N3 4
0.248928 0.248928 0.248928 0.253217
N4 4
0.181747 0.181747 0.181747 0.454760
N5 2
0.480996 0.519004
N6 4
0.171519 0.485443 0.171519 0.171519
N7 3
0.336347 0.336347 0.327305
N8 4
0.208339 0.208339 0.208339 0.374983
N9 3
0.302055 0.395891 0.302055
N10 4
0.247982 0.247982 0.256055 0.247982
N11 3
0.334656 0.332672 0.332672
N12 3
0.333333 0.333333 0.333333
N13 3
0.333333 0.333333 0.333333
N14 2
0.500000 0.500000
N15 4
0.250000 0.250000 0.250000 0.250000
N16 3
0.333333 0.333333 0.333333
N17 2
0.500000 0.500000
N18 3
0.333333 0.333333 0.333333
N19 4
0.250000 0.250000 0.250000 0.250000
N20 3
0.333333 0.333333 0.333333
N21 2
0.500000 0.500000
0 1176.409001 7.679758 
###===
11 0 0 0 0 0 0
N12 0 1
N13 
1 
0.316053 0.371654 
0.365500 0.317250 0.317250
N1 3
0.681505 0.159247 0.159247
N2 2
0.430036 0.569964
N3 4
0.248928 0.248928 0.248928 0.253217
N4 4
0.181747 0.181747 0.181747 0.454760
N5 2
0.480996 0.519004
N6 4
0.171519 0.485443 0.171519 0.171519
N7 3
0.336347 0.336347 0.327305
N8 4
0.208339 0.208339 0.208339 0.374983
N9 3
0.302055 0.395891 0.302055
N10 4
0.247982 0.247982 0.256054 0.247982
N11 3
0.334698 0.332651 0.332651
N12 3
0.344056 0.327972 0.327972
N13 3
0.333333 0.333333 0.333333
N14 2
0.500000 0.500000
N15 4
0.250000 0.250000 0.250000 0.250000
N16 3
0.333333 0.333333 0.333333
N17 2
0.500000 0.500000
N18 3
0.333333 0.333333 0.333333
N19 4
0.250000 0.250000 0.250000 0.250000
N20 3
0.333333 0.333333 0.333333
N21 2
0.500000 0.500000
0 1176.519336 1.406183 
###===
12 0 0 0 0 0 0
N13 1 1
N14 
0 
0.330100 0.367893 
0.316350 0.367300 0.316350
N1 3
0.681505 0.159247 0.159247
N2 2
0.430036 0.569964
N3 4
0.248928 0.248928 0.248928 0.253217
N4 4
0.181747 0.181747 0.181747 0.454760
N5 2
0.480996 0.519004
N6 4
0.171519 0.485443 0.171519 0.171519
N7 3
0.336347 0.336347 0.327305
N8 4
0.208339 0.208339 0.208339 0.374983
N9 3
0.302055 0.395891 0.302055
N10 4
0.247982 0.247982 0.256054 0.247982
N11 3
0.334700 0.332650 0.332650
N12 3
0.344602 0.327699 0.327699
N13 3
0.324842 0.350317 0.324842
N14 2
0.500000 0.500000
N15 4
0.250000 0.250000 0.250000 0.250000
N16 3
0.333333 0.333333 0.333333
N17 2
0.500000 0.500000
N18 3
0.333333 0.333333 0.333333
N19 4
0.250000 0.250000 0.250000 0.250000
N20 3
0.333333 0.333333 0.333333
N21 2
0.500000 0.500000
0 1176.709264 0.135359 
###===
13 0 0 0 0 0 0
N14 0 1
N15 
0 
0.499531 0.504850 
0.502400 0.497600
N1 3
0.681505 0.159247 0.159247
N2 2
0.430036 0.569964
N3 4
0.248928 0.248928 0.248928 0.253217
N4 4
0.181747 0.181747 0.181747 0.454760
N5 2
0.480996 0.519004
N6 4
0.171519 0.485443 0.171519 0.171519
N7 3
0.336347 0.336347 0.327305
N8 4
0.208339 0.208339 0.208339 0.374983
N9 3
0.302055 0.395891 0.302055
N10 4
0.247982 0.247982 0.256054 0.247982
N11 3
0.334700 0.332650 0.332650
N12 3
0.344603 0.327699 0.327699
N13 3
0.324831 0.350337 0.324831
N14 2
0.500600 0.499400
N15 4
0.250000 0.250000 0.250000 0.250000
N16 3
0.333333 0.333333 0.333333
N17 2
0.500000 0.500000
N18 3
0.333333 0.333333 0.333333
N19 4
0.250000 0.250000 0.250000 0.250000
N20 3
0.333333 0.333333 0.333333
N21 2
0.500000 0.500000
0 1176.709908 0.135359 
###===
14 0 0 0 0 0 0
N15 3 1
N16 
2 
0.249766 0.250703 
0.250000 0.250000 0.250000 0.250000
N1 3
0.681505 0.159247 0.159247
N2 2
0.430036 0.569964
N3 4
0.248928 0.248928 0.248928 0.253217
N4 4
0.181747 0.181747 0.181747 0.454760
N5 2
0.480996 0.519004
N6 4
0.171519 0.485443 0.171519 0.171519
N7 3
0.336347 0.336347 0.327305
N8 4
0.208339 0.208339 0.208339 0.374983
N9 3
0.302055 0.395891 0.302055
N10 4
0.247982 0.247982 0.256054 0.247982
N11 3
0.334700 0.332650 0.332650
N12 3
0.344603 0.327699 0.327699
N13 3
0.324831 0.350337 0.324831
N14 2
0.500600 0.499400
N15 4
0.250000 0.250000 0.250000 0.250000
N16 3
0.333333 0.333333 0.333333
N17 2
0.500000 0.500000
N18 3
0.333333 0.333333 0.333333
N19 4
0.250000 0.250000 0.250000 0.250000
N20 3
0.333333 0.333333 0.333333
N21 2
0.500000 0.500000
0 1176.709908 0.135359 
###===
15 0 0 0 0 0 0
N16 2 1
N17 
0 
0.333021 0.333959 
0.333100 0.333100 0.333800
N1 3
0.681505 0.159247 0.159247
N2 2
0.430036 0.569964
N3 4
0.248928 0.248928 0.248928 0.253217
N4 4
0.181747 0.181747 0.181747 0.454760
N5 2
0.480996 0.519004
N6 4
0.171519 0.485443 0.171519 0.171519
N7 3
0.336347 0.336347 0.327305
N8 4
0.208339 0.208339 0.208339 0.374983
N9 3
0.302055 0.395891 0.302055
N10 4
0.247982 0.247982 0.256054 0.247982
N11 3
0.334700 0.332650 0.332650
N12 3
0.344603 0.327699 0.327699
N13 3
0.324831 0.350337 0.324831
N14 2
0.500600 0.499400
N15 4
0.250000 0.250000 0.250000 0.250000
N16 3
0.333217 0.333217 0.333567
N17 2
0.500000 0.500000
N18 3
0.333333 0.333333 0.333333
N19 4
0.250000 0.250000 0.250000 0.250000
N20 3
0.333333 0.333333 0.333333
N21 2
0.500000 0.500000
0 1176.709943 0.034335 
###===
16 0 0 0 0 0 0
N17 0 1
N18 
0 
0.499881 0.500469 
0.500200 0.499800
N1 3
0.681505 0.159247 0.159247
N2 2
0.430036 0.569964
N3 4
0.248928 0.248928 0.248928 0.253217
N4 4
0.181747 0.181747 0.181747 0.454760
N5 2
0.480996 0.519004
N6 4
0.171519 0.485443 0.171519 0.171519
N7 3
0.336347 0.336347 0.327305
N8 4
0.208339 0.208339 0.208339 0.374983
N9 3
0.302055 0.395891 0.302055
N10 4
0.247982 0.247982 0.256054 0.247982
N11 3
0.334700 0.332650 0.332650
N12 3
0.344603 0.327699 0.327699
N13 3
0.324831 0.350337 0.324831
N14 2
0.500600 0.499400
N15 4
0.250000 0.250000 0.250000 0.250000
N16 3
0.333217 0.333217 0.333567
N17 2
0.500067 0.499933
N18 3
0.333333 0.333333 0.333333
N19 4
0.250000 0.250000 0.250000 0.250000
N20 3
0.333333 0.333333 0.333333
N21 2
0.500000 0.500000
0 1176.709947 0.034335 
###===
17 0 0 0 0 0 0
N18 1 1
N19 
1 
0.333254 0.333492 
0.333300 0.333400 0.333300
N1 3
0.681505 0.159247 0.159247
N2 2
0.430036 0.569964
N3 4
0.248928 0.248928 0.248928 0.253217
N4 4
0.181747 0.181747 0.181747 0.454760
N5 2
0.480996 0.519004
N6 4
0.171519 0.485443 0.171519 0.171519
N7 3
0.336347 0.336347 0.327305
N8 4
0.208339 0.208339 0.208339 0.374983
N9 3
0.302055 0.395891 0.302055
N10 4
0.247982 0.247982 0.256054 0.247982
N11 3
0.334700 0.332650 0.332650
N12 3
0.344603 0.327699 0.327699
N13 3
0.324831 0.350337 0.324831
N14 2
0.500600 0.499400
N15 4
0.250000 0.250000 0.250000 0.250000
N16 3
0.333217 0.333217 0.333567
N17 2
0.500067 0.499933
N18 3
0.333325 0.333350 0.333325
N19 4
0.250000 0.250000 0.250000 0.250000
N20 3
0.333333 0.333333 0.333333
N21 2
0.500000 0.500000
0 1176.709947 0.019907 
###===
18 0 0 0 0 0 0
N19 0 1
N20 
2 
0.249941 0.250103 
0.250000 0.250000 0.250000 0.250000
N1 3
0.681505 0.159247 0.159247
N2 2
0.430036 0.569964
N3 4
0.248928 0.248928 0.248928 0.253217
N4 4
0.181747 0.181747 0.181747 0.454760
N5 2
0.480996 0.519004
N6 4
0.171519 0.485443 0.171519 0.171519
N7 3
0.336347 0.336347 0.327305
N8 4
0.208339 0.208339 0.208339 0.374983
N9 3
0.302055 0.395891 0.302055
N10 4
0.247982 0.247982 0.256054 0.247982
N11 3
0.334700 0.332650 0.332650
N12 3
0.344603 0.327699 0.327699
N13 3
0.324831 0.350337 0.324831
N14 2
0.500600 0.499400
N15 4
0.250000 0.250000 0.250000 0.250000
N16 3
0.333217 0.333217 0.333567
N17 2
0.500067 0.499933
N18 3
0.333325 0.333350 0.333325
N19 4
0.250000 0.250000 0.250000 0.250000
N20 3
0.333333 0.333333 0.333333
N21 2
0.500000 0.500000
0 1176.709947 0.019907 
###===
19 0 0 0 0 0 0
N20 2 1
N21 
0 
0.333287 0.333425 
0.333300 0.333300 0.333400
N1 3
0.681505 0.159247 0.159247
N2 2
0.430036 0.569964
N3 4
0.248928 0.248928 0.248928 0.253217
N4 4
0.181747 0.181747 0.181747 0.454760
N5 2
0.480996 0.519004
N6 4
0.171519 0.485443 0.171519 0.171519
N7 3
0.336347 0.336347 0.327305
N8 4
0.208339 0.208339 0.208339 0.374983
N9 3
0.302055 0.395891 0.302055
N10 4
0.247982 0.247982 0.256054 0.247982
N11 3
0.334700 0.332650 0.332650
N12 3
0.344603 0.327699 0.327699
N13 3
0.324831 0.350337 0.324831
N14 2
0.500600 0.499400
N15 4
0.250000 0.250000 0.250000 0.250000
N16 3
0.333217 0.333217 0.333567
N17 2
0.500067 0.499933
N18 3
0.333325 0.333350 0.333325
N19 4
0.250000 0.250000 0.250000 0.250000
N20 3
0.333317 0.333317 0.333367
N21 2
0.500000 0.500000
0 1176.709948 0.005479 
