Gch_comingSoon999
0 21 0 0 0 0 0
N1 N2 N3 N4 N5 N6 N7 N8 N9 N10 N11 N12 N13 N14 N15 N16 N17 N18 N19 N20 N21
3 2 2 4 2 4 4 3 3 2 3 4 3 3 2 3 3 4 3 3 4
N1 2 1
N2 
0 
0.000326 0.999349 
0.199050 0.199050 0.601900
N1 3
0.266192 0.266192 0.467617
N2 2
0.500000 0.500000
N3 2
0.500000 0.500000
N4 4
0.250000 0.250000 0.250000 0.250000
N5 2
0.500000 0.500000
N6 4
0.250000 0.250000 0.250000 0.250000
N7 4
0.250000 0.250000 0.250000 0.250000
N8 3
0.333333 0.333333 0.333333
N9 3
0.333333 0.333333 0.333333
N10 2
0.500000 0.500000
N11 3
0.333333 0.333333 0.333333
N12 4
0.250000 0.250000 0.250000 0.250000
N13 3
0.333333 0.333333 0.333333
N14 3
0.333333 0.333333 0.333333
N15 2
0.500000 0.500000
N16 3
0.333333 0.333333 0.333333
N17 3
0.333333 0.333333 0.333333
N18 4
0.250000 0.250000 0.250000 0.250000
N19 3
0.333333 0.333333 0.333333
N20 3
0.333333 0.333333 0.333333
N21 4
0.250000 0.250000 0.250000 0.250000
0 1010.851710 925.616528 
###===
1 0 0 0 0 0 0
N2 1 1
N3 
0 
0.000488 0.999182 
0.537700 0.462300
N1 3
0.263660 0.263660 0.472679
N2 2
0.518850 0.481150
N3 2
0.500000 0.500000
N4 4
0.250000 0.250000 0.250000 0.250000
N5 2
0.500000 0.500000
N6 4
0.250000 0.250000 0.250000 0.250000
N7 4
0.250000 0.250000 0.250000 0.250000
N8 3
0.333333 0.333333 0.333333
N9 3
0.333333 0.333333 0.333333
N10 2
0.500000 0.500000
N11 3
0.333333 0.333333 0.333333
N12 4
0.250000 0.250000 0.250000 0.250000
N13 3
0.333333 0.333333 0.333333
N14 3
0.333333 0.333333 0.333333
N15 2
0.500000 0.500000
N16 3
0.333333 0.333333 0.333333
N17 3
0.333333 0.333333 0.333333
N18 4
0.250000 0.250000 0.250000 0.250000
N19 3
0.333333 0.333333 0.333333
N20 3
0.333333 0.333333 0.333333
N21 4
0.250000 0.250000 0.250000 0.250000
0 1011.466063 925.616528 
###===
2 0 0 0 0 0 0
N3 0 1
N4 
3 
0.000760 0.999182 
0.322700 0.677300
N1 3
0.263885 0.263885 0.472230
N2 2
0.517179 0.482821
N3 2
0.455675 0.544325
N4 4
0.250000 0.250000 0.250000 0.250000
N5 2
0.500000 0.500000
N6 4
0.250000 0.250000 0.250000 0.250000
N7 4
0.250000 0.250000 0.250000 0.250000
N8 3
0.333333 0.333333 0.333333
N9 3
0.333333 0.333333 0.333333
N10 2
0.500000 0.500000
N11 3
0.333333 0.333333 0.333333
N12 4
0.250000 0.250000 0.250000 0.250000
N13 3
0.333333 0.333333 0.333333
N14 3
0.333333 0.333333 0.333333
N15 2
0.500000 0.500000
N16 3
0.333333 0.333333 0.333333
N17 3
0.333333 0.333333 0.333333
N18 4
0.250000 0.250000 0.250000 0.250000
N19 3
0.333333 0.333333 0.333333
N20 3
0.333333 0.333333 0.333333
N21 4
0.250000 0.250000 0.250000 0.250000
0 1013.729263 872.930414 
###===
3 0 0 0 0 0 0
N4 1 1
N5 
0 
0.000409 0.998233 
0.274700 0.175900 0.274700 0.274700
N1 3
0.263896 0.263896 0.472208
N2 2
0.517096 0.482904
N3 2
0.453485 0.546515
N4 4
0.262350 0.212950 0.262350 0.262350
N5 2
0.500000 0.500000
N6 4
0.250000 0.250000 0.250000 0.250000
N7 4
0.250000 0.250000 0.250000 0.250000
N8 3
0.333333 0.333333 0.333333
N9 3
0.333333 0.333333 0.333333
N10 2
0.500000 0.500000
N11 3
0.333333 0.333333 0.333333
N12 4
0.250000 0.250000 0.250000 0.250000
N13 3
0.333333 0.333333 0.333333
N14 3
0.333333 0.333333 0.333333
N15 2
0.500000 0.500000
N16 3
0.333333 0.333333 0.333333
N17 3
0.333333 0.333333 0.333333
N18 4
0.250000 0.250000 0.250000 0.250000
N19 3
0.333333 0.333333 0.333333
N20 3
0.333333 0.333333 0.333333
N21 4
0.250000 0.250000 0.250000 0.250000
0 1014.981429 872.930414 
###===
4 0 0 0 0 0 0
N5 0 1
N6 
0 
0.001162 0.998822 
0.341500 0.658500
N1 3
0.263895 0.263895 0.472210
N2 2
0.517103 0.482897
N3 2
0.453659 0.546341
N4 4
0.261371 0.215886 0.261371 0.261371
N5 2
0.460375 0.539625
N6 4
0.250000 0.250000 0.250000 0.250000
N7 4
0.250000 0.250000 0.250000 0.250000
N8 3
0.333333 0.333333 0.333333
N9 3
0.333333 0.333333 0.333333
N10 2
0.500000 0.500000
N11 3
0.333333 0.333333 0.333333
N12 4
0.250000 0.250000 0.250000 0.250000
N13 3
0.333333 0.333333 0.333333
N14 3
0.333333 0.333333 0.333333
N15 2
0.500000 0.500000
N16 3
0.333333 0.333333 0.333333
N17 3
0.333333 0.333333 0.333333
N18 4
0.250000 0.250000 0.250000 0.250000
N19 3
0.333333 0.333333 0.333333
N20 3
0.333333 0.333333 0.333333
N21 4
0.250000 0.250000 0.250000 0.250000
0 1016.726023 819.895015 
###===
5 0 0 0 0 0 0
N6 0 1
N7 
2 
0.000851 0.998233 
0.243100 0.252300 0.252300 0.252300
N1 3
0.263895 0.263895 0.472210
N2 2
0.517103 0.482897
N3 2
0.453658 0.546342
N4 4
0.261378 0.215866 0.261378 0.261378
N5 2
0.460648 0.539352
N6 4
0.248275 0.250575 0.250575 0.250575
N7 4
0.250000 0.250000 0.250000 0.250000
N8 3
0.333333 0.333333 0.333333
N9 3
0.333333 0.333333 0.333333
N10 2
0.500000 0.500000
N11 3
0.333333 0.333333 0.333333
N12 4
0.250000 0.250000 0.250000 0.250000
N13 3
0.333333 0.333333 0.333333
N14 3
0.333333 0.333333 0.333333
N15 2
0.500000 0.500000
N16 3
0.333333 0.333333 0.333333
N17 3
0.333333 0.333333 0.333333
N18 4
0.250000 0.250000 0.250000 0.250000
N19 3
0.333333 0.333333 0.333333
N20 3
0.333333 0.333333 0.333333
N21 4
0.250000 0.250000 0.250000 0.250000
0 1016.718593 815.857195 
###===
6 0 0 0 0 0 0
N7 1 1
N8 
2 
0.000851 0.997375 
0.270367 0.188900 0.270367 0.270367
N1 3
0.263895 0.263895 0.472210
N2 2
0.517103 0.482897
N3 2
0.453658 0.546342
N4 4
0.261378 0.215865 0.261378 0.261378
N5 2
0.460656 0.539344
N6 4
0.248228 0.250591 0.250591 0.250591
N7 4
0.256789 0.229633 0.256789 0.256789
N8 3
0.333333 0.333333 0.333333
N9 3
0.333333 0.333333 0.333333
N10 2
0.500000 0.500000
N11 3
0.333333 0.333333 0.333333
N12 4
0.250000 0.250000 0.250000 0.250000
N13 3
0.333333 0.333333 0.333333
N14 3
0.333333 0.333333 0.333333
N15 2
0.500000 0.500000
N16 3
0.333333 0.333333 0.333333
N17 3
0.333333 0.333333 0.333333
N18 4
0.250000 0.250000 0.250000 0.250000
N19 3
0.333333 0.333333 0.333333
N20 3
0.333333 0.333333 0.333333
N21 4
0.250000 0.250000 0.250000 0.250000
0 1017.227466 779.464476 
###===
7 0 0 0 0 0 0
N8 0 1
N9 
1 
0.001167 0.996997 
0.681700 0.159150 0.159150
N1 3
0.263895 0.263895 0.472210
N2 2
0.517103 0.482897
N3 2
0.453658 0.546342
N4 4
0.261378 0.215865 0.261378 0.261378
N5 2
0.460655 0.539345
N6 4
0.248236 0.250588 0.250588 0.250588
N7 4
0.255606 0.233181 0.255606 0.255606
N8 3
0.449456 0.275272 0.275272
N9 3
0.333333 0.333333 0.333333
N10 2
0.500000 0.500000
N11 3
0.333333 0.333333 0.333333
N12 4
0.250000 0.250000 0.250000 0.250000
N13 3
0.333333 0.333333 0.333333
N14 3
0.333333 0.333333 0.333333
N15 2
0.500000 0.500000
N16 3
0.333333 0.333333 0.333333
N17 3
0.333333 0.333333 0.333333
N18 4
0.250000 0.250000 0.250000 0.250000
N19 3
0.333333 0.333333 0.333333
N20 3
0.333333 0.333333 0.333333
N21 4
0.250000 0.250000 0.250000 0.250000
0 1029.276806 672.806632 
###===
8 0 0 0 0 0 0
N9 1 1
N10 
1 
0.003144 0.996997 
0.176600 0.646800 0.176600
N1 3
0.263895 0.263895 0.472210
N2 2
0.517103 0.482897
N3 2
0.453658 0.546342
N4 4
0.261378 0.215866 0.261378 0.261378
N5 2
0.460654 0.539346
N6 4
0.248240 0.250587 0.250587 0.250587
N7 4
0.255050 0.234849 0.255050 0.255050
N8 3
0.504056 0.247972 0.247972
N9 3
0.254967 0.490067 0.254967
N10 2
0.500000 0.500000
N11 3
0.333333 0.333333 0.333333
N12 4
0.250000 0.250000 0.250000 0.250000
N13 3
0.333333 0.333333 0.333333
N14 3
0.333333 0.333333 0.333333
N15 2
0.500000 0.500000
N16 3
0.333333 0.333333 0.333333
N17 3
0.333333 0.333333 0.333333
N18 4
0.250000 0.250000 0.250000 0.250000
N19 3
0.333333 0.333333 0.333333
N20 3
0.333333 0.333333 0.333333
N21 4
0.250000 0.250000 0.250000 0.250000
0 1049.685856 672.806632 
###===
9 0 0 0 0 0 0
N11 1 1
N12 
3 
0.003144 0.993711 
0.394950 0.210100 0.394950
N1 3
0.263895 0.263895 0.472210
N2 2
0.517103 0.482897
N3 2
0.453658 0.546342
N4 4
0.261378 0.215866 0.261378 0.261378
N5 2
0.460654 0.539346
N6 4
0.248240 0.250587 0.250587 0.250587
N7 4
0.255050 0.234849 0.255050 0.255050
N8 3
0.504056 0.247972 0.247972
N9 3
0.254967 0.490067 0.254967
N10 2
0.500000 0.500000
N11 3
0.348738 0.302525 0.348738
N12 4
0.250000 0.250000 0.250000 0.250000
N13 3
0.333333 0.333333 0.333333
N14 3
0.333333 0.333333 0.333333
N15 2
0.500000 0.500000
N16 3
0.333333 0.333333 0.333333
N17 3
0.333333 0.333333 0.333333
N18 4
0.250000 0.250000 0.250000 0.250000
N19 3
0.333333 0.333333 0.333333
N20 3
0.333333 0.333333 0.333333
N21 4
0.250000 0.250000 0.250000 0.250000
0 1051.020572 606.217689 
###===
10 0 0 0 0 0 0
N12 0 1
N13 
0 
0.002358 0.988776 
0.601400 0.132867 0.132867 0.132867
N1 3
0.263895 0.263895 0.472210
N2 2
0.517103 0.482897
N3 2
0.453658 0.546342
N4 4
0.261378 0.215866 0.261378 0.261378
N5 2
0.460654 0.539346
N6 4
0.248240 0.250587 0.250587 0.250587
N7 4
0.255050 0.234849 0.255050 0.255050
N8 3
0.504056 0.247972 0.247972
N9 3
0.254967 0.490067 0.254967
N10 2
0.500000 0.500000
N11 3
0.346332 0.307337 0.346332
N12 4
0.367133 0.210956 0.210956 0.210956
N13 3
0.333333 0.333333 0.333333
N14 3
0.333333 0.333333 0.333333
N15 2
0.500000 0.500000
N16 3
0.333333 0.333333 0.333333
N17 3
0.333333 0.333333 0.333333
N18 4
0.250000 0.250000 0.250000 0.250000
N19 3
0.333333 0.333333 0.333333
N20 3
0.333333 0.333333 0.333333
N21 4
0.250000 0.250000 0.250000 0.250000
0 1064.082392 515.022800 
###===
11 0 0 0 0 0 0
N13 1 1
N14 
1 
0.004989 0.981227 
0.121500 0.757000 0.121500
N1 3
0.263895 0.263895 0.472210
N2 2
0.517103 0.482897
N3 2
0.453658 0.546342
N4 4
0.261378 0.215866 0.261378 0.261378
N5 2
0.460654 0.539346
N6 4
0.248240 0.250587 0.250587 0.250587
N7 4
0.255050 0.234849 0.255050 0.255050
N8 3
0.504056 0.247972 0.247972
N9 3
0.254967 0.490067 0.254967
N10 2
0.500000 0.500000
N11 3
0.346841 0.306317 0.346841
N12 4
0.342321 0.219226 0.219226 0.219226
N13 3
0.262722 0.474556 0.262722
N14 3
0.333333 0.333333 0.333333
N15 2
0.500000 0.500000
N16 3
0.333333 0.333333 0.333333
N17 3
0.333333 0.333333 0.333333
N18 4
0.250000 0.250000 0.250000 0.250000
N19 3
0.333333 0.333333 0.333333
N20 3
0.333333 0.333333 0.333333
N21 4
0.250000 0.250000 0.250000 0.250000
0 1079.381091 369.421872 
###===
12 0 0 0 0 0 0
N14 1 1
N15 
0 
0.025752 0.981227 
0.084900 0.830200 0.084900
N1 3
0.263895 0.263895 0.472210
N2 2
0.517103 0.482897
N3 2
0.453658 0.546342
N4 4
0.261378 0.215866 0.261378 0.261378
N5 2
0.460654 0.539346
N6 4
0.248240 0.250587 0.250587 0.250587
N7 4
0.255050 0.234849 0.255050 0.255050
N8 3
0.504056 0.247972 0.247972
N9 3
0.254967 0.490067 0.254967
N10 2
0.500000 0.500000
N11 3
0.347221 0.305558 0.347221
N12 4
0.323828 0.225391 0.225391 0.225391
N13 3
0.210096 0.579808 0.210096
N14 3
0.209117 0.581767 0.209117
N15 2
0.500000 0.500000
N16 3
0.333333 0.333333 0.333333
N17 3
0.333333 0.333333 0.333333
N18 4
0.250000 0.250000 0.250000 0.250000
N19 3
0.333333 0.333333 0.333333
N20 3
0.333333 0.333333 0.333333
N21 4
0.250000 0.250000 0.250000 0.250000
0 1128.678983 317.709887 
###===
13 0 0 0 0 0 0
N15 0 1
N16 
1 
0.055280 0.961372 
0.582900 0.417100
N1 3
0.263895 0.263895 0.472210
N2 2
0.517103 0.482897
N3 2
0.453658 0.546342
N4 4
0.261378 0.215866 0.261378 0.261378
N5 2
0.460654 0.539346
N6 4
0.248240 0.250587 0.250587 0.250587
N7 4
0.255050 0.234849 0.255050 0.255050
N8 3
0.504056 0.247972 0.247972
N9 3
0.254967 0.490067 0.254967
N10 2
0.500000 0.500000
N11 3
0.347242 0.305516 0.347242
N12 4
0.322806 0.225731 0.225731 0.225731
N13 3
0.207187 0.585625 0.207187
N14 3
0.202252 0.595497 0.202252
N15 2
0.527633 0.472367
N16 3
0.333333 0.333333 0.333333
N17 3
0.333333 0.333333 0.333333
N18 4
0.250000 0.250000 0.250000 0.250000
N19 3
0.333333 0.333333 0.333333
N20 3
0.333333 0.333333 0.333333
N21 4
0.250000 0.250000 0.250000 0.250000
0 1132.067561 317.709887 
###===
14 0 0 0 0 0 0
N16 2 1
N17 
0 
0.036853 0.926293 
0.340100 0.340100 0.319800
N1 3
0.263895 0.263895 0.472210
N2 2
0.517103 0.482897
N3 2
0.453658 0.546342
N4 4
0.261378 0.215866 0.261378 0.261378
N5 2
0.460654 0.539346
N6 4
0.248240 0.250587 0.250587 0.250587
N7 4
0.255050 0.234849 0.255050 0.255050
N8 3
0.504056 0.247972 0.247972
N9 3
0.254967 0.490067 0.254967
N10 2
0.500000 0.500000
N11 3
0.347242 0.305515 0.347242
N12 4
0.322799 0.225734 0.225734 0.225734
N13 3
0.207168 0.585665 0.207168
N14 3
0.202205 0.595590 0.202205
N15 2
0.527820 0.472180
N16 3
0.335589 0.335589 0.328822
N17 3
0.333333 0.333333 0.333333
N18 4
0.250000 0.250000 0.250000 0.250000
N19 3
0.333333 0.333333 0.333333
N20 3
0.333333 0.333333 0.333333
N21 4
0.250000 0.250000 0.250000 0.250000
0 1132.110446 311.730321 
###===
15 0 0 0 0 0 0
N17 2 1
N18 
2 
0.036853 0.923174 
0.269100 0.269100 0.461800
N1 3
0.263895 0.263895 0.472210
N2 2
0.517103 0.482897
N3 2
0.453658 0.546342
N4 4
0.261378 0.215866 0.261378 0.261378
N5 2
0.460654 0.539346
N6 4
0.248240 0.250587 0.250587 0.250587
N7 4
0.255050 0.234849 0.255050 0.255050
N8 3
0.504056 0.247972 0.247972
N9 3
0.254967 0.490067 0.254967
N10 2
0.500000 0.500000
N11 3
0.347242 0.305515 0.347242
N12 4
0.322799 0.225734 0.225734 0.225734
N13 3
0.207169 0.585663 0.207169
N14 3
0.202207 0.595585 0.202207
N15 2
0.527811 0.472189
N16 3
0.335480 0.335480 0.329040
N17 3
0.317275 0.317275 0.365450
N18 4
0.250000 0.250000 0.250000 0.250000
N19 3
0.333333 0.333333 0.333333
N20 3
0.333333 0.333333 0.333333
N21 4
0.250000 0.250000 0.250000 0.250000
0 1133.382807 280.848001 
###===
16 0 0 0 0 0 0
N18 2 1
N19 
1 
0.035686 0.913571 
0.162267 0.162267 0.513200 0.162267
N1 3
0.263895 0.263895 0.472210
N2 2
0.517103 0.482897
N3 2
0.453658 0.546342
N4 4
0.261378 0.215866 0.261378 0.261378
N5 2
0.460654 0.539346
N6 4
0.248240 0.250587 0.250587 0.250587
N7 4
0.255050 0.234849 0.255050 0.255050
N8 3
0.504056 0.247972 0.247972
N9 3
0.254967 0.490067 0.254967
N10 2
0.500000 0.500000
N11 3
0.347242 0.305515 0.347242
N12 4
0.322799 0.225734 0.225734 0.225734
N13 3
0.207169 0.585662 0.207169
N14 3
0.202208 0.595584 0.202208
N15 2
0.527808 0.472192
N16 3
0.335442 0.335442 0.329116
N17 3
0.311640 0.311640 0.376721
N18 4
0.220756 0.220756 0.337733 0.220756
N19 3
0.333333 0.333333 0.333333
N20 3
0.333333 0.333333 0.333333
N21 4
0.250000 0.250000 0.250000 0.250000
0 1141.460757 249.374178 
###===
17 0 0 0 0 0 0
N19 1 1
N20 
2 
0.059182 0.904836 
0.377950 0.244100 0.377950
N1 3
0.263895 0.263895 0.472210
N2 2
0.517103 0.482897
N3 2
0.453658 0.546342
N4 4
0.261378 0.215866 0.261378 0.261378
N5 2
0.460654 0.539346
N6 4
0.248240 0.250587 0.250587 0.250587
N7 4
0.255050 0.234849 0.255050 0.255050
N8 3
0.504056 0.247972 0.247972
N9 3
0.254967 0.490067 0.254967
N10 2
0.500000 0.500000
N11 3
0.347242 0.305515 0.347242
N12 4
0.322799 0.225734 0.225734 0.225734
N13 3
0.207169 0.585662 0.207169
N14 3
0.202208 0.595584 0.202208
N15 2
0.527808 0.472192
N16 3
0.335445 0.335445 0.329109
N17 3
0.312142 0.312142 0.375715
N18 4
0.223365 0.223365 0.329905 0.223365
N19 3
0.348206 0.303589 0.348206
N20 3
0.333333 0.333333 0.333333
N21 4
0.250000 0.250000 0.250000 0.250000
0 1141.648944 204.424848 
