Gch_comingSoon999
0 21 0 0 0 0 0
N1 N2 N3 N4 N5 N6 N7 N8 N9 N10 N11 N12 N13 N14 N15 N16 N17 N18 N19 N20 N21
2 2 2 2 2 2 2 2 2 2 2 2 2 2 2 2 2 2 2 2 2
N1 0 1
N2 
1 
0.000488 0.999512 
0.627600 0.372400
N1 2
0.563800 0.436200
N2 2
0.500000 0.500000
N3 2
0.500000 0.500000
N4 2
0.500000 0.500000
N5 2
0.500000 0.500000
N6 2
0.500000 0.500000
N7 2
0.500000 0.500000
N8 2
0.500000 0.500000
N9 2
0.500000 0.500000
N10 2
0.500000 0.500000
N11 2
0.500000 0.500000
N12 2
0.500000 0.500000
N13 2
0.500000 0.500000
N14 2
0.500000 0.500000
N15 2
0.500000 0.500000
N16 2
0.500000 0.500000
N17 2
0.500000 0.500000
N18 2
0.500000 0.500000
N19 2
0.500000 0.500000
N20 2
0.500000 0.500000
N21 2
0.500000 0.500000
0 1002.375147 957.492498 
###===
1 0 0 0 0 0 0
N2 1 1
N3 
0 
0.000656 0.999512 
0.017800 0.982200
N1 2
0.594564 0.405436
N2 2
0.258900 0.741100
N3 2
0.500000 0.500000
N4 2
0.500000 0.500000
N5 2
0.500000 0.500000
N6 2
0.500000 0.500000
N7 2
0.500000 0.500000
N8 2
0.500000 0.500000
N9 2
0.500000 0.500000
N10 2
0.500000 0.500000
N11 2
0.500000 0.500000
N12 2
0.500000 0.500000
N13 2
0.500000 0.500000
N14 2
0.500000 0.500000
N15 2
0.500000 0.500000
N16 2
0.500000 0.500000
N17 2
0.500000 0.500000
N18 2
0.500000 0.500000
N19 2
0.500000 0.500000
N20 2
0.500000 0.500000
N21 2
0.500000 0.500000
0 1047.075278 518.802105 
###===
2 0 0 0 0 0 0
N3 1 1
N4 
1 
0.000656 0.986284 
0.286100 0.713900
N1 2
0.587984 0.412016
N2 2
0.310471 0.689529
N3 2
0.393050 0.606950
N4 2
0.500000 0.500000
N5 2
0.500000 0.500000
N6 2
0.500000 0.500000
N7 2
0.500000 0.500000
N8 2
0.500000 0.500000
N9 2
0.500000 0.500000
N10 2
0.500000 0.500000
N11 2
0.500000 0.500000
N12 2
0.500000 0.500000
N13 2
0.500000 0.500000
N14 2
0.500000 0.500000
N15 2
0.500000 0.500000
N16 2
0.500000 0.500000
N17 2
0.500000 0.500000
N18 2
0.500000 0.500000
N19 2
0.500000 0.500000
N20 2
0.500000 0.500000
N21 2
0.500000 0.500000
0 1044.332424 438.261245 
###===
3 0 0 0 0 0 0
N4 0 1
N5 
1 
0.013716 0.976030 
0.598300 0.401700
N1 2
0.588631 0.411369
N2 2
0.305402 0.694598
N3 2
0.403563 0.596437
N4 2
0.549150 0.450850
N5 2
0.500000 0.500000
N6 2
0.500000 0.500000
N7 2
0.500000 0.500000
N8 2
0.500000 0.500000
N9 2
0.500000 0.500000
N10 2
0.500000 0.500000
N11 2
0.500000 0.500000
N12 2
0.500000 0.500000
N13 2
0.500000 0.500000
N14 2
0.500000 0.500000
N15 2
0.500000 0.500000
N16 2
0.500000 0.500000
N17 2
0.500000 0.500000
N18 2
0.500000 0.500000
N19 2
0.500000 0.500000
N20 2
0.500000 0.500000
N21 2
0.500000 0.500000
0 1046.005229 406.680282 
###===
4 0 0 0 0 0 0
N5 0 1
N6 
1 
0.023970 0.970164 
0.888100 0.111900
N1 2
0.588380 0.411620
N2 2
0.307369 0.692631
N3 2
0.399483 0.600517
N4 2
0.530075 0.469925
N5 2
0.694050 0.305950
N6 2
0.500000 0.500000
N7 2
0.500000 0.500000
N8 2
0.500000 0.500000
N9 2
0.500000 0.500000
N10 2
0.500000 0.500000
N11 2
0.500000 0.500000
N12 2
0.500000 0.500000
N13 2
0.500000 0.500000
N14 2
0.500000 0.500000
N15 2
0.500000 0.500000
N16 2
0.500000 0.500000
N17 2
0.500000 0.500000
N18 2
0.500000 0.500000
N19 2
0.500000 0.500000
N20 2
0.500000 0.500000
N21 2
0.500000 0.500000
0 1070.074990 190.708476 
###===
5 0 0 0 0 0 0
N6 0 1
N7 
1 
0.029836 0.866685 
0.282200 0.717800
N1 2
0.588325 0.411675
N2 2
0.307798 0.692202
N3 2
0.398594 0.601406
N4 2
0.525920 0.474080
N5 2
0.736314 0.263686
N6 2
0.391100 0.608900
N7 2
0.500000 0.500000
N8 2
0.500000 0.500000
N9 2
0.500000 0.500000
N10 2
0.500000 0.500000
N11 2
0.500000 0.500000
N12 2
0.500000 0.500000
N13 2
0.500000 0.500000
N14 2
0.500000 0.500000
N15 2
0.500000 0.500000
N16 2
0.500000 0.500000
N17 2
0.500000 0.500000
N18 2
0.500000 0.500000
N19 2
0.500000 0.500000
N20 2
0.500000 0.500000
N21 2
0.500000 0.500000
0 1082.395825 190.708476 
###===
6 0 0 0 0 0 0
N7 1 1
N8 
0 
0.092864 0.866685 
0.718900 0.281100
N1 2
0.588337 0.411663
N2 2
0.307704 0.692296
N3 2
0.398789 0.601211
N4 2
0.526830 0.473170
N5 2
0.727062 0.272938
N6 2
0.414938 0.585062
N7 2
0.609450 0.390550
N8 2
0.500000 0.500000
N9 2
0.500000 0.500000
N10 2
0.500000 0.500000
N11 2
0.500000 0.500000
N12 2
0.500000 0.500000
N13 2
0.500000 0.500000
N14 2
0.500000 0.500000
N15 2
0.500000 0.500000
N16 2
0.500000 0.500000
N17 2
0.500000 0.500000
N18 2
0.500000 0.500000
N19 2
0.500000 0.500000
N20 2
0.500000 0.500000
N21 2
0.500000 0.500000
0 1086.851529 159.789395 
###===
7 0 0 0 0 0 0
N8 0 1
N9 
0 
0.165179 0.866685 
0.580500 0.419500
N1 2
0.588338 0.411662
N2 2
0.307696 0.692304
N3 2
0.398805 0.601195
N4 2
0.526903 0.473097
N5 2
0.726318 0.273682
N6 2
0.416857 0.583143
N7 2
0.618261 0.381739
N8 2
0.540250 0.459750
N9 2
0.500000 0.500000
N10 2
0.500000 0.500000
N11 2
0.500000 0.500000
N12 2
0.500000 0.500000
N13 2
0.500000 0.500000
N14 2
0.500000 0.500000
N15 2
0.500000 0.500000
N16 2
0.500000 0.500000
N17 2
0.500000 0.500000
N18 2
0.500000 0.500000
N19 2
0.500000 0.500000
N20 2
0.500000 0.500000
N21 2
0.500000 0.500000
0 1088.149197 159.789395 
###===
8 0 0 0 0 0 0
N9 0 1
N10 
0 
0.158898 0.834821 
0.598300 0.401700
N1 2
0.588338 0.411662
N2 2
0.307696 0.692304
N3 2
0.398806 0.601194
N4 2
0.526910 0.473090
N5 2
0.726245 0.273755
N6 2
0.417046 0.582954
N7 2
0.619127 0.380873
N8 2
0.544207 0.455793
N9 2
0.549150 0.450850
N10 2
0.500000 0.500000
N11 2
0.500000 0.500000
N12 2
0.500000 0.500000
N13 2
0.500000 0.500000
N14 2
0.500000 0.500000
N15 2
0.500000 0.500000
N16 2
0.500000 0.500000
N17 2
0.500000 0.500000
N18 2
0.500000 0.500000
N19 2
0.500000 0.500000
N20 2
0.500000 0.500000
N21 2
0.500000 0.500000
0 1089.679940 128.208432 
###===
9 0 0 0 0 0 0
N10 1 1
N11 
1 
0.165179 0.794399 
0.629700 0.370300
N1 2
0.588338 0.411662
N2 2
0.307696 0.692304
N3 2
0.398806 0.601194
N4 2
0.526911 0.473089
N5 2
0.726235 0.273765
N6 2
0.417070 0.582930
N7 2
0.619239 0.380761
N8 2
0.544720 0.455280
N9 2
0.555525 0.444475
N10 2
0.564850 0.435150
N11 2
0.500000 0.500000
N12 2
0.500000 0.500000
N13 2
0.500000 0.500000
N14 2
0.500000 0.500000
N15 2
0.500000 0.500000
N16 2
0.500000 0.500000
N17 2
0.500000 0.500000
N18 2
0.500000 0.500000
N19 2
0.500000 0.500000
N20 2
0.500000 0.500000
N21 2
0.500000 0.500000
0 1092.333369 116.466040 
###===
10 0 0 0 0 0 0
N11 1 1
N12 
0 
0.223035 0.794399 
0.440400 0.559600
N1 2
0.588338 0.411662
N2 2
0.307696 0.692304
N3 2
0.398806 0.601194
N4 2
0.526911 0.473089
N5 2
0.726234 0.273766
N6 2
0.417072 0.582928
N7 2
0.619246 0.380754
N8 2
0.544750 0.455250
N9 2
0.555905 0.444095
N10 2
0.568715 0.431285
N11 2
0.470200 0.529800
N12 2
0.500000 0.500000
N13 2
0.500000 0.500000
N14 2
0.500000 0.500000
N15 2
0.500000 0.500000
N16 2
0.500000 0.500000
N17 2
0.500000 0.500000
N18 2
0.500000 0.500000
N19 2
0.500000 0.500000
N20 2
0.500000 0.500000
N21 2
0.500000 0.500000
0 1093.005203 109.897069 
###===
11 0 0 0 0 0 0
N12 0 1
N13 
1 
0.233425 0.776965 
0.766200 0.233800
N1 2
0.588338 0.411662
N2 2
0.307696 0.692304
N3 2
0.398806 0.601194
N4 2
0.526911 0.473089
N5 2
0.726234 0.273766
N6 2
0.417072 0.582928
N7 2
0.619248 0.380752
N8 2
0.544758 0.455242
N9 2
0.556006 0.443994
N10 2
0.569744 0.430256
N11 2
0.462267 0.537733
N12 2
0.633100 0.366900
N13 2
0.500000 0.500000
N14 2
0.500000 0.500000
N15 2
0.500000 0.500000
N16 2
0.500000 0.500000
N17 2
0.500000 0.500000
N18 2
0.500000 0.500000
N19 2
0.500000 0.500000
N20 2
0.500000 0.500000
N21 2
0.500000 0.500000
0 1103.955196 6.800724 
###===
12 0 0 0 0 0 0
N13 0 1
N14 
1 
0.233425 0.523023 
0.245100 0.754900
N1 2
0.588338 0.411662
N2 2
0.307696 0.692304
N3 2
0.398806 0.601194
N4 2
0.526911 0.473089
N5 2
0.726234 0.273766
N6 2
0.417072 0.582928
N7 2
0.619248 0.380752
N8 2
0.544761 0.455239
N9 2
0.556032 0.443968
N10 2
0.570006 0.429994
N11 2
0.460245 0.539755
N12 2
0.667027 0.332973
N13 2
0.372550 0.627450
N14 2
0.500000 0.500000
N15 2
0.500000 0.500000
N16 2
0.500000 0.500000
N17 2
0.500000 0.500000
N18 2
0.500000 0.500000
N19 2
0.500000 0.500000
N20 2
0.500000 0.500000
N21 2
0.500000 0.500000
0 1116.575398 6.800724 
###===
13 0 0 0 0 0 0
N14 1 1
N15 
1 
0.476183 0.523023 
0.499000 0.501000
N1 2
0.588338 0.411662
N2 2
0.307696 0.692304
N3 2
0.398806 0.601194
N4 2
0.526911 0.473089
N5 2
0.726234 0.273766
N6 2
0.417072 0.582928
N7 2
0.619248 0.380752
N8 2
0.544761 0.455239
N9 2
0.556032 0.443968
N10 2
0.570006 0.429994
N11 2
0.460243 0.539757
N12 2
0.667061 0.332939
N13 2
0.372423 0.627577
N14 2
0.499500 0.500500
N15 2
0.500000 0.500000
N16 2
0.500000 0.500000
N17 2
0.500000 0.500000
N18 2
0.500000 0.500000
N19 2
0.500000 0.500000
N20 2
0.500000 0.500000
N21 2
0.500000 0.500000
0 1116.588163 6.511896 
###===
14 0 0 0 0 0 0
N15 0 1
N16 
0 
0.476977 0.522067 
0.494100 0.505900
N1 2
0.588338 0.411662
N2 2
0.307696 0.692304
N3 2
0.398806 0.601194
N4 2
0.526911 0.473089
N5 2
0.726234 0.273766
N6 2
0.417072 0.582928
N7 2
0.619248 0.380752
N8 2
0.544761 0.455239
N9 2
0.556032 0.443968
N10 2
0.570006 0.429994
N11 2
0.460243 0.539757
N12 2
0.667061 0.332939
N13 2
0.372422 0.627578
N14 2
0.499497 0.500503
N15 2
0.497050 0.502950
N16 2
0.500000 0.500000
N17 2
0.500000 0.500000
N18 2
0.500000 0.500000
N19 2
0.500000 0.500000
N20 2
0.500000 0.500000
N21 2
0.500000 0.500000
0 1116.593260 5.088220 
###===
15 0 0 0 0 0 0
N16 0 1
N17 
1 
0.482673 0.522067 
0.521200 0.478800
N1 2
0.588338 0.411662
N2 2
0.307696 0.692304
N3 2
0.398806 0.601194
N4 2
0.526911 0.473089
N5 2
0.726234 0.273766
N6 2
0.417072 0.582928
N7 2
0.619248 0.380752
N8 2
0.544761 0.455239
N9 2
0.556032 0.443968
N10 2
0.570006 0.429994
N11 2
0.460243 0.539757
N12 2
0.667061 0.332939
N13 2
0.372422 0.627578
N14 2
0.499497 0.500503
N15 2
0.496987 0.503013
N16 2
0.510600 0.489400
N17 2
0.500000 0.500000
N18 2
0.500000 0.500000
N19 2
0.500000 0.500000
N20 2
0.500000 0.500000
N21 2
0.500000 0.500000
0 1116.658228 0.261402 
###===
16 0 0 0 0 0 0
N17 0 1
N18 
0 
0.482673 0.500905 
0.493600 0.506400
N1 2
0.588338 0.411662
N2 2
0.307696 0.692304
N3 2
0.398806 0.601194
N4 2
0.526911 0.473089
N5 2
0.726234 0.273766
N6 2
0.417072 0.582928
N7 2
0.619248 0.380752
N8 2
0.544761 0.455239
N9 2
0.556032 0.443968
N10 2
0.570006 0.429994
N11 2
0.460243 0.539757
N12 2
0.667061 0.332939
N13 2
0.372422 0.627578
N14 2
0.499497 0.500503
N15 2
0.496987 0.503013
N16 2
0.510668 0.489332
N17 2
0.496800 0.503200
N18 2
0.500000 0.500000
N19 2
0.500000 0.500000
N20 2
0.500000 0.500000
N21 2
0.500000 0.500000
0 1116.664554 0.261402 
