Gch_comingSoon999
0 11 0 0 0 0 0
N1 N2 N3 N4 N5 N6 N7 N8 N9 N10 N11
3 2 3 2 2 2 2 4 4 3 3
N1 1 1
N2 
0 
0.000326 0.999349 
0.022150 0.955700 0.022150
N1 3
0.177742 0.644517 0.177742
N2 2
0.500000 0.500000
N3 3
0.333333 0.333333 0.333333
N4 2
0.500000 0.500000
N5 2
0.500000 0.500000
N6 2
0.500000 0.500000
N7 2
0.500000 0.500000
N8 4
0.250000 0.250000 0.250000 0.250000
N9 4
0.250000 0.250000 0.250000 0.250000
N10 3
0.333333 0.333333 0.333333
N11 3
0.333333 0.333333 0.333333
0 1063.949549 608.841301 
###===
1 0 0 0 0 0 0
N2 1 1
N3 
0 
0.000488 0.992652 
0.382100 0.617900
N1 3
0.189971 0.620058 0.189971
N2 2
0.460700 0.539300
N3 3
0.333333 0.333333 0.333333
N4 2
0.500000 0.500000
N5 2
0.500000 0.500000
N6 2
0.500000 0.500000
N7 2
0.500000 0.500000
N8 4
0.250000 0.250000 0.250000 0.250000
N9 4
0.250000 0.250000 0.250000 0.250000
N10 3
0.333333 0.333333 0.333333
N11 3
0.333333 0.333333 0.333333
0 1060.272725 570.043517 
###===
2 0 0 0 0 0 0
N3 2 1
N4 
0 
0.004899 0.987179 
0.251750 0.251750 0.496500
N1 3
0.188475 0.623051 0.188475
N2 2
0.465509 0.534491
N3 3
0.292542 0.292542 0.414917
N4 2
0.500000 0.500000
N5 2
0.500000 0.500000
N6 2
0.500000 0.500000
N7 2
0.500000 0.500000
N8 4
0.250000 0.250000 0.250000 0.250000
N9 4
0.250000 0.250000 0.250000 0.250000
N10 3
0.333333 0.333333 0.333333
N11 3
0.333333 0.333333 0.333333
0 1064.797569 529.546136 
###===
3 0 0 0 0 0 0
N4 0 1
N5 
1 
0.012731 0.990385 
0.877400 0.122600
N1 3
0.187910 0.624180 0.187910
N2 2
0.467324 0.532676
N3 3
0.277147 0.277147 0.445706
N4 2
0.688700 0.311300
N5 2
0.500000 0.500000
N6 2
0.500000 0.500000
N7 2
0.500000 0.500000
N8 4
0.250000 0.250000 0.250000 0.250000
N9 4
0.250000 0.250000 0.250000 0.250000
N10 3
0.333333 0.333333 0.333333
N11 3
0.333333 0.333333 0.333333
0 1089.665815 367.246606 
###===
4 0 0 0 0 0 0
N5 1 1
N6 
0 
0.039215 0.987269 
0.373200 0.626800
N1 3
0.187838 0.624324 0.187838
N2 2
0.467555 0.532445
N3 3
0.275195 0.275195 0.449610
N4 2
0.712627 0.287373
N5 2
0.436600 0.563400
N6 2
0.500000 0.500000
N7 2
0.500000 0.500000
N8 4
0.250000 0.250000 0.250000 0.250000
N9 4
0.250000 0.250000 0.250000 0.250000
N10 3
0.333333 0.333333 0.333333
N11 3
0.333333 0.333333 0.333333
0 1095.164234 367.246606 
###===
5 0 0 0 0 0 0
N6 0 1
N7 
1 
0.031282 0.960785 
0.213700 0.786300
N1 3
0.187859 0.624283 0.187859
N2 2
0.467489 0.532511
N3 3
0.275754 0.275754 0.448493
N4 2
0.705777 0.294223
N5 2
0.454751 0.545249
N6 2
0.356850 0.643150
N7 2
0.500000 0.500000
N8 4
0.250000 0.250000 0.250000 0.250000
N9 4
0.250000 0.250000 0.250000 0.250000
N10 3
0.333333 0.333333 0.333333
N11 3
0.333333 0.333333 0.333333
0 1106.165243 277.220195 
###===
6 0 0 0 0 0 0
N7 0 1
N8 
1 
0.039215 0.926810 
0.747900 0.252100
N1 3
0.187856 0.624288 0.187856
N2 2
0.467497 0.532503
N3 3
0.275684 0.275684 0.448631
N4 2
0.706626 0.293374
N5 2
0.452502 0.547498
N6 2
0.374593 0.625407
N7 2
0.561975 0.438025
N8 4
0.250000 0.250000 0.250000 0.250000
N9 4
0.250000 0.250000 0.250000 0.250000
N10 3
0.333333 0.333333 0.333333
N11 3
0.333333 0.333333 0.333333
0 1109.436927 178.426998 
###===
7 0 0 0 0 0 0
N8 0 1
N9 
0 
0.036595 0.782258 
0.560200 0.146600 0.146600 0.146600
N1 3
0.187856 0.624287 0.187856
N2 2
0.467496 0.532504
N3 3
0.275692 0.275692 0.448617
N4 2
0.706538 0.293462
N5 2
0.452734 0.547266
N6 2
0.372759 0.627241
N7 2
0.555567 0.444433
N8 4
0.327550 0.224150 0.224150 0.224150
N9 4
0.250000 0.250000 0.250000 0.250000
N10 3
0.333333 0.333333 0.333333
N11 3
0.333333 0.333333 0.333333
0 1116.934027 101.422699 
###===
8 0 0 0 0 0 0
N9 3 1
N10 
2 
0.072581 0.628680 
0.189833 0.189833 0.189833 0.430500
N1 3
0.187856 0.624287 0.187856
N2 2
0.467496 0.532504
N3 3
0.275691 0.275691 0.448618
N4 2
0.706545 0.293455
N5 2
0.452716 0.547284
N6 2
0.372906 0.627094
N7 2
0.556081 0.443919
N8 4
0.321329 0.226224 0.226224 0.226224
N9 4
0.229944 0.229944 0.229944 0.310167
N10 3
0.333333 0.333333 0.333333
N11 3
0.333333 0.333333 0.333333
0 1120.044134 61.703223 
###===
9 0 0 0 0 0 0
N10 1 1
N11 
1 
0.165031 0.565326 
0.220300 0.559400 0.220300
N1 3
0.187856 0.624287 0.187856
N2 2
0.467496 0.532504
N3 3
0.275691 0.275691 0.448618
N4 2
0.706544 0.293456
N5 2
0.452718 0.547282
N6 2
0.372889 0.627111
N7 2
0.556023 0.443977
N8 4
0.322032 0.225989 0.225989 0.225989
N9 4
0.232211 0.232211 0.232211 0.303366
N10 3
0.295656 0.408689 0.295656
N11 3
0.333333 0.333333 0.333333
0 1124.844831 1.953613 
