Gch_comingSoon999
0 10 0 300287.267488 0 0 0
N1 N2 N6 N8 N12 N13 N15 N21 N23 N24
2 3 3 2 2 2 4 4 4 4
N23 1 0
0.000000 1.000000 
0.000033 0.999900 0.000033 0.000034
N1 2
0.50000000 0.50000000
N2 3
0.33333333 0.33333333 0.33333333
N6 3
0.33333333 0.33333333 0.33333333
N8 2
0.50000000 0.50000000
N12 2
0.50000000 0.50000000
N13 2
0.50000000 0.50000000
N15 4
0.25000000 0.25000000 0.25000000 0.25000000
N21 4
0.25000000 0.25000000 0.25000000 0.25000000
N23 4
0.00003300 0.99990000 0.00003300 0.00003400
N24 4
0.25000000 0.25000000 0.25000000 0.25000000
0 301487.104336 299998.550043 
###===
1 0 0 0.000000 0 0 0
N24 0 0
0.000000 1.000000 
0.999900 0.000033 0.000033 0.000034
N1 2
0.50000000 0.50000000
N2 3
0.33333333 0.33333333 0.33333333
N6 3
0.33333333 0.33333333 0.33333333
N8 2
0.50000000 0.50000000
N12 2
0.50000000 0.50000000
N13 2
0.50000000 0.50000000
N15 4
0.25000000 0.25000000 0.25000000 0.25000000
N21 4
0.25000000 0.25000000 0.25000000 0.25000000
N23 4
0.00003300 0.99990000 0.00003300 0.00003400
N24 4
0.99990000 0.00003300 0.00003300 0.00003400
0 301686.941185 298709.832598 
###===
2 0 0 0.000000 0 0 0
N1 1 0
0.000000 1.000000 
0.999900 0.000100
N1 2
0.99990000 0.00010000
N2 3
0.33333333 0.33333333 0.33333333
N6 3
0.33333333 0.33333333 0.33333333
N8 2
0.50000000 0.50000000
N12 2
0.50000000 0.50000000
N13 2
0.50000000 0.50000000
N15 4
0.25000000 0.25000000 0.25000000 0.25000000
N21 4
0.25000000 0.25000000 0.25000000 0.25000000
N23 4
0.00003300 0.99990000 0.00003300 0.00003400
N24 4
0.99990000 0.00003300 0.00003300 0.00003400
0 301786.793882 297481.061360 
###===
3 0 0 0.000000 0 0 0
N21 0 0
0.000000 1.000000 
0.999900 0.000033 0.000033 0.000034
N1 2
0.99990000 0.00010000
N2 3
0.33333333 0.33333333 0.33333333
N6 3
0.33333333 0.33333333 0.33333333
N8 2
0.50000000 0.50000000
N12 2
0.50000000 0.50000000
N13 2
0.50000000 0.50000000
N15 4
0.25000000 0.25000000 0.25000000 0.25000000
N21 4
0.99990000 0.00003300 0.00003300 0.00003400
N23 4
0.00003300 0.99990000 0.00003300 0.00003400
N24 4
0.99990000 0.00003300 0.00003300 0.00003400
0 301986.630730 296192.343915 
###===
4 0 0 0.000000 0 0 0
N8 0 1
N21 
0 
0.000000 1.000000 
0.000100 0.999900
N1 2
0.99990000 0.00010000
N2 3
0.33333333 0.33333333 0.33333333
N6 3
0.33333333 0.33333333 0.33333333
N8 2
0.00014999 0.99985001
N12 2
0.50000000 0.50000000
N13 2
0.50000000 0.50000000
N15 4
0.25000000 0.25000000 0.25000000 0.25000000
N21 4
0.99990000 0.00003300 0.00003300 0.00003400
N23 4
0.00003300 0.99990000 0.00003300 0.00003400
N24 4
0.99990000 0.00003300 0.00003300 0.00003400
0 302086.473441 296192.343915 
###===
5 0 0 0.000000 0 0 0
N24 0 0
0.000000 1.000000 
0.000100 0.329967 0.329967 0.339966
N1 2
0.99990000 0.00010000
N2 3
0.33333333 0.33333333 0.33333333
N6 3
0.33333333 0.33333333 0.33333333
N8 2
0.00014999 0.99985001
N12 2
0.50000000 0.50000000
N13 2
0.50000000 0.50000000
N15 4
0.25000000 0.25000000 0.25000000 0.25000000
N21 4
0.99990000 0.00003300 0.00003300 0.00003400
N23 4
0.00003300 0.99990000 0.00003300 0.00003400
N24 4
0.00010000 0.32996700 0.32996700 0.33996600
0 301928.023267 296352.290122 
###===
6 0 0 0.000000 0 0 0
N8 1 0
0.000000 1.000000 
0.999900 0.000100
N1 2
0.99990000 0.00010000
N2 3
0.33333333 0.33333333 0.33333333
N6 3
0.33333333 0.33333333 0.33333333
N8 2
0.99990000 0.00010000
N12 2
0.50000000 0.50000000
N13 2
0.50000000 0.50000000
N15 4
0.25000000 0.25000000 0.25000000 0.25000000
N21 4
0.66667777 0.10999633 0.10999633 0.11332956
N23 4
0.00003300 0.99990000 0.00003300 0.00003400
N24 4
0.00010000 0.32996700 0.32996700 0.33996600
0 301783.548244 295023.540525 
###===
7 0 0 0.000000 0 0 0
N23 1 0
0.000000 1.000000 
0.329967 0.000100 0.329967 0.339966
N1 2
0.99990000 0.00010000
N2 3
0.33333333 0.33333333 0.33333333
N6 3
0.33333333 0.33333333 0.33333333
N8 2
0.99990000 0.00010000
N12 2
0.50000000 0.50000000
N13 2
0.50000000 0.50000000
N15 4
0.25000000 0.25000000 0.25000000 0.25000000
N21 4
0.66667777 0.10999633 0.10999633 0.11332956
N23 4
0.32996700 0.00010000 0.32996700 0.33996600
N24 4
0.00010000 0.32996700 0.32996700 0.33996600
0 301625.098070 295183.486732 
###===
8 0 0 0.000000 0 0 0
N13 1 0
0.000000 1.000000 
0.999900 0.000100
N1 2
0.99990000 0.00010000
N2 3
0.33333333 0.33333333 0.33333333
N6 3
0.33333333 0.33333333 0.33333333
N8 2
0.99990000 0.00010000
N12 2
0.50000000 0.50000000
N13 2
0.99990000 0.00010000
N15 4
0.25000000 0.25000000 0.25000000 0.25000000
N21 4
0.66667777 0.10999633 0.10999633 0.11332956
N23 4
0.32996700 0.00010000 0.32996700 0.33996600
N24 4
0.00010000 0.32996700 0.32996700 0.33996600
0 301724.950766 293954.715494 
###===
9 0 0 0.000000 0 0 0
N15 3 0
0.000000 1.000000 
0.000033 0.000033 0.000033 0.999901
N1 2
0.99990000 0.00010000
N2 3
0.33333333 0.33333333 0.33333333
N6 3
0.33333333 0.33333333 0.33333333
N8 2
0.99990000 0.00010000
N12 2
0.50000000 0.50000000
N13 2
0.99990000 0.00010000
N15 4
0.00003300 0.00003300 0.00003300 0.99990100
N21 4
0.66667777 0.10999633 0.10999633 0.11332956
N23 4
0.32996700 0.00010000 0.32996700 0.33996600
N24 4
0.00010000 0.32996700 0.32996700 0.33996600
0 301924.789101 292665.998049 
