Gch_comingSoon999
0 11 0 0.000 0 0 0
A B C D E F G K W S H
2 2 2 2 2 2 2 2 2 2 2
W 0 1
K 
0 
0.000488 0.999512 
0.707080 0.292920
A 2
0.50000000 0.50000000
B 2
0.50000000 0.50000000
C 2
0.50000000 0.50000000
D 2
0.50000000 0.50000000
E 2
0.50000000 0.50000000
F 2
0.50000000 0.50000000
G 2
0.50000000 0.50000000
K 2
0.50000000 0.50000000
W 2
0.60354000 0.39646000
S 2
0.50000000 0.50000000
H 2
0.50000000 0.50000000
0 1006.376830 922.857861 
###===
1 0 0 0.000 0 0 0
K 0 1
E 
0 
0.000833 0.999512 
0.401514 0.598486
A 2
0.50000000 0.50000000
B 2
0.50000000 0.50000000
C 2
0.50000000 0.50000000
D 2
0.50000000 0.50000000
E 2
0.50000000 0.50000000
F 2
0.50000000 0.50000000
G 2
0.50000000 0.50000000
K 2
0.45075700 0.54924300
W 2
0.59334276 0.40665724
S 2
0.50000000 0.50000000
H 2
0.50000000 0.50000000
0 1007.157335 891.210080 
###===
2 0 0 0.000 0 0 0
G 0 2
D F 
0 0 
0.001038 0.998962 
0.015393 0.984607
A 2
0.50000000 0.50000000
B 2
0.50000000 0.50000000
C 2
0.50000000 0.50000000
D 2
0.50000000 0.50000000
E 2
0.50000000 0.50000000
F 2
0.50000000 0.50000000
G 2
0.37884825 0.62115175
K 2
0.45075700 0.54924300
W 2
0.59334276 0.40665724
S 2
0.50000000 0.50000000
H 2
0.50000000 0.50000000
0 1029.289190 389.051905 
###===
3 0 0 0.000 0 0 0
G 0 2
D F 
1 0 
0.001038 0.998962 
0.075523 0.924477
A 2
0.50000000 0.50000000
B 2
0.50000000 0.50000000
C 2
0.50000000 0.50000000
D 2
0.50000000 0.50000000
E 2
0.50000000 0.50000000
F 2
0.50000000 0.50000000
G 2
0.27272900 0.72727100
K 2
0.45075700 0.54924300
W 2
0.59334276 0.40665724
S 2
0.50000000 0.50000000
H 2
0.50000000 0.50000000
0 1044.634082 389.051905 
###===
4 0 0 0.000 0 0 0
H 0 2
G S 
0 0 
0.033714 0.966286 
0.584928 0.415072
A 2
0.50000000 0.50000000
B 2
0.50000000 0.50000000
C 2
0.50000000 0.50000000
D 2
0.50000000 0.50000000
E 2
0.50000000 0.50000000
F 2
0.50000000 0.50000000
G 2
0.27272900 0.72727100
K 2
0.45075700 0.54924300
W 2
0.59334276 0.40665724
S 2
0.50000000 0.50000000
H 2
0.51158116 0.48841884
0 1044.919259 362.195256 
###===
5 0 0 0.000 0 0 0
H 0 2
G S 
1 0 
0.001038 0.998962 
0.446114 0.553886
A 2
0.50000000 0.50000000
B 2
0.50000000 0.50000000
C 2
0.50000000 0.50000000
D 2
0.50000000 0.50000000
E 2
0.50000000 0.50000000
F 2
0.50000000 0.50000000
G 2
0.27272900 0.72727100
K 2
0.45075700 0.54924300
W 2
0.59334276 0.40665724
S 2
0.50000000 0.50000000
H 2
0.49198630 0.50801370
0 1045.224517 362.195256 
###===
6 0 0 0.000 0 0 0
E 0 4
A B C D 
0 0 0 0 
0.040612 0.967387 
0.899381 0.100619
A 2
0.50000000 0.50000000
B 2
0.50000000 0.50000000
C 2
0.50000000 0.50000000
D 2
0.50000000 0.50000000
E 2
0.52496131 0.47503869
F 2
0.50000000 0.50000000
G 2
0.27272900 0.72727100
K 2
0.44829866 0.55170134
W 2
0.59283369 0.40716631
S 2
0.50000000 0.50000000
H 2
0.49198630 0.50801370
0 1048.570015 162.540503 
###===
7 0 0 0.000 0 0 0
E 0 4
A B C D 
1 0 0 0 
0.040612 0.967387 
0.128557 0.871443
A 2
0.50000000 0.50000000
B 2
0.50000000 0.50000000
C 2
0.50000000 0.50000000
D 2
0.50000000 0.50000000
E 2
0.50174613 0.49825388
F 2
0.50000000 0.50000000
G 2
0.27272900 0.72727100
K 2
0.45058503 0.54941497
W 2
0.59330715 0.40669285
S 2
0.50000000 0.50000000
H 2
0.49198630 0.50801370
0 1051.324604 162.540503 
###===
8 0 0 0.000 0 0 0
E 0 4
A B C D 
0 1 0 0 
0.040612 0.967387 
0.388541 0.611459
A 2
0.50000000 0.50000000
B 2
0.50000000 0.50000000
C 2
0.50000000 0.50000000
D 2
0.50000000 0.50000000
E 2
0.49477994 0.50522006
F 2
0.50000000 0.50000000
G 2
0.27272900 0.72727100
K 2
0.45127110 0.54872890
W 2
0.59344922 0.40655078
S 2
0.50000000 0.50000000
H 2
0.49198630 0.50801370
0 1051.539658 162.540503 
###===
9 0 0 0.000 0 0 0
E 0 4
A B C D 
1 1 0 0 
0.040612 0.967387 
0.546630 0.453370
A 2
0.50000000 0.50000000
B 2
0.50000000 0.50000000
C 2
0.50000000 0.50000000
D 2
0.50000000 0.50000000
E 2
0.49769431 0.50230569
F 2
0.50000000 0.50000000
G 2
0.27272900 0.72727100
K 2
0.45098408 0.54901592
W 2
0.59338978 0.40661022
S 2
0.50000000 0.50000000
H 2
0.49198630 0.50801370
0 1051.583476 162.540503 
###===
10 0 0 0.000 0 0 0
E 0 4
A B C D 
0 0 1 0 
0.040612 0.967387 
0.144113 0.855887
A 2
0.50000000 0.50000000
B 2
0.50000000 0.50000000
C 2
0.50000000 0.50000000
D 2
0.50000000 0.50000000
E 2
0.47545138 0.52454863
F 2
0.50000000 0.50000000
G 2
0.27272900 0.72727100
K 2
0.45317470 0.54682530
W 2
0.59384342 0.40615658
S 2
0.50000000 0.50000000
H 2
0.49198630 0.50801370
0 1054.080568 162.540503 
###===
11 0 0 0.000 0 0 0
E 0 4
A B C D 
1 0 1 0 
0.040612 0.967387 
0.878846 0.121154
A 2
0.50000000 0.50000000
B 2
0.50000000 0.50000000
C 2
0.50000000 0.50000000
D 2
0.50000000 0.50000000
E 2
0.49912925 0.50087075
F 2
0.50000000 0.50000000
G 2
0.27272900 0.72727100
K 2
0.45084276 0.54915724
W 2
0.59336052 0.40663948
S 2
0.50000000 0.50000000
H 2
0.49198630 0.50801370
0 1057.038348 162.540503 
###===
12 0 0 0.000 0 0 0
E 0 4
A B C D 
0 1 1 0 
0.040612 0.967387 
0.627518 0.372482
A 2
0.50000000 0.50000000
B 2
0.50000000 0.50000000
C 2
0.50000000 0.50000000
D 2
0.50000000 0.50000000
E 2
0.50709913 0.49290087
F 2
0.50000000 0.50000000
G 2
0.27272900 0.72727100
K 2
0.45005784 0.54994216
W 2
0.59319798 0.40680202
S 2
0.50000000 0.50000000
H 2
0.49198630 0.50801370
0 1057.347297 162.540503 
###===
13 0 0 0.000 0 0 0
E 0 4
A B C D 
1 1 1 0 
0.040612 0.967387 
0.879725 0.120275
A 2
0.50000000 0.50000000
B 2
0.50000000 0.50000000
C 2
0.50000000 0.50000000
D 2
0.50000000 0.50000000
E 2
0.53083194 0.46916806
F 2
0.50000000 0.50000000
G 2
0.27272900 0.72727100
K 2
0.44772049 0.55227951
W 2
0.59271396 0.40728604
S 2
0.50000000 0.50000000
H 2
0.49198630 0.50801370
0 1060.320901 162.540503 
