Gch_comingSoon999
0 11 0 0.000 0 0 0
A B C D E F G K W S H
2 2 2 2 2 2 2 2 2 2 2
W 0 1
K 
0 
0.000488 0.999512 
0.819669 0.180331
A 2
0.50000000 0.50000000
B 2
0.50000000 0.50000000
C 2
0.50000000 0.50000000
D 2
0.50000000 0.50000000
E 2
0.50000000 0.50000000
F 2
0.50000000 0.50000000
G 2
0.50000000 0.50000000
K 2
0.50000000 0.50000000
W 2
0.65983450 0.34016550
S 2
0.50000000 0.50000000
H 2
0.50000000 0.50000000
0 1015.959969 852.871933 
###===
1 0 0 0.000 0 0 0
W 0 1
K 
1 
0.000488 0.999512 
0.718146 0.281854
A 2
0.50000000 0.50000000
B 2
0.50000000 0.50000000
C 2
0.50000000 0.50000000
D 2
0.50000000 0.50000000
E 2
0.50000000 0.50000000
F 2
0.50000000 0.50000000
G 2
0.50000000 0.50000000
K 2
0.50000000 0.50000000
W 2
0.76890750 0.23109250
S 2
0.50000000 0.50000000
H 2
0.50000000 0.50000000
0 1023.061733 852.871933 
###===
2 0 0 0.000 0 0 0
K 0 1
E 
0 
0.001354 0.999134 
0.967853 0.032147
A 2
0.50000000 0.50000000
B 2
0.50000000 0.50000000
C 2
0.50000000 0.50000000
D 2
0.50000000 0.50000000
E 2
0.50000000 0.50000000
F 2
0.50000000 0.50000000
G 2
0.50000000 0.50000000
K 2
0.73392650 0.26607350
W 2
0.79265642 0.20734358
S 2
0.50000000 0.50000000
H 2
0.50000000 0.50000000
0 1066.953709 521.384787 
###===
3 0 0 0.000 0 0 0
K 0 1
E 
1 
0.001354 0.999134 
0.531508 0.468492
A 2
0.50000000 0.50000000
B 2
0.50000000 0.50000000
C 2
0.50000000 0.50000000
D 2
0.50000000 0.50000000
E 2
0.50000000 0.50000000
F 2
0.50000000 0.50000000
G 2
0.50000000 0.50000000
K 2
0.74968050 0.25031950
W 2
0.79425581 0.20574419
S 2
0.50000000 0.50000000
H 2
0.50000000 0.50000000
0 1067.376132 521.384787 
###===
4 0 0 0.000 0 0 0
G 0 2
D F 
0 0 
0.013472 0.986528 
0.329857 0.670143
A 2
0.50000000 0.50000000
B 2
0.50000000 0.50000000
C 2
0.50000000 0.50000000
D 2
0.50000000 0.50000000
E 2
0.50000000 0.50000000
F 2
0.50000000 0.50000000
G 2
0.45746425 0.54253575
K 2
0.74968050 0.25031950
W 2
0.79425581 0.20574419
S 2
0.50000000 0.50000000
H 2
0.50000000 0.50000000
0 1069.506627 461.376049 
###===
5 0 0 0.000 0 0 0
G 0 2
D F 
1 0 
0.013472 0.986528 
0.116255 0.883745
A 2
0.50000000 0.50000000
B 2
0.50000000 0.50000000
C 2
0.50000000 0.50000000
D 2
0.50000000 0.50000000
E 2
0.50000000 0.50000000
F 2
0.50000000 0.50000000
G 2
0.36152800 0.63847200
K 2
0.74968050 0.25031950
W 2
0.79425581 0.20574419
S 2
0.50000000 0.50000000
H 2
0.50000000 0.50000000
0 1081.544145 310.921254 
###===
6 0 0 0.000 0 0 0
G 0 2
D F 
0 1 
0.013472 0.986528 
0.607969 0.392031
A 2
0.50000000 0.50000000
B 2
0.50000000 0.50000000
C 2
0.50000000 0.50000000
D 2
0.50000000 0.50000000
E 2
0.50000000 0.50000000
F 2
0.50000000 0.50000000
G 2
0.38852025 0.61147975
K 2
0.74968050 0.25031950
W 2
0.79425581 0.20574419
S 2
0.50000000 0.50000000
H 2
0.50000000 0.50000000
0 1082.391701 310.921254 
###===
7 0 0 0.000 0 0 0
G 0 2
D F 
1 1 
0.013472 0.986528 
0.771290 0.228710
A 2
0.50000000 0.50000000
B 2
0.50000000 0.50000000
C 2
0.50000000 0.50000000
D 2
0.50000000 0.50000000
E 2
0.50000000 0.50000000
F 2
0.50000000 0.50000000
G 2
0.45634275 0.54365725
K 2
0.74968050 0.25031950
W 2
0.79425581 0.20574419
S 2
0.50000000 0.50000000
H 2
0.50000000 0.50000000
0 1087.997808 310.921254 
###===
8 0 0 0.000 0 0 0
H 0 2
G S 
0 0 
0.057943 0.942057 
0.432324 0.567676
A 2
0.50000000 0.50000000
B 2
0.50000000 0.50000000
C 2
0.50000000 0.50000000
D 2
0.50000000 0.50000000
E 2
0.50000000 0.50000000
F 2
0.50000000 0.50000000
G 2
0.45634275 0.54365725
K 2
0.74968050 0.25031950
W 2
0.79425581 0.20574419
S 2
0.50000000 0.50000000
H 2
0.48455827 0.51544173
0 1088.300268 289.939737 
###===
9 0 0 0.000 0 0 0
H 0 2
G S 
1 0 
0.029453 0.970547 
0.114926 0.885074
A 2
0.50000000 0.50000000
B 2
0.50000000 0.50000000
C 2
0.50000000 0.50000000
D 2
0.50000000 0.50000000
E 2
0.50000000 0.50000000
F 2
0.50000000 0.50000000
G 2
0.45634275 0.54365725
K 2
0.74968050 0.25031950
W 2
0.79425581 0.20574419
S 2
0.50000000 0.50000000
H 2
0.37988414 0.62011586
0 1101.494891 196.421634 
###===
10 0 0 0.000 0 0 0
H 0 2
G S 
0 1 
0.057943 0.942057 
0.293534 0.706466
A 2
0.50000000 0.50000000
B 2
0.50000000 0.50000000
C 2
0.50000000 0.50000000
D 2
0.50000000 0.50000000
E 2
0.50000000 0.50000000
F 2
0.50000000 0.50000000
G 2
0.45634275 0.54365725
K 2
0.74968050 0.25031950
W 2
0.79425581 0.20574419
S 2
0.50000000 0.50000000
H 2
0.33277451 0.66722549
0 1104.387129 196.421634 
###===
11 0 0 0.000 0 0 0
H 0 2
G S 
1 1 
0.029453 0.970547 
0.174058 0.825942
A 2
0.50000000 0.50000000
B 2
0.50000000 0.50000000
C 2
0.50000000 0.50000000
D 2
0.50000000 0.50000000
E 2
0.50000000 0.50000000
F 2
0.50000000 0.50000000
G 2
0.45634275 0.54365725
K 2
0.74968050 0.25031950
W 2
0.79425581 0.20574419
S 2
0.50000000 0.50000000
H 2
0.24417414 0.75582586
0 1113.441629 196.421634 
###===
12 0 0 0.000 0 0 0
E 0 4
A B C D 
0 0 0 0 
0.074756 0.992933 
0.332769 0.667231
A 2
0.50000000 0.50000000
B 2
0.50000000 0.50000000
C 2
0.50000000 0.50000000
D 2
0.50000000 0.50000000
E 2
0.48954806 0.51045194
F 2
0.50000000 0.50000000
G 2
0.45634275 0.54365725
K 2
0.74511985 0.25488015
W 2
0.79379280 0.20620720
S 2
0.50000000 0.50000000
H 2
0.24417414 0.75582586
0 1113.047132 196.421634 
###===
13 0 0 0.000 0 0 0
E 0 4
A B C D 
1 0 0 0 
0.074756 0.992933 
0.478832 0.521168
A 2
0.50000000 0.50000000
B 2
0.50000000 0.50000000
C 2
0.50000000 0.50000000
D 2
0.50000000 0.50000000
E 2
0.48822506 0.51177494
F 2
0.50000000 0.50000000
G 2
0.45634275 0.54365725
K 2
0.74454256 0.25545744
W 2
0.79373419 0.20626581
S 2
0.50000000 0.50000000
H 2
0.24417414 0.75582586
0 1112.940194 196.421634 
###===
14 0 0 0.000 0 0 0
E 0 4
A B C D 
0 1 0 0 
0.074756 0.992933 
0.558766 0.441234
A 2
0.50000000 0.50000000
B 2
0.50000000 0.50000000
C 2
0.50000000 0.50000000
D 2
0.50000000 0.50000000
E 2
0.49189794 0.50810206
F 2
0.50000000 0.50000000
G 2
0.45634275 0.54365725
K 2
0.74614521 0.25385479
W 2
0.79389690 0.20610310
S 2
0.50000000 0.50000000
H 2
0.24417414 0.75582586
0 1113.321933 196.421634 
###===
15 0 0 0.000 0 0 0
E 0 4
A B C D 
1 1 0 0 
0.074756 0.992933 
0.494753 0.505247
A 2
0.50000000 0.50000000
B 2
0.50000000 0.50000000
C 2
0.50000000 0.50000000
D 2
0.50000000 0.50000000
E 2
0.49157000 0.50843000
F 2
0.50000000 0.50000000
G 2
0.45634275 0.54365725
K 2
0.74600211 0.25399789
W 2
0.79388237 0.20611763
S 2
0.50000000 0.50000000
H 2
0.24417414 0.75582586
0 1113.293919 196.421634 
###===
16 0 0 0.000 0 0 0
E 0 4
A B C D 
0 0 1 0 
0.074756 0.992933 
0.878502 0.121498
A 2
0.50000000 0.50000000
B 2
0.50000000 0.50000000
C 2
0.50000000 0.50000000
D 2
0.50000000 0.50000000
E 2
0.51522638 0.48477363
F 2
0.50000000 0.50000000
G 2
0.45634275 0.54365725
K 2
0.75632445 0.24367555
W 2
0.79493033 0.20506967
S 2
0.50000000 0.50000000
H 2
0.24417414 0.75582586
0 1118.265261 196.421634 
###===
17 0 0 0.000 0 0 0
E 0 4
A B C D 
1 0 1 0 
0.074756 0.992933 
0.550420 0.449580
A 2
0.50000000 0.50000000
B 2
0.50000000 0.50000000
C 2
0.50000000 0.50000000
D 2
0.50000000 0.50000000
E 2
0.51837762 0.48162237
F 2
0.50000000 0.50000000
G 2
0.45634275 0.54365725
K 2
0.75769948 0.24230052
W 2
0.79506992 0.20493008
S 2
0.50000000 0.50000000
H 2
0.24417414 0.75582586
0 1118.585151 196.421634 
###===
18 0 0 0.000 0 0 0
E 0 4
A B C D 
0 1 1 0 
0.074756 0.992933 
0.941169 0.058831
A 2
0.50000000 0.50000000
B 2
0.50000000 0.50000000
C 2
0.50000000 0.50000000
D 2
0.50000000 0.50000000
E 2
0.54595069 0.45404931
F 2
0.50000000 0.50000000
G 2
0.45634275 0.54365725
K 2
0.76973085 0.23026915
W 2
0.79629139 0.20370861
S 2
0.50000000 0.50000000
H 2
0.24417414 0.75582586
0 1125.214911 196.421634 
###===
19 0 0 0.000 0 0 0
E 0 4
A B C D 
1 1 1 0 
0.074756 0.992933 
0.660286 0.339714
A 2
0.50000000 0.50000000
B 2
0.50000000 0.50000000
C 2
0.50000000 0.50000000
D 2
0.50000000 0.50000000
E 2
0.55596856 0.44403144
F 2
0.50000000 0.50000000
G 2
0.45634275 0.54365725
K 2
0.77410210 0.22589790
W 2
0.79673517 0.20326483
S 2
0.50000000 0.50000000
H 2
0.24417414 0.75582586
0 1126.557451 196.421634 
###===
20 0 0 0.000 0 0 0
E 0 4
A B C D 
0 0 0 1 
0.128139 0.987887 
0.951514 0.048486
A 2
0.50000000 0.50000000
B 2
0.50000000 0.50000000
C 2
0.50000000 0.50000000
D 2
0.50000000 0.50000000
E 2
0.58418819 0.41581181
F 2
0.50000000 0.50000000
G 2
0.45634275 0.54365725
K 2
0.78641559 0.21358441
W 2
0.79798527 0.20201473
S 2
0.50000000 0.50000000
H 2
0.24417414 0.75582586
0 1133.511275 196.421634 
###===
21 0 0 0.000 0 0 0
E 0 4
A B C D 
1 0 0 1 
0.128139 0.987887 
0.335086 0.664914
A 2
0.50000000 0.50000000
B 2
0.50000000 0.50000000
C 2
0.50000000 0.50000000
D 2
0.50000000 0.50000000
E 2
0.57388106 0.42611894
F 2
0.50000000 0.50000000
G 2
0.45634275 0.54365725
K 2
0.78191813 0.21808187
W 2
0.79752867 0.20247133
S 2
0.50000000 0.50000000
H 2
0.24417414 0.75582586
0 1133.114941 138.681966 
###===
22 0 0 0.000 0 0 0
E 0 4
A B C D 
0 1 0 1 
0.128139 0.987887 
0.709434 0.290566
A 2
0.50000000 0.50000000
B 2
0.50000000 0.50000000
C 2
0.50000000 0.50000000
D 2
0.50000000 0.50000000
E 2
0.58697069 0.41302931
F 2
0.50000000 0.50000000
G 2
0.45634275 0.54365725
K 2
0.78762972 0.21237028
W 2
0.79810853 0.20189147
S 2
0.50000000 0.50000000
H 2
0.24417414 0.75582586
0 1135.068871 138.681966 
###===
23 0 0 0.000 0 0 0
E 0 4
A B C D 
1 1 0 1 
0.128139 0.987887 
0.376662 0.623338
A 2
0.50000000 0.50000000
B 2
0.50000000 0.50000000
C 2
0.50000000 0.50000000
D 2
0.50000000 0.50000000
E 2
0.57926206 0.42073794
F 2
0.50000000 0.50000000
G 2
0.45634275 0.54365725
K 2
0.78426610 0.21573390
W 2
0.79776705 0.20223295
S 2
0.50000000 0.50000000
H 2
0.24417414 0.75582586
0 1134.675876 138.681966 
###===
24 0 0 0.000 0 0 0
E 0 4
A B C D 
0 0 1 1 
0.128139 0.987887 
0.705725 0.294275
A 2
0.50000000 0.50000000
B 2
0.50000000 0.50000000
C 2
0.50000000 0.50000000
D 2
0.50000000 0.50000000
E 2
0.59211987 0.40788013
F 2
0.50000000 0.50000000
G 2
0.45634275 0.54365725
K 2
0.78987655 0.21012345
W 2
0.79833664 0.20166336
S 2
0.50000000 0.50000000
H 2
0.24417414 0.75582586
0 1136.580099 138.681966 
###===
25 0 0 0.000 0 0 0
E 0 4
A B C D 
1 0 1 1 
0.128139 0.987887 
0.725784 0.274216
A 2
0.50000000 0.50000000
B 2
0.50000000 0.50000000
C 2
0.50000000 0.50000000
D 2
0.50000000 0.50000000
E 2
0.60623138 0.39376863
F 2
0.50000000 0.50000000
G 2
0.45634275 0.54365725
K 2
0.79603403 0.20396597
W 2
0.79896176 0.20103824
S 2
0.50000000 0.50000000
H 2
0.24417414 0.75582586
0 1138.760381 138.681966 
###===
26 0 0 0.000 0 0 0
E 0 4
A B C D 
0 1 1 1 
0.128139 0.987887 
0.186596 0.813404
A 2
0.50000000 0.50000000
B 2
0.50000000 0.50000000
C 2
0.50000000 0.50000000
D 2
0.50000000 0.50000000
E 2
0.58664363 0.41335637
F 2
0.50000000 0.50000000
G 2
0.45634275 0.54365725
K 2
0.78748701 0.21251299
W 2
0.79809404 0.20190596
S 2
0.50000000 0.50000000
H 2
0.24417414 0.75582586
0 1138.968090 54.220631 
###===
27 0 0 0.000 0 0 0
E 0 4
A B C D 
1 1 1 1 
0.128139 0.987887 
0.347194 0.652806
A 2
0.50000000 0.50000000
B 2
0.50000000 0.50000000
C 2
0.50000000 0.50000000
D 2
0.50000000 0.50000000
E 2
0.57709325 0.42290675
F 2
0.50000000 0.50000000
G 2
0.45634275 0.54365725
K 2
0.78331975 0.21668025
W 2
0.79767097 0.20232903
S 2
0.50000000 0.50000000
H 2
0.24417414 0.75582586
0 1138.565682 54.220631 
