Gch_comingSoon999
0 11 0 0.000 0 0 0
A B C D E F G K W S H
3 3 3 3 3 3 3 3 3 3 3
W 0 1
K 
0 
0.000326 0.999349 
0.289679 0.355160 0.355161
A 3
0.33333333 0.33333333 0.33333333
B 3
0.33333333 0.33333333 0.33333333
C 3
0.33333333 0.33333333 0.33333333
D 3
0.33333333 0.33333333 0.33333333
E 3
0.33333333 0.33333333 0.33333333
F 3
0.33333333 0.33333333 0.33333333
G 3
0.33333333 0.33333333 0.33333333
K 3
0.33333333 0.33333333 0.33333333
W 3
0.31878189 0.34060889 0.34060922
S 3
0.33333333 0.33333333 0.33333333
H 3
0.33333333 0.33333333 0.33333333
0 1000.211176 979.748951 
###===
1 0 0 0.000 0 0 0
K 0 1
E 
0 
0.000375 0.999349 
0.499420 0.250290 0.250290
A 3
0.33333333 0.33333333 0.33333333
B 3
0.33333333 0.33333333 0.33333333
C 3
0.33333333 0.33333333 0.33333333
D 3
0.33333333 0.33333333 0.33333333
E 3
0.33333333 0.33333333 0.33333333
F 3
0.33333333 0.33333333 0.33333333
G 3
0.33333333 0.33333333 0.33333333
K 3
0.38869556 0.30565222 0.30565222
W 3
0.31636509 0.34181726 0.34181765
S 3
0.33333333 0.33333333 0.33333333
H 3
0.33333333 0.33333333 0.33333333
0 1003.059032 958.663506 
###===
2 0 0 0.000 0 0 0
G 0 2
D F 
0 0 
0.000434 0.999133 
0.783005 0.108498 0.108497
A 3
0.33333333 0.33333333 0.33333333
B 3
0.33333333 0.33333333 0.33333333
C 3
0.33333333 0.33333333 0.33333333
D 3
0.33333333 0.33333333 0.33333333
E 3
0.33333333 0.33333333 0.33333333
F 3
0.33333333 0.33333333 0.33333333
G 3
0.38329685 0.30835163 0.30835152
K 3
0.38869556 0.30565222 0.30565222
W 3
0.31636509 0.34181726 0.34181765
S 3
0.33333333 0.33333333 0.33333333
H 3
0.33333333 0.33333333 0.33333333
0 1009.873755 796.732461 
###===
3 0 0 0.000 0 0 0
G 0 2
D F 
1 0 
0.000434 0.999133 
0.676615 0.161693 0.161692
A 3
0.33333333 0.33333333 0.33333333
B 3
0.33333333 0.33333333 0.33333333
C 3
0.33333333 0.33333333 0.33333333
D 3
0.33333333 0.33333333 0.33333333
E 3
0.33333333 0.33333333 0.33333333
F 3
0.33333333 0.33333333 0.33333333
G 3
0.42143926 0.28928048 0.28928026
K 3
0.38869556 0.30565222 0.30565222
W 3
0.31636509 0.34181726 0.34181765
S 3
0.33333333 0.33333333 0.33333333
H 3
0.33333333 0.33333333 0.33333333
0 1013.802121 796.732461 
###===
4 0 0 0.000 0 0 0
G 0 2
D F 
2 0 
0.000434 0.999133 
0.150050 0.424975 0.424975
A 3
0.33333333 0.33333333 0.33333333
B 3
0.33333333 0.33333333 0.33333333
C 3
0.33333333 0.33333333 0.33333333
D 3
0.33333333 0.33333333 0.33333333
E 3
0.33333333 0.33333333 0.33333333
F 3
0.33333333 0.33333333 0.33333333
G 3
0.40107444 0.29946289 0.29946267
K 3
0.38869556 0.30565222 0.30565222
W 3
0.31636509 0.34181726 0.34181765
S 3
0.33333333 0.33333333 0.33333333
H 3
0.33333333 0.33333333 0.33333333
0 1015.191533 796.732461 
###===
5 0 0 0.000 0 0 0
G 0 2
D F 
0 1 
0.000434 0.999133 
0.696147 0.151927 0.151926
A 3
0.33333333 0.33333333 0.33333333
B 3
0.33333333 0.33333333 0.33333333
C 3
0.33333333 0.33333333 0.33333333
D 3
0.33333333 0.33333333 0.33333333
E 3
0.33333333 0.33333333 0.33333333
F 3
0.33333333 0.33333333 0.33333333
G 3
0.44138707 0.27930663 0.27930630
K 3
0.38869556 0.30565222 0.30565222
W 3
0.31636509 0.34181726 0.34181765
S 3
0.33333333 0.33333333 0.33333333
H 3
0.33333333 0.33333333 0.33333333
0 1019.582195 796.732461 
###===
6 0 0 0.000 0 0 0
H 0 2
G S 
0 0 
0.000963 0.998074 
0.129603 0.435198 0.435199
A 3
0.33333333 0.33333333 0.33333333
B 3
0.33333333 0.33333333 0.33333333
C 3
0.33333333 0.33333333 0.33333333
D 3
0.33333333 0.33333333 0.33333333
E 3
0.33333333 0.33333333 0.33333333
F 3
0.33333333 0.33333333 0.33333333
G 3
0.44138707 0.27930663 0.27930630
K 3
0.38869556 0.30565222 0.30565222
W 3
0.31636509 0.34181726 0.34181765
S 3
0.33333333 0.33333333 0.33333333
H 3
0.30335869 0.34832058 0.34832073
0 1021.910028 707.224630 
###===
7 0 0 0.000 0 0 0
H 0 2
G S 
1 0 
0.001332 0.997336 
0.943498 0.028251 0.028251
A 3
0.33333333 0.33333333 0.33333333
B 3
0.33333333 0.33333333 0.33333333
C 3
0.33333333 0.33333333 0.33333333
D 3
0.33333333 0.33333333 0.33333333
E 3
0.33333333 0.33333333 0.33333333
F 3
0.33333333 0.33333333 0.33333333
G 3
0.44138707 0.27930663 0.27930630
K 3
0.38869556 0.30565222 0.30565222
W 3
0.31636509 0.34181726 0.34181765
S 3
0.33333333 0.33333333 0.33333333
H 3
0.36016637 0.31991674 0.31991689
0 1033.222512 440.674616 
###===
8 0 0 0.000 0 0 0
H 0 2
G S 
2 0 
0.001332 0.997336 
0.884202 0.057899 0.057899
A 3
0.33333333 0.33333333 0.33333333
B 3
0.33333333 0.33333333 0.33333333
C 3
0.33333333 0.33333333 0.33333333
D 3
0.33333333 0.33333333 0.33333333
E 3
0.33333333 0.33333333 0.33333333
F 3
0.33333333 0.33333333 0.33333333
G 3
0.44138707 0.27930663 0.27930630
K 3
0.38869556 0.30565222 0.30565222
W 3
0.31636509 0.34181726 0.34181765
S 3
0.33333333 0.33333333 0.33333333
H 3
0.41145340 0.29427323 0.29427338
0 1042.085869 440.674616 
###===
9 0 0 0.000 0 0 0
H 0 2
G S 
0 1 
0.000963 0.998074 
0.514480 0.242760 0.242760
A 3
0.33333333 0.33333333 0.33333333
B 3
0.33333333 0.33333333 0.33333333
C 3
0.33333333 0.33333333 0.33333333
D 3
0.33333333 0.33333333 0.33333333
E 3
0.33333333 0.33333333 0.33333333
F 3
0.33333333 0.33333333 0.33333333
G 3
0.44138707 0.27930663 0.27930630
K 3
0.38869556 0.30565222 0.30565222
W 3
0.31636509 0.34181726 0.34181765
S 3
0.33333333 0.33333333 0.33333333
H 3
0.43810533 0.28094726 0.28094741
0 1043.557859 440.674616 
###===
10 0 0 0.000 0 0 0
E 0 4
A B C D 
0 0 0 0 
0.015715 0.972844 
0.665997 0.167002 0.167001
A 3
0.33333333 0.33333333 0.33333333
B 3
0.33333333 0.33333333 0.33333333
C 3
0.33333333 0.33333333 0.33333333
D 3
0.33333333 0.33333333 0.33333333
E 3
0.33744029 0.33127986 0.33127985
F 3
0.33333333 0.33333333 0.33333333
G 3
0.44138707 0.27930663 0.27930630
K 3
0.38937767 0.30531117 0.30531117
W 3
0.31633531 0.34183215 0.34183254
S 3
0.33333333 0.33333333 0.33333333
H 3
0.43810533 0.28094726 0.28094741
0 1044.002818 362.049176 
###===
11 0 0 0.000 0 0 0
E 0 4
A B C D 
1 0 0 0 
0.015715 0.972844 
0.950632 0.024684 0.024684
A 3
0.33333333 0.33333333 0.33333333
B 3
0.33333333 0.33333333 0.33333333
C 3
0.33333333 0.33333333 0.33333333
D 3
0.33333333 0.33333333 0.33333333
E 3
0.34506126 0.32746937 0.32746936
F 3
0.33333333 0.33333333 0.33333333
G 3
0.44138707 0.27930663 0.27930630
K 3
0.39064341 0.30467830 0.30467830
W 3
0.31628006 0.34185978 0.34186017
S 3
0.33333333 0.33333333 0.33333333
H 3
0.43810533 0.28094726 0.28094741
0 1045.613469 86.228312 
###===
12 0 0 0.000 0 0 0
E 0 4
A B C D 
2 0 0 0 
0.015715 0.972844 
0.135797 0.432102 0.432101
A 3
0.33333333 0.33333333 0.33333333
B 3
0.33333333 0.33333333 0.33333333
C 3
0.33333333 0.33333333 0.33333333
D 3
0.33333333 0.33333333 0.33333333
E 3
0.34262254 0.32868874 0.32868872
F 3
0.33333333 0.33333333 0.33333333
G 3
0.44138707 0.27930663 0.27930630
K 3
0.39023837 0.30488082 0.30488082
W 3
0.31629774 0.34185094 0.34185133
S 3
0.33333333 0.33333333 0.33333333
H 3
0.43810533 0.28094726 0.28094741
0 1045.774899 86.228312 
###===
13 0 0 0.000 0 0 0
E 0 4
A B C D 
0 1 0 0 
0.015715 0.972844 
0.735708 0.132146 0.132146
A 3
0.33333333 0.33333333 0.33333333
B 3
0.33333333 0.33333333 0.33333333
C 3
0.33333333 0.33333333 0.33333333
D 3
0.33333333 0.33333333 0.33333333
E 3
0.34759013 0.32620495 0.32620492
F 3
0.33333333 0.33333333 0.33333333
G 3
0.44138707 0.27930663 0.27930630
K 3
0.39106342 0.30446829 0.30446829
W 3
0.31626172 0.34186894 0.34186934
S 3
0.33333333 0.33333333 0.33333333
H 3
0.43810533 0.28094726 0.28094741
0 1046.419212 86.228312 
###===
14 0 0 0.000 0 0 0
E 0 4
A B C D 
1 1 0 0 
0.015715 0.972844 
0.807310 0.096345 0.096345
A 3
0.33333333 0.33333333 0.33333333
B 3
0.33333333 0.33333333 0.33333333
C 3
0.33333333 0.33333333 0.33333333
D 3
0.33333333 0.33333333 0.33333333
E 3
0.35344170 0.32327916 0.32327914
F 3
0.33333333 0.33333333 0.33333333
G 3
0.44138707 0.27930663 0.27930630
K 3
0.39203529 0.30398236 0.30398236
W 3
0.31621929 0.34189016 0.34189055
S 3
0.33333333 0.33333333 0.33333333
H 3
0.43810533 0.28094726 0.28094741
0 1047.315141 86.228312 
###===
15 0 0 0.000 0 0 0
E 0 4
A B C D 
2 1 0 0 
0.015715 0.972844 
0.763644 0.118178 0.118178
A 3
0.33333333 0.33333333 0.33333333
B 3
0.33333333 0.33333333 0.33333333
C 3
0.33333333 0.33333333 0.33333333
D 3
0.33333333 0.33333333 0.33333333
E 3
0.35875417 0.32062293 0.32062290
F 3
0.33333333 0.33333333 0.33333333
G 3
0.44138707 0.27930663 0.27930630
K 3
0.39291762 0.30354119 0.30354119
W 3
0.31618078 0.34190942 0.34190981
S 3
0.33333333 0.33333333 0.33333333
H 3
0.43810533 0.28094726 0.28094741
0 1048.051489 86.228312 
###===
16 0 0 0.000 0 0 0
E 0 4
A B C D 
0 2 0 0 
0.015715 0.972844 
0.198414 0.400793 0.400793
A 3
0.33333333 0.33333333 0.33333333
B 3
0.33333333 0.33333333 0.33333333
C 3
0.33333333 0.33333333 0.33333333
D 3
0.33333333 0.33333333 0.33333333
E 3
0.35708850 0.32145576 0.32145574
F 3
0.33333333 0.33333333 0.33333333
G 3
0.44138707 0.27930663 0.27930630
K 3
0.39264097 0.30367951 0.30367951
W 3
0.31619285 0.34190338 0.34190377
S 3
0.33333333 0.33333333 0.33333333
H 3
0.43810533 0.28094726 0.28094741
0 1048.117051 86.228312 
###===
17 0 0 0.000 0 0 0
E 0 4
A B C D 
1 2 0 0 
0.015715 0.972844 
0.425980 0.287010 0.287010
A 3
0.33333333 0.33333333 0.33333333
B 3
0.33333333 0.33333333 0.33333333
C 3
0.33333333 0.33333333 0.33333333
D 3
0.33333333 0.33333333 0.33333333
E 3
0.35823229 0.32088387 0.32088384
F 3
0.33333333 0.33333333 0.33333333
G 3
0.44138707 0.27930663 0.27930630
K 3
0.39283094 0.30358453 0.30358453
W 3
0.31618456 0.34190752 0.34190792
S 3
0.33333333 0.33333333 0.33333333
H 3
0.43810533 0.28094726 0.28094741
0 1048.159921 86.228312 
###===
18 0 0 0.000 0 0 0
E 0 4
A B C D 
2 2 0 0 
0.015715 0.972844 
0.029552 0.485224 0.485224
A 3
0.33333333 0.33333333 0.33333333
B 3
0.33333333 0.33333333 0.33333333
C 3
0.33333333 0.33333333 0.33333333
D 3
0.33333333 0.33333333 0.33333333
E 3
0.35448190 0.32275906 0.32275904
F 3
0.33333333 0.33333333 0.33333333
G 3
0.44138707 0.27930663 0.27930630
K 3
0.39220805 0.30389597 0.30389597
W 3
0.31621175 0.34189393 0.34189432
S 3
0.33333333 0.33333333 0.33333333
H 3
0.43810533 0.28094726 0.28094741
0 1048.649330 86.228312 
###===
19 0 0 0.000 0 0 0
E 0 4
A B C D 
0 0 1 0 
0.015715 0.972844 
0.327055 0.336473 0.336472
A 3
0.33333333 0.33333333 0.33333333
B 3
0.33333333 0.33333333 0.33333333
C 3
0.33333333 0.33333333 0.33333333
D 3
0.33333333 0.33333333 0.33333333
E 3
0.35440439 0.32279782 0.32279779
F 3
0.33333333 0.33333333 0.33333333
G 3
0.44138707 0.27930663 0.27930630
K 3
0.39219518 0.30390241 0.30390241
W 3
0.31621231 0.34189365 0.34189404
S 3
0.33333333 0.33333333 0.33333333
H 3
0.43810533 0.28094726 0.28094741
0 1048.648826 86.228312 
###===
20 0 0 0.000 0 0 0
E 0 4
A B C D 
1 0 1 0 
0.015715 0.972844 
0.144642 0.427679 0.427679
A 3
0.33333333 0.33333333 0.33333333
B 3
0.33333333 0.33333333 0.33333333
C 3
0.33333333 0.33333333 0.33333333
D 3
0.33333333 0.33333333 0.33333333
E 3
0.35207487 0.32396258 0.32396255
F 3
0.33333333 0.33333333 0.33333333
G 3
0.44138707 0.27930663 0.27930630
K 3
0.39180827 0.30409586 0.30409586
W 3
0.31622920 0.34188520 0.34188559
S 3
0.33333333 0.33333333 0.33333333
H 3
0.43810533 0.28094726 0.28094741
0 1048.793536 86.228312 
###===
21 0 0 0.000 0 0 0
E 0 4
A B C D 
2 0 1 0 
0.015715 0.972844 
0.446918 0.276541 0.276541
A 3
0.33333333 0.33333333 0.33333333
B 3
0.33333333 0.33333333 0.33333333
C 3
0.33333333 0.33333333 0.33333333
D 3
0.33333333 0.33333333 0.33333333
E 3
0.35347715 0.32326144 0.32326141
F 3
0.33333333 0.33333333 0.33333333
G 3
0.44138707 0.27930663 0.27930630
K 3
0.39204117 0.30397941 0.30397941
W 3
0.31621904 0.34189029 0.34189068
S 3
0.33333333 0.33333333 0.33333333
H 3
0.43810533 0.28094726 0.28094741
0 1048.854932 86.228312 
###===
22 0 0 0.000 0 0 0
E 0 4
A B C D 
0 1 1 0 
0.015715 0.972844 
0.563456 0.218272 0.218272
A 3
0.33333333 0.33333333 0.33333333
B 3
0.33333333 0.33333333 0.33333333
C 3
0.33333333 0.33333333 0.33333333
D 3
0.33333333 0.33333333 0.33333333
E 3
0.35631817 0.32184093 0.32184090
F 3
0.33333333 0.33333333 0.33333333
G 3
0.44138707 0.27930663 0.27930630
K 3
0.39251303 0.30374348 0.30374348
W 3
0.31619844 0.34190058 0.34190098
S 3
0.33333333 0.33333333 0.33333333
H 3
0.43810533 0.28094726 0.28094741
0 1049.076819 86.228312 
###===
23 0 0 0.000 0 0 0
E 0 4
A B C D 
1 1 1 0 
0.015715 0.972844 
0.773783 0.113109 0.113108
A 3
0.33333333 0.33333333 0.33333333
B 3
0.33333333 0.33333333 0.33333333
C 3
0.33333333 0.33333333 0.33333333
D 3
0.33333333 0.33333333 0.33333333
E 3
0.36175582 0.31912212 0.31912207
F 3
0.33333333 0.33333333 0.33333333
G 3
0.44138707 0.27930663 0.27930630
K 3
0.39341615 0.30329192 0.30329192
W 3
0.31615901 0.34192030 0.34192069
S 3
0.33333333 0.33333333 0.33333333
H 3
0.43810533 0.28094726 0.28094741
0 1049.848446 86.228312 
###===
24 0 0 0.000 0 0 0
E 0 4
A B C D 
2 1 1 0 
0.015715 0.972844 
0.417457 0.291271 0.291272
A 3
0.33333333 0.33333333 0.33333333
B 3
0.33333333 0.33333333 0.33333333
C 3
0.33333333 0.33333333 0.33333333
D 3
0.33333333 0.33333333 0.33333333
E 3
0.36279438 0.31860283 0.31860279
F 3
0.33333333 0.33333333 0.33333333
G 3
0.44138707 0.27930663 0.27930630
K 3
0.39358864 0.30320568 0.30320568
W 3
0.31615148 0.34192406 0.34192446
S 3
0.33333333 0.33333333 0.33333333
H 3
0.43810533 0.28094726 0.28094741
0 1049.884688 86.228312 
###===
25 0 0 0.000 0 0 0
E 0 4
A B C D 
0 2 1 0 
0.015715 0.972844 
0.525421 0.237290 0.237289
A 3
0.33333333 0.33333333 0.33333333
B 3
0.33333333 0.33333333 0.33333333
C 3
0.33333333 0.33333333 0.33333333
D 3
0.33333333 0.33333333 0.33333333
E 3
0.36516584 0.31741711 0.31741706
F 3
0.33333333 0.33333333 0.33333333
G 3
0.44138707 0.27930663 0.27930630
K 3
0.39398251 0.30300875 0.30300875
W 3
0.31613429 0.34193266 0.34193305
S 3
0.33333333 0.33333333 0.33333333
H 3
0.43810533 0.28094726 0.28094741
0 1050.043528 86.228312 
###===
26 0 0 0.000 0 0 0
E 0 4
A B C D 
1 2 1 0 
0.015715 0.972844 
0.901733 0.049134 0.049133
A 3
0.33333333 0.33333333 0.33333333
B 3
0.33333333 0.33333333 0.33333333
C 3
0.33333333 0.33333333 0.33333333
D 3
0.33333333 0.33333333 0.33333333
E 3
0.37218312 0.31390847 0.31390841
F 3
0.33333333 0.33333333 0.33333333
G 3
0.44138707 0.27930663 0.27930630
K 3
0.39514799 0.30242601 0.30242601
W 3
0.31608341 0.34195810 0.34195849
S 3
0.33333333 0.33333333 0.33333333
H 3
0.43810533 0.28094726 0.28094741
0 1051.366712 86.228312 
###===
27 0 0 0.000 0 0 0
E 0 4
A B C D 
2 2 1 0 
0.015715 0.972844 
0.876252 0.061874 0.061874
A 3
0.33333333 0.33333333 0.33333333
B 3
0.33333333 0.33333333 0.33333333
C 3
0.33333333 0.33333333 0.33333333
D 3
0.33333333 0.33333333 0.33333333
E 3
0.37888581 0.31055712 0.31055706
F 3
0.33333333 0.33333333 0.33333333
G 3
0.44138707 0.27930663 0.27930630
K 3
0.39626122 0.30186939 0.30186939
W 3
0.31603481 0.34198239 0.34198279
S 3
0.33333333 0.33333333 0.33333333
H 3
0.43810533 0.28094726 0.28094741
0 1052.561230 86.228312 
###===
28 0 0 0.000 0 0 0
E 0 4
A B C D 
0 0 2 0 
0.015715 0.972844 
0.537191 0.231404 0.231405
A 3
0.33333333 0.33333333 0.33333333
B 3
0.33333333 0.33333333 0.33333333
C 3
0.33333333 0.33333333 0.33333333
D 3
0.33333333 0.33333333 0.33333333
E 3
0.38140258 0.30929874 0.30929869
F 3
0.33333333 0.33333333 0.33333333
G 3
0.44138707 0.27930663 0.27930630
K 3
0.39667922 0.30166039 0.30166039
W 3
0.31601657 0.34199152 0.34199192
S 3
0.33333333 0.33333333 0.33333333
H 3
0.43810533 0.28094726 0.28094741
0 1052.738471 86.228312 
###===
29 0 0 0.000 0 0 0
E 0 4
A B C D 
1 0 2 0 
0.015715 0.972844 
0.878206 0.060897 0.060897
A 3
0.33333333 0.33333333 0.33333333
B 3
0.33333333 0.33333333 0.33333333
C 3
0.33333333 0.33333333 0.33333333
D 3
0.33333333 0.33333333 0.33333333
E 3
0.38812940 0.30593533 0.30593528
F 3
0.33333333 0.33333333 0.33333333
G 3
0.44138707 0.27930663 0.27930630
K 3
0.39779645 0.30110177 0.30110177
W 3
0.31596779 0.34201590 0.34201630
S 3
0.33333333 0.33333333 0.33333333
H 3
0.43810533 0.28094726 0.28094741
0 1053.942451 86.228312 
###===
30 0 0 0.000 0 0 0
E 0 4
A B C D 
2 0 2 0 
0.015715 0.972844 
0.065320 0.467340 0.467340
A 3
0.33333333 0.33333333 0.33333333
B 3
0.33333333 0.33333333 0.33333333
C 3
0.33333333 0.33333333 0.33333333
D 3
0.33333333 0.33333333 0.33333333
E 3
0.38482059 0.30758973 0.30758968
F 3
0.33333333 0.33333333 0.33333333
G 3
0.44138707 0.27930663 0.27930630
K 3
0.39724690 0.30137655 0.30137655
W 3
0.31599178 0.34200391 0.34200431
S 3
0.33333333 0.33333333 0.33333333
H 3
0.43810533 0.28094726 0.28094741
0 1054.287110 86.228312 
###===
31 0 0 0.000 0 0 0
E 0 4
A B C D 
0 1 2 0 
0.015715 0.972844 
0.789652 0.105174 0.105174
A 3
0.33333333 0.33333333 0.33333333
B 3
0.33333333 0.33333333 0.33333333
C 3
0.33333333 0.33333333 0.33333333
D 3
0.33333333 0.33333333 0.33333333
E 3
0.39045416 0.30477295 0.30477290
F 3
0.33333333 0.33333333 0.33333333
G 3
0.44138707 0.27930663 0.27930630
K 3
0.39818256 0.30090872 0.30090872
W 3
0.31595094 0.34202433 0.34202473
S 3
0.33333333 0.33333333 0.33333333
H 3
0.43810533 0.28094726 0.28094741
0 1055.116065 86.228312 
###===
32 0 0 0.000 0 0 0
E 0 4
A B C D 
1 1 2 0 
0.015715 0.972844 
0.336262 0.331869 0.331869
A 3
0.33333333 0.33333333 0.33333333
B 3
0.33333333 0.33333333 0.33333333
C 3
0.33333333 0.33333333 0.33333333
D 3
0.33333333 0.33333333 0.33333333
E 3
0.39049031 0.30475487 0.30475482
F 3
0.33333333 0.33333333 0.33333333
G 3
0.44138707 0.27930663 0.27930630
K 3
0.39818857 0.30090572 0.30090572
W 3
0.31595068 0.34202446 0.34202486
S 3
0.33333333 0.33333333 0.33333333
H 3
0.43810533 0.28094726 0.28094741
0 1055.116408 86.228312 
###===
33 0 0 0.000 0 0 0
E 0 4
A B C D 
2 1 2 0 
0.015715 0.972844 
0.234594 0.382703 0.382703
A 3
0.33333333 0.33333333 0.33333333
B 3
0.33333333 0.33333333 0.33333333
C 3
0.33333333 0.33333333 0.33333333
D 3
0.33333333 0.33333333 0.33333333
E 3
0.38927131 0.30536437 0.30536432
F 3
0.33333333 0.33333333 0.33333333
G 3
0.44138707 0.27930663 0.27930630
K 3
0.39798611 0.30100695 0.30100695
W 3
0.31595952 0.34202004 0.34202044
S 3
0.33333333 0.33333333 0.33333333
H 3
0.43810533 0.28094726 0.28094741
0 1055.147502 86.228312 
###===
34 0 0 0.000 0 0 0
E 0 4
A B C D 
0 2 2 0 
0.015715 0.972844 
0.802859 0.098571 0.098570
A 3
0.33333333 0.33333333 0.33333333
B 3
0.33333333 0.33333333 0.33333333
C 3
0.33333333 0.33333333 0.33333333
D 3
0.33333333 0.33333333 0.33333333
E 3
0.39506792 0.30246607 0.30246601
F 3
0.33333333 0.33333333 0.33333333
G 3
0.44138707 0.27930663 0.27930630
K 3
0.39894885 0.30052558 0.30052558
W 3
0.31591749 0.34204106 0.34204146
S 3
0.33333333 0.33333333 0.33333333
H 3
0.43810533 0.28094726 0.28094741
0 1056.026222 86.228312 
###===
35 0 0 0.000 0 0 0
E 0 4
A B C D 
1 2 2 0 
0.015715 0.972844 
0.349020 0.325490 0.325490
A 3
0.33333333 0.33333333 0.33333333
B 3
0.33333333 0.33333333 0.33333333
C 3
0.33333333 0.33333333 0.33333333
D 3
0.33333333 0.33333333 0.33333333
E 3
0.39526158 0.30236924 0.30236918
F 3
0.33333333 0.33333333 0.33333333
G 3
0.44138707 0.27930663 0.27930630
K 3
0.39898101 0.30050949 0.30050949
W 3
0.31591608 0.34204176 0.34204216
S 3
0.33333333 0.33333333 0.33333333
H 3
0.43810533 0.28094726 0.28094741
0 1056.028855 86.228312 
###===
36 0 0 0.000 0 0 0
E 0 4
A B C D 
2 2 2 0 
0.015715 0.972844 
0.174092 0.412954 0.412954
A 3
0.33333333 0.33333333 0.33333333
B 3
0.33333333 0.33333333 0.33333333
C 3
0.33333333 0.33333333 0.33333333
D 3
0.33333333 0.33333333 0.33333333
E 3
0.39329564 0.30335221 0.30335215
F 3
0.33333333 0.33333333 0.33333333
G 3
0.44138707 0.27930663 0.27930630
K 3
0.39865450 0.30067275 0.30067275
W 3
0.31593034 0.34203463 0.34203503
S 3
0.33333333 0.33333333 0.33333333
H 3
0.43810533 0.28094726 0.28094741
0 1056.125730 86.228312 
###===
37 0 0 0.000 0 0 0
E 0 4
A B C D 
0 0 0 1 
0.010545 0.981778 
0.037869 0.481066 0.481065
A 3
0.33333333 0.33333333 0.33333333
B 3
0.33333333 0.33333333 0.33333333
C 3
0.33333333 0.33333333 0.33333333
D 3
0.33333333 0.33333333 0.33333333
E 3
0.38964793 0.30517607 0.30517600
F 3
0.33333333 0.33333333 0.33333333
G 3
0.44138707 0.27930663 0.27930630
K 3
0.39804866 0.30097567 0.30097567
W 3
0.31595678 0.34202141 0.34202181
S 3
0.33333333 0.33333333 0.33333333
H 3
0.43810533 0.28094726 0.28094741
0 1056.576537 86.228312 
###===
38 0 0 0.000 0 0 0
E 0 4
A B C D 
1 0 0 1 
0.010545 0.981778 
0.938431 0.030784 0.030785
A 3
0.33333333 0.33333333 0.33333333
B 3
0.33333333 0.33333333 0.33333333
C 3
0.33333333 0.33333333 0.33333333
D 3
0.33333333 0.33333333 0.33333333
E 3
0.39711828 0.30144089 0.30144083
F 3
0.33333333 0.33333333 0.33333333
G 3
0.44138707 0.27930663 0.27930630
K 3
0.39928938 0.30035531 0.30035531
W 3
0.31590262 0.34204849 0.34204889
S 3
0.33333333 0.33333333 0.33333333
H 3
0.43810533 0.28094726 0.28094741
0 1058.109189 86.228312 
###===
39 0 0 0.000 0 0 0
E 0 4
A B C D 
2 0 0 1 
0.010545 0.981778 
0.671266 0.164367 0.164367
A 3
0.33333333 0.33333333 0.33333333
B 3
0.33333333 0.33333333 0.33333333
C 3
0.33333333 0.33333333 0.33333333
D 3
0.33333333 0.33333333 0.33333333
E 3
0.40129028 0.29935489 0.29935483
F 3
0.33333333 0.33333333 0.33333333
G 3
0.44138707 0.27930663 0.27930630
K 3
0.39998230 0.30000885 0.30000885
W 3
0.31587237 0.34206361 0.34206401
S 3
0.33333333 0.33333333 0.33333333
H 3
0.43810533 0.28094726 0.28094741
0 1058.567797 86.228312 
###===
40 0 0 0.000 0 0 0
E 0 4
A B C D 
0 1 0 1 
0.010545 0.981778 
0.846351 0.076825 0.076824
A 3
0.33333333 0.33333333 0.33333333
B 3
0.33333333 0.33333333 0.33333333
C 3
0.33333333 0.33333333 0.33333333
D 3
0.33333333 0.33333333 0.33333333
E 3
0.40762384 0.29618812 0.29618805
F 3
0.33333333 0.33333333 0.33333333
G 3
0.44138707 0.27930663 0.27930630
K 3
0.40103422 0.29948289 0.29948289
W 3
0.31582645 0.34208657 0.34208697
S 3
0.33333333 0.33333333 0.33333333
H 3
0.43810533 0.28094726 0.28094741
0 1059.624892 86.228312 
###===
41 0 0 0.000 0 0 0
E 0 4
A B C D 
1 1 0 1 
0.010545 0.981778 
0.922623 0.038689 0.038688
A 3
0.33333333 0.33333333 0.33333333
B 3
0.33333333 0.33333333 0.33333333
C 3
0.33333333 0.33333333 0.33333333
D 3
0.33333333 0.33333333 0.33333333
E 3
0.41489902 0.29255053 0.29255045
F 3
0.33333333 0.33333333 0.33333333
G 3
0.44138707 0.27930663 0.27930630
K 3
0.40224253 0.29887874 0.29887874
W 3
0.31577370 0.34211295 0.34211335
S 3
0.33333333 0.33333333 0.33333333
H 3
0.43810533 0.28094726 0.28094741
0 1061.063241 86.228312 
###===
42 0 0 0.000 0 0 0
E 0 4
A B C D 
2 1 0 1 
0.010545 0.981778 
0.671172 0.164414 0.164414
A 3
0.33333333 0.33333333 0.33333333
B 3
0.33333333 0.33333333 0.33333333
C 3
0.33333333 0.33333333 0.33333333
D 3
0.33333333 0.33333333 0.33333333
E 3
0.41906986 0.29046511 0.29046502
F 3
0.33333333 0.33333333 0.33333333
G 3
0.44138707 0.27930663 0.27930630
K 3
0.40293525 0.29853237 0.29853237
W 3
0.31574346 0.34212807 0.34212847
S 3
0.33333333 0.33333333 0.33333333
H 3
0.43810533 0.28094726 0.28094741
0 1061.521603 86.228312 
###===
43 0 0 0.000 0 0 0
E 0 4
A B C D 
0 2 0 1 
0.010545 0.981778 
0.901577 0.049212 0.049211
A 3
0.33333333 0.33333333 0.33333333
B 3
0.33333333 0.33333333 0.33333333
C 3
0.33333333 0.33333333 0.33333333
D 3
0.33333333 0.33333333 0.33333333
E 3
0.42608522 0.28695744 0.28695734
F 3
0.33333333 0.33333333 0.33333333
G 3
0.44138707 0.27930663 0.27930630
K 3
0.40410041 0.29794980 0.29794980
W 3
0.31569260 0.34215350 0.34215390
S 3
0.33333333 0.33333333 0.33333333
H 3
0.43810533 0.28094726 0.28094741
0 1062.843963 86.228312 
###===
44 0 0 0.000 0 0 0
E 0 4
A B C D 
1 2 0 1 
0.010545 0.981778 
0.259852 0.370074 0.370074
A 3
0.33333333 0.33333333 0.33333333
B 3
0.33333333 0.33333333 0.33333333
C 3
0.33333333 0.33333333 0.33333333
D 3
0.33333333 0.33333333 0.33333333
E 3
0.42517804 0.28741103 0.28741093
F 3
0.33333333 0.33333333 0.33333333
G 3
0.44138707 0.27930663 0.27930630
K 3
0.40394974 0.29802513 0.29802513
W 3
0.31569918 0.34215021 0.34215061
S 3
0.33333333 0.33333333 0.33333333
H 3
0.43810533 0.28094726 0.28094741
0 1062.858795 86.228312 
###===
45 0 0 0.000 0 0 0
E 0 4
A B C D 
2 2 0 1 
0.010545 0.981778 
0.870686 0.064657 0.064657
A 3
0.33333333 0.33333333 0.33333333
B 3
0.33333333 0.33333333 0.33333333
C 3
0.33333333 0.33333333 0.33333333
D 3
0.33333333 0.33333333 0.33333333
E 3
0.43181202 0.28409404 0.28409394
F 3
0.33333333 0.33333333 0.33333333
G 3
0.44138707 0.27930663 0.27930630
K 3
0.40505155 0.29747422 0.29747422
W 3
0.31565108 0.34217426 0.34217466
S 3
0.33333333 0.33333333 0.33333333
H 3
0.43810533 0.28094726 0.28094741
0 1064.026700 86.228312 
###===
46 0 0 0.000 0 0 0
E 0 4
A B C D 
0 0 1 1 
0.010545 0.981778 
0.904121 0.047940 0.047939
A 3
0.33333333 0.33333333 0.33333333
B 3
0.33333333 0.33333333 0.33333333
C 3
0.33333333 0.33333333 0.33333333
D 3
0.33333333 0.33333333 0.33333333
E 3
0.43885879 0.28057066 0.28057055
F 3
0.33333333 0.33333333 0.33333333
G 3
0.44138707 0.27930663 0.27930630
K 3
0.40622193 0.29688904 0.29688904
W 3
0.31559999 0.34219980 0.34220021
S 3
0.33333333 0.33333333 0.33333333
H 3
0.43810533 0.28094726 0.28094741
0 1065.362570 86.228312 
###===
47 0 0 0.000 0 0 0
E 0 4
A B C D 
1 0 1 1 
0.010545 0.981778 
0.301976 0.349012 0.349012
A 3
0.33333333 0.33333333 0.33333333
B 3
0.33333333 0.33333333 0.33333333
C 3
0.33333333 0.33333333 0.33333333
D 3
0.33333333 0.33333333 0.33333333
E 3
0.43847166 0.28076423 0.28076412
F 3
0.33333333 0.33333333 0.33333333
G 3
0.44138707 0.27930663 0.27930630
K 3
0.40615763 0.29692119 0.29692119
W 3
0.31560279 0.34219840 0.34219881
S 3
0.33333333 0.33333333 0.33333333
H 3
0.43810533 0.28094726 0.28094741
0 1065.363270 86.228312 
###===
48 0 0 0.000 0 0 0
E 0 4
A B C D 
2 0 1 1 
0.010545 0.981778 
0.081825 0.459088 0.459087
A 3
0.33333333 0.33333333 0.33333333
B 3
0.33333333 0.33333333 0.33333333
C 3
0.33333333 0.33333333 0.33333333
D 3
0.33333333 0.33333333 0.33333333
E 3
0.43536662 0.28231675 0.28231663
F 3
0.33333333 0.33333333 0.33333333
G 3
0.44138707 0.27930663 0.27930630
K 3
0.40564192 0.29717904 0.29717904
W 3
0.31562531 0.34218714 0.34218755
S 3
0.33333333 0.33333333 0.33333333
H 3
0.43810533 0.28094726 0.28094741
0 1065.655520 86.228312 
###===
49 0 0 0.000 0 0 0
E 0 4
A B C D 
0 1 1 1 
0.010545 0.981778 
0.755868 0.122066 0.122066
A 3
0.33333333 0.33333333 0.33333333
B 3
0.33333333 0.33333333 0.33333333
C 3
0.33333333 0.33333333 0.33333333
D 3
0.33333333 0.33333333 0.33333333
E 3
0.44058309 0.27970851 0.27970839
F 3
0.33333333 0.33333333 0.33333333
G 3
0.44138707 0.27930663 0.27930630
K 3
0.40650831 0.29674584 0.29674584
W 3
0.31558748 0.34220605 0.34220646
S 3
0.33333333 0.33333333 0.33333333
H 3
0.43810533 0.28094726 0.28094741
0 1066.365502 86.228312 
