Gch_comingSoon999
0 11 0 0.000 0 0 0
A B C D E F G K W S H
4 4 4 4 4 4 4 4 4 4 4
W 0 1
K 
0 
0.000244 0.999268 
0.378998 0.207001 0.207001 0.207000
A 4
0.25000000 0.25000000 0.25000000 0.25000000
B 4
0.25000000 0.25000000 0.25000000 0.25000000
C 4
0.25000000 0.25000000 0.25000000 0.25000000
D 4
0.25000000 0.25000000 0.25000000 0.25000000
E 4
0.25000000 0.25000000 0.25000000 0.25000000
F 4
0.25000000 0.25000000 0.25000000 0.25000000
G 4
0.25000000 0.25000000 0.25000000 0.25000000
K 4
0.25000000 0.25000000 0.25000000 0.25000000
W 4
0.28224950 0.23925025 0.23925025 0.23925000
S 4
0.25000000 0.25000000 0.25000000 0.25000000
H 4
0.25000000 0.25000000 0.25000000 0.25000000
0 1001.460096 972.770267 
###===
1 0 0 0.000 0 0 0
W 0 1
K 
1 
0.000244 0.999268 
0.768401 0.077200 0.077200 0.077199
A 4
0.25000000 0.25000000 0.25000000 0.25000000
B 4
0.25000000 0.25000000 0.25000000 0.25000000
C 4
0.25000000 0.25000000 0.25000000 0.25000000
D 4
0.25000000 0.25000000 0.25000000 0.25000000
E 4
0.25000000 0.25000000 0.25000000 0.25000000
F 4
0.25000000 0.25000000 0.25000000 0.25000000
G 4
0.25000000 0.25000000 0.25000000 0.25000000
K 4
0.25000000 0.25000000 0.25000000 0.25000000
W 4
0.41184975 0.19605025 0.19605025 0.19604975
S 4
0.25000000 0.25000000 0.25000000 0.25000000
H 4
0.25000000 0.25000000 0.25000000 0.25000000
0 1022.763495 830.472597 
###===
2 0 0 0.000 0 0 0
K 0 1
E 
0 
0.000295 0.997628 
0.282053 0.239316 0.239316 0.239315
A 4
0.25000000 0.25000000 0.25000000 0.25000000
B 4
0.25000000 0.25000000 0.25000000 0.25000000
C 4
0.25000000 0.25000000 0.25000000 0.25000000
D 4
0.25000000 0.25000000 0.25000000 0.25000000
E 4
0.25000000 0.25000000 0.25000000 0.25000000
F 4
0.25000000 0.25000000 0.25000000 0.25000000
G 4
0.25000000 0.25000000 0.25000000 0.25000000
K 4
0.25801325 0.24732900 0.24732900 0.24732875
W 4
0.41149879 0.19616724 0.19616724 0.19616673
S 4
0.25000000 0.25000000 0.25000000 0.25000000
H 4
0.25000000 0.25000000 0.25000000 0.25000000
0 1022.678885 824.171473 
###===
3 0 0 0.000 0 0 0
K 0 1
E 
1 
0.000295 0.997628 
0.647836 0.117388 0.117388 0.117388
A 4
0.25000000 0.25000000 0.25000000 0.25000000
B 4
0.25000000 0.25000000 0.25000000 0.25000000
C 4
0.25000000 0.25000000 0.25000000 0.25000000
D 4
0.25000000 0.25000000 0.25000000 0.25000000
E 4
0.25000000 0.25000000 0.25000000 0.25000000
F 4
0.25000000 0.25000000 0.25000000 0.25000000
G 4
0.25000000 0.25000000 0.25000000 0.25000000
K 4
0.35747225 0.21417600 0.21417600 0.21417575
W 4
0.40714226 0.19761944 0.19761944 0.19761887
S 4
0.25000000 0.25000000 0.25000000 0.25000000
H 4
0.25000000 0.25000000 0.25000000 0.25000000
0 1033.080863 721.408281 
###===
4 0 0 0.000 0 0 0
G 0 2
D F 
0 0 
0.001684 0.994949 
0.917657 0.027448 0.027448 0.027447
A 4
0.25000000 0.25000000 0.25000000 0.25000000
B 4
0.25000000 0.25000000 0.25000000 0.25000000
C 4
0.25000000 0.25000000 0.25000000 0.25000000
D 4
0.25000000 0.25000000 0.25000000 0.25000000
E 4
0.25000000 0.25000000 0.25000000 0.25000000
F 4
0.25000000 0.25000000 0.25000000 0.25000000
G 4
0.29172856 0.23609050 0.23609050 0.23609044
K 4
0.35747225 0.21417600 0.21417600 0.21417575
W 4
0.40714226 0.19761944 0.19761944 0.19761887
S 4
0.25000000 0.25000000 0.25000000 0.25000000
H 4
0.25000000 0.25000000 0.25000000 0.25000000
0 1042.200287 402.687509 
###===
5 0 0 0.000 0 0 0
G 0 2
D F 
1 0 
0.001684 0.994949 
0.330129 0.223290 0.223290 0.223291
A 4
0.25000000 0.25000000 0.25000000 0.25000000
B 4
0.25000000 0.25000000 0.25000000 0.25000000
C 4
0.25000000 0.25000000 0.25000000 0.25000000
D 4
0.25000000 0.25000000 0.25000000 0.25000000
E 4
0.25000000 0.25000000 0.25000000 0.25000000
F 4
0.25000000 0.25000000 0.25000000 0.25000000
G 4
0.29673663 0.23442112 0.23442112 0.23442112
K 4
0.35747225 0.21417600 0.21417600 0.21417575
W 4
0.40714226 0.19761944 0.19761944 0.19761887
S 4
0.25000000 0.25000000 0.25000000 0.25000000
H 4
0.25000000 0.25000000 0.25000000 0.25000000
0 1042.345422 402.687509 
###===
6 0 0 0.000 0 0 0
G 0 2
D F 
2 0 
0.001684 0.994949 
0.809644 0.063452 0.063452 0.063452
A 4
0.25000000 0.25000000 0.25000000 0.25000000
B 4
0.25000000 0.25000000 0.25000000 0.25000000
C 4
0.25000000 0.25000000 0.25000000 0.25000000
D 4
0.25000000 0.25000000 0.25000000 0.25000000
E 4
0.25000000 0.25000000 0.25000000 0.25000000
F 4
0.25000000 0.25000000 0.25000000 0.25000000
G 4
0.33171438 0.22276187 0.22276187 0.22276187
K 4
0.35747225 0.21417600 0.21417600 0.21417575
W 4
0.40714226 0.19761944 0.19761944 0.19761887
S 4
0.25000000 0.25000000 0.25000000 0.25000000
H 4
0.25000000 0.25000000 0.25000000 0.25000000
0 1048.570905 402.687509 
###===
7 0 0 0.000 0 0 0
G 0 2
D F 
3 0 
0.001684 0.994949 
0.784015 0.071995 0.071995 0.071995
A 4
0.25000000 0.25000000 0.25000000 0.25000000
B 4
0.25000000 0.25000000 0.25000000 0.25000000
C 4
0.25000000 0.25000000 0.25000000 0.25000000
D 4
0.25000000 0.25000000 0.25000000 0.25000000
E 4
0.25000000 0.25000000 0.25000000 0.25000000
F 4
0.25000000 0.25000000 0.25000000 0.25000000
G 4
0.36509031 0.21163656 0.21163656 0.21163656
K 4
0.35747225 0.21417600 0.21417600 0.21417575
W 4
0.40714226 0.19761944 0.19761944 0.19761887
S 4
0.25000000 0.25000000 0.25000000 0.25000000
H 4
0.25000000 0.25000000 0.25000000 0.25000000
0 1054.226553 402.687509 
###===
8 0 0 0.000 0 0 0
G 0 2
D F 
0 1 
0.001684 0.994949 
0.125169 0.291610 0.291610 0.291611
A 4
0.25000000 0.25000000 0.25000000 0.25000000
B 4
0.25000000 0.25000000 0.25000000 0.25000000
C 4
0.25000000 0.25000000 0.25000000 0.25000000
D 4
0.25000000 0.25000000 0.25000000 0.25000000
E 4
0.25000000 0.25000000 0.25000000 0.25000000
F 4
0.25000000 0.25000000 0.25000000 0.25000000
G 4
0.35728838 0.21423719 0.21423719 0.21423725
K 4
0.35747225 0.21417600 0.21417600 0.21417575
W 4
0.40714226 0.19761944 0.19761944 0.19761887
S 4
0.25000000 0.25000000 0.25000000 0.25000000
H 4
0.25000000 0.25000000 0.25000000 0.25000000
0 1054.660221 402.687509 
###===
9 0 0 0.000 0 0 0
G 0 2
D F 
1 1 
0.001684 0.994949 
0.158011 0.280663 0.280663 0.280663
A 4
0.25000000 0.25000000 0.25000000 0.25000000
B 4
0.25000000 0.25000000 0.25000000 0.25000000
C 4
0.25000000 0.25000000 0.25000000 0.25000000
D 4
0.25000000 0.25000000 0.25000000 0.25000000
E 4
0.25000000 0.25000000 0.25000000 0.25000000
F 4
0.25000000 0.25000000 0.25000000 0.25000000
G 4
0.35153906 0.21615362 0.21615362 0.21615369
K 4
0.35747225 0.21417600 0.21417600 0.21417575
W 4
0.40714226 0.19761944 0.19761944 0.19761887
S 4
0.25000000 0.25000000 0.25000000 0.25000000
H 4
0.25000000 0.25000000 0.25000000 0.25000000
0 1054.884903 402.687509 
###===
10 0 0 0.000 0 0 0
G 0 2
D F 
2 1 
0.001684 0.994949 
0.413887 0.195371 0.195371 0.195371
A 4
0.25000000 0.25000000 0.25000000 0.25000000
B 4
0.25000000 0.25000000 0.25000000 0.25000000
C 4
0.25000000 0.25000000 0.25000000 0.25000000
D 4
0.25000000 0.25000000 0.25000000 0.25000000
E 4
0.25000000 0.25000000 0.25000000 0.25000000
F 4
0.25000000 0.25000000 0.25000000 0.25000000
G 4
0.36178200 0.21273931 0.21273931 0.21273937
K 4
0.35747225 0.21417600 0.21417600 0.21417575
W 4
0.40714226 0.19761944 0.19761944 0.19761887
S 4
0.25000000 0.25000000 0.25000000 0.25000000
H 4
0.25000000 0.25000000 0.25000000 0.25000000
0 1055.463255 402.687509 
###===
11 0 0 0.000 0 0 0
G 0 2
D F 
3 1 
0.001684 0.994949 
0.684387 0.105204 0.105204 0.105205
A 4
0.25000000 0.25000000 0.25000000 0.25000000
B 4
0.25000000 0.25000000 0.25000000 0.25000000
C 4
0.25000000 0.25000000 0.25000000 0.25000000
D 4
0.25000000 0.25000000 0.25000000 0.25000000
E 4
0.25000000 0.25000000 0.25000000 0.25000000
F 4
0.25000000 0.25000000 0.25000000 0.25000000
G 4
0.38893119 0.20368956 0.20368956 0.20368969
K 4
0.35747225 0.21417600 0.21417600 0.21417575
W 4
0.40714226 0.19761944 0.19761944 0.19761887
S 4
0.25000000 0.25000000 0.25000000 0.25000000
H 4
0.25000000 0.25000000 0.25000000 0.25000000
0 1059.214621 402.687509 
###===
12 0 0 0.000 0 0 0
H 0 2
G S 
0 0 
0.003363 0.989911 
0.652219 0.115927 0.115927 0.115927
A 4
0.25000000 0.25000000 0.25000000 0.25000000
B 4
0.25000000 0.25000000 0.25000000 0.25000000
C 4
0.25000000 0.25000000 0.25000000 0.25000000
D 4
0.25000000 0.25000000 0.25000000 0.25000000
E 4
0.25000000 0.25000000 0.25000000 0.25000000
F 4
0.25000000 0.25000000 0.25000000 0.25000000
G 4
0.38893119 0.20368956 0.20368956 0.20368969
K 4
0.35747225 0.21417600 0.21417600 0.21417575
W 4
0.40714226 0.19761944 0.19761944 0.19761887
S 4
0.25000000 0.25000000 0.25000000 0.25000000
H 4
0.28910888 0.23696371 0.23696371 0.23696371
0 1064.238732 402.687509 
###===
13 0 0 0.000 0 0 0
H 0 2
G S 
1 0 
0.015336 0.953992 
0.653601 0.115466 0.115466 0.115467
A 4
0.25000000 0.25000000 0.25000000 0.25000000
B 4
0.25000000 0.25000000 0.25000000 0.25000000
C 4
0.25000000 0.25000000 0.25000000 0.25000000
D 4
0.25000000 0.25000000 0.25000000 0.25000000
E 4
0.25000000 0.25000000 0.25000000 0.25000000
F 4
0.25000000 0.25000000 0.25000000 0.25000000
G 4
0.38893119 0.20368956 0.20368956 0.20368969
K 4
0.35747225 0.21417600 0.21417600 0.21417575
W 4
0.40714226 0.19761944 0.19761944 0.19761887
S 4
0.25000000 0.25000000 0.25000000 0.25000000
H 4
0.30966121 0.23011291 0.23011291 0.23011297
0 1066.887509 291.246766 
###===
14 0 0 0.000 0 0 0
H 0 2
G S 
2 0 
0.015336 0.953992 
0.024147 0.325284 0.325284 0.325285
A 4
0.25000000 0.25000000 0.25000000 0.25000000
B 4
0.25000000 0.25000000 0.25000000 0.25000000
C 4
0.25000000 0.25000000 0.25000000 0.25000000
D 4
0.25000000 0.25000000 0.25000000 0.25000000
E 4
0.25000000 0.25000000 0.25000000 0.25000000
F 4
0.25000000 0.25000000 0.25000000 0.25000000
G 4
0.38893119 0.20368956 0.20368956 0.20368969
K 4
0.35747225 0.21417600 0.21417600 0.21417575
W 4
0.40714226 0.19761944 0.19761944 0.19761887
S 4
0.25000000 0.25000000 0.25000000 0.25000000
H 4
0.29816023 0.23394656 0.23394656 0.23394666
0 1068.360077 65.491542 
###===
15 0 0 0.000 0 0 0
H 0 2
G S 
3 0 
0.015337 0.953990 
0.136056 0.287981 0.287981 0.287982
A 4
0.25000000 0.25000000 0.25000000 0.25000000
B 4
0.25000000 0.25000000 0.25000000 0.25000000
C 4
0.25000000 0.25000000 0.25000000 0.25000000
D 4
0.25000000 0.25000000 0.25000000 0.25000000
E 4
0.25000000 0.25000000 0.25000000 0.25000000
F 4
0.25000000 0.25000000 0.25000000 0.25000000
G 4
0.38893119 0.20368956 0.20368956 0.20368969
K 4
0.35747225 0.21417600 0.21417600 0.21417575
W 4
0.40714226 0.19761944 0.19761944 0.19761887
S 4
0.25000000 0.25000000 0.25000000 0.25000000
H 4
0.29235793 0.23588064 0.23588064 0.23588079
0 1068.649649 65.491542 
###===
16 0 0 0.000 0 0 0
H 0 2
G S 
0 1 
0.003363 0.989911 
0.756993 0.081002 0.081002 0.081003
A 4
0.25000000 0.25000000 0.25000000 0.25000000
B 4
0.25000000 0.25000000 0.25000000 0.25000000
C 4
0.25000000 0.25000000 0.25000000 0.25000000
D 4
0.25000000 0.25000000 0.25000000 0.25000000
E 4
0.25000000 0.25000000 0.25000000 0.25000000
F 4
0.25000000 0.25000000 0.25000000 0.25000000
G 4
0.38893119 0.20368956 0.20368956 0.20368969
K 4
0.35747225 0.21417600 0.21417600 0.21417575
W 4
0.40714226 0.19761944 0.19761944 0.19761887
S 4
0.25000000 0.25000000 0.25000000 0.25000000
H 4
0.34165427 0.21944849 0.21944849 0.21944874
0 1076.572545 65.491542 
###===
17 0 0 0.000 0 0 0
H 0 2
G S 
1 1 
0.015336 0.953992 
0.805605 0.064798 0.064798 0.064799
A 4
0.25000000 0.25000000 0.25000000 0.25000000
B 4
0.25000000 0.25000000 0.25000000 0.25000000
C 4
0.25000000 0.25000000 0.25000000 0.25000000
D 4
0.25000000 0.25000000 0.25000000 0.25000000
E 4
0.25000000 0.25000000 0.25000000 0.25000000
F 4
0.25000000 0.25000000 0.25000000 0.25000000
G 4
0.38893119 0.20368956 0.20368956 0.20368969
K 4
0.35747225 0.21417600 0.21417600 0.21417575
W 4
0.40714226 0.19761944 0.19761944 0.19761887
S 4
0.25000000 0.25000000 0.25000000 0.25000000
H 4
0.36994701 0.21001756 0.21001756 0.21001786
0 1081.569640 65.491542 
###===
18 0 0 0.000 0 0 0
H 0 2
G S 
2 1 
0.015336 0.953992 
0.716464 0.094512 0.094512 0.094512
A 4
0.25000000 0.25000000 0.25000000 0.25000000
B 4
0.25000000 0.25000000 0.25000000 0.25000000
C 4
0.25000000 0.25000000 0.25000000 0.25000000
D 4
0.25000000 0.25000000 0.25000000 0.25000000
E 4
0.25000000 0.25000000 0.25000000 0.25000000
F 4
0.25000000 0.25000000 0.25000000 0.25000000
G 4
0.38893119 0.20368956 0.20368956 0.20368969
K 4
0.35747225 0.21417600 0.21417600 0.21417575
W 4
0.40714226 0.19761944 0.19761944 0.19761887
S 4
0.25000000 0.25000000 0.25000000 0.25000000
H 4
0.39370047 0.20209974 0.20209974 0.20210004
0 1085.085229 65.491542 
###===
19 0 0 0.000 0 0 0
H 0 2
G S 
3 1 
0.015337 0.953990 
0.901917 0.032694 0.032694 0.032695
A 4
0.25000000 0.25000000 0.25000000 0.25000000
B 4
0.25000000 0.25000000 0.25000000 0.25000000
C 4
0.25000000 0.25000000 0.25000000 0.25000000
D 4
0.25000000 0.25000000 0.25000000 0.25000000
E 4
0.25000000 0.25000000 0.25000000 0.25000000
F 4
0.25000000 0.25000000 0.25000000 0.25000000
G 4
0.38893119 0.20368956 0.20368956 0.20368969
K 4
0.35747225 0.21417600 0.21417600 0.21417575
W 4
0.40714226 0.19761944 0.19761944 0.19761887
S 4
0.25000000 0.25000000 0.25000000 0.25000000
H 4
0.42689766 0.19103399 0.19103399 0.19103435
0 1092.120940 65.491542 
###===
20 0 0 0.000 0 0 0
E 0 4
A B C D 
0 0 0 0 
0.077883 0.523665 
0.487875 0.170708 0.170708 0.170709
A 4
0.25000000 0.25000000 0.25000000 0.25000000
B 4
0.25000000 0.25000000 0.25000000 0.25000000
C 4
0.25000000 0.25000000 0.25000000 0.25000000
D 4
0.25000000 0.25000000 0.25000000 0.25000000
E 4
0.25092920 0.24969027 0.24969027 0.24969027
F 4
0.25000000 0.25000000 0.25000000 0.25000000
G 4
0.38893119 0.20368956 0.20368956 0.20368969
K 4
0.35737881 0.21420715 0.21420715 0.21420690
W 4
0.40714635 0.19761807 0.19761807 0.19761750
S 4
0.25000000 0.25000000 0.25000000 0.25000000
H 4
0.42689766 0.19103399 0.19103399 0.19103435
0 1092.181459 10.451800 
###===
21 0 0 0.000 0 0 0
E 0 4
A B C D 
1 0 0 0 
0.077883 0.523665 
0.177326 0.274225 0.274225 0.274224
A 4
0.25000000 0.25000000 0.25000000 0.25000000
B 4
0.25000000 0.25000000 0.25000000 0.25000000
C 4
0.25000000 0.25000000 0.25000000 0.25000000
D 4
0.25000000 0.25000000 0.25000000 0.25000000
E 4
0.25064532 0.24978489 0.24978489 0.24978489
F 4
0.25000000 0.25000000 0.25000000 0.25000000
G 4
0.38893119 0.20368956 0.20368956 0.20368969
K 4
0.35740736 0.21419763 0.21419763 0.21419738
W 4
0.40714510 0.19761849 0.19761849 0.19761792
S 4
0.25000000 0.25000000 0.25000000 0.25000000
H 4
0.42689766 0.19103399 0.19103399 0.19103435
0 1092.194047 10.451800 
###===
22 0 0 0.000 0 0 0
E 0 4
A B C D 
2 0 0 0 
0.077883 0.523665 
0.305128 0.231624 0.231624 0.231624
A 4
0.25000000 0.25000000 0.25000000 0.25000000
B 4
0.25000000 0.25000000 0.25000000 0.25000000
C 4
0.25000000 0.25000000 0.25000000 0.25000000
D 4
0.25000000 0.25000000 0.25000000 0.25000000
E 4
0.25086066 0.24971311 0.24971311 0.24971311
F 4
0.25000000 0.25000000 0.25000000 0.25000000
G 4
0.38893119 0.20368956 0.20368956 0.20368969
K 4
0.35738570 0.21420485 0.21420485 0.21420460
W 4
0.40714605 0.19761817 0.19761817 0.19761760
S 4
0.25000000 0.25000000 0.25000000 0.25000000
H 4
0.42689766 0.19103399 0.19103399 0.19103435
0 1092.195357 10.451800 
###===
23 0 0 0.000 0 0 0
E 0 4
A B C D 
3 0 0 0 
0.077883 0.523665 
0.429044 0.190319 0.190319 0.190318
A 4
0.25000000 0.25000000 0.25000000 0.25000000
B 4
0.25000000 0.25000000 0.25000000 0.25000000
C 4
0.25000000 0.25000000 0.25000000 0.25000000
D 4
0.25000000 0.25000000 0.25000000 0.25000000
E 4
0.25156005 0.24947998 0.24947998 0.24947998
F 4
0.25000000 0.25000000 0.25000000 0.25000000
G 4
0.38893119 0.20368956 0.20368956 0.20368969
K 4
0.35731537 0.21422829 0.21422829 0.21422804
W 4
0.40714913 0.19761715 0.19761715 0.19761658
S 4
0.25000000 0.25000000 0.25000000 0.25000000
H 4
0.42689766 0.19103399 0.19103399 0.19103435
0 1092.228245 10.451800 
###===
24 0 0 0.000 0 0 0
E 0 4
A B C D 
0 1 0 0 
0.077883 0.523665 
0.310783 0.229739 0.229739 0.229739
A 4
0.25000000 0.25000000 0.25000000 0.25000000
B 4
0.25000000 0.25000000 0.25000000 0.25000000
C 4
0.25000000 0.25000000 0.25000000 0.25000000
D 4
0.25000000 0.25000000 0.25000000 0.25000000
E 4
0.25179748 0.24940084 0.24940084 0.24940084
F 4
0.25000000 0.25000000 0.25000000 0.25000000
G 4
0.38893119 0.20368956 0.20368956 0.20368969
K 4
0.35729150 0.21423625 0.21423625 0.21423600
W 4
0.40715018 0.19761680 0.19761680 0.19761623
S 4
0.25000000 0.25000000 0.25000000 0.25000000
H 4
0.42689766 0.19103399 0.19103399 0.19103435
0 1092.230162 10.451800 
###===
25 0 0 0.000 0 0 0
E 0 4
A B C D 
1 1 0 0 
0.077883 0.523665 
0.353106 0.215631 0.215631 0.215632
A 4
0.25000000 0.25000000 0.25000000 0.25000000
B 4
0.25000000 0.25000000 0.25000000 0.25000000
C 4
0.25000000 0.25000000 0.25000000 0.25000000
D 4
0.25000000 0.25000000 0.25000000 0.25000000
E 4
0.25220024 0.24926659 0.24926659 0.24926659
F 4
0.25000000 0.25000000 0.25000000 0.25000000
G 4
0.38893119 0.20368956 0.20368956 0.20368969
K 4
0.35725100 0.21424975 0.21424975 0.21424950
W 4
0.40715195 0.19761621 0.19761621 0.19761564
S 4
0.25000000 0.25000000 0.25000000 0.25000000
H 4
0.42689766 0.19103399 0.19103399 0.19103435
0 1092.239238 10.451800 
###===
26 0 0 0.000 0 0 0
E 0 4
A B C D 
2 1 0 0 
0.077883 0.523665 
0.326737 0.224421 0.224421 0.224421
A 4
0.25000000 0.25000000 0.25000000 0.25000000
B 4
0.25000000 0.25000000 0.25000000 0.25000000
C 4
0.25000000 0.25000000 0.25000000 0.25000000
D 4
0.25000000 0.25000000 0.25000000 0.25000000
E 4
0.25250000 0.24916667 0.24916667 0.24916667
F 4
0.25000000 0.25000000 0.25000000 0.25000000
G 4
0.38893119 0.20368956 0.20368956 0.20368969
K 4
0.35722085 0.21425980 0.21425980 0.21425955
W 4
0.40715327 0.19761577 0.19761577 0.19761520
S 4
0.25000000 0.25000000 0.25000000 0.25000000
H 4
0.42689766 0.19103399 0.19103399 0.19103435
0 1092.243318 10.451800 
###===
27 0 0 0.000 0 0 0
E 0 4
A B C D 
3 1 0 0 
0.077883 0.523665 
0.403746 0.198751 0.198751 0.198752
A 4
0.25000000 0.25000000 0.25000000 0.25000000
B 4
0.25000000 0.25000000 0.25000000 0.25000000
C 4
0.25000000 0.25000000 0.25000000 0.25000000
D 4
0.25000000 0.25000000 0.25000000 0.25000000
E 4
0.25310057 0.24896648 0.24896648 0.24896648
F 4
0.25000000 0.25000000 0.25000000 0.25000000
G 4
0.38893119 0.20368956 0.20368956 0.20368969
K 4
0.35716046 0.21427993 0.21427993 0.21427968
W 4
0.40715592 0.19761489 0.19761489 0.19761431
S 4
0.25000000 0.25000000 0.25000000 0.25000000
H 4
0.42689766 0.19103399 0.19103399 0.19103435
0 1092.266761 10.451800 
###===
28 0 0 0.000 0 0 0
E 0 4
A B C D 
0 2 0 0 
0.077883 0.523665 
0.106147 0.297951 0.297951 0.297951
A 4
0.25000000 0.25000000 0.25000000 0.25000000
B 4
0.25000000 0.25000000 0.25000000 0.25000000
C 4
0.25000000 0.25000000 0.25000000 0.25000000
D 4
0.25000000 0.25000000 0.25000000 0.25000000
E 4
0.25253864 0.24915379 0.24915379 0.24915379
F 4
0.25000000 0.25000000 0.25000000 0.25000000
G 4
0.38893119 0.20368956 0.20368956 0.20368969
K 4
0.35721697 0.21426110 0.21426110 0.21426084
W 4
0.40715344 0.19761571 0.19761571 0.19761514
S 4
0.25000000 0.25000000 0.25000000 0.25000000
H 4
0.42689766 0.19103399 0.19103399 0.19103435
0 1092.311891 10.451800 
###===
29 0 0 0.000 0 0 0
E 0 4
A B C D 
1 2 0 0 
0.077883 0.523665 
0.297559 0.234147 0.234147 0.234147
A 4
0.25000000 0.25000000 0.25000000 0.25000000
B 4
0.25000000 0.25000000 0.25000000 0.25000000
C 4
0.25000000 0.25000000 0.25000000 0.25000000
D 4
0.25000000 0.25000000 0.25000000 0.25000000
E 4
0.25272442 0.24909186 0.24909186 0.24909186
F 4
0.25000000 0.25000000 0.25000000 0.25000000
G 4
0.38893119 0.20368956 0.20368956 0.20368969
K 4
0.35719828 0.21426732 0.21426732 0.21426707
W 4
0.40715426 0.19761544 0.19761544 0.19761487
S 4
0.25000000 0.25000000 0.25000000 0.25000000
H 4
0.42689766 0.19103399 0.19103399 0.19103435
0 1092.312521 10.451800 
###===
30 0 0 0.000 0 0 0
E 0 4
A B C D 
2 2 0 0 
0.077883 0.523665 
0.180379 0.273207 0.273207 0.273207
A 4
0.25000000 0.25000000 0.25000000 0.25000000
B 4
0.25000000 0.25000000 0.25000000 0.25000000
C 4
0.25000000 0.25000000 0.25000000 0.25000000
D 4
0.25000000 0.25000000 0.25000000 0.25000000
E 4
0.25245246 0.24918251 0.24918251 0.24918252
F 4
0.25000000 0.25000000 0.25000000 0.25000000
G 4
0.38893119 0.20368956 0.20368956 0.20368969
K 4
0.35722563 0.21425821 0.21425821 0.21425795
W 4
0.40715306 0.19761584 0.19761584 0.19761527
S 4
0.25000000 0.25000000 0.25000000 0.25000000
H 4
0.42689766 0.19103399 0.19103399 0.19103435
0 1092.324208 10.451800 
###===
31 0 0 0.000 0 0 0
E 0 4
A B C D 
3 2 0 0 
0.077883 0.523665 
0.228286 0.257238 0.257238 0.257238
A 4
0.25000000 0.25000000 0.25000000 0.25000000
B 4
0.25000000 0.25000000 0.25000000 0.25000000
C 4
0.25000000 0.25000000 0.25000000 0.25000000
D 4
0.25000000 0.25000000 0.25000000 0.25000000
E 4
0.25236764 0.24921079 0.24921079 0.24921079
F 4
0.25000000 0.25000000 0.25000000 0.25000000
G 4
0.38893119 0.20368956 0.20368956 0.20368969
K 4
0.35723416 0.21425536 0.21425536 0.21425511
W 4
0.40715269 0.19761596 0.19761596 0.19761539
S 4
0.25000000 0.25000000 0.25000000 0.25000000
H 4
0.42689766 0.19103399 0.19103399 0.19103435
0 1092.326136 10.451800 
###===
32 0 0 0.000 0 0 0
E 0 4
A B C D 
0 3 0 0 
0.077883 0.523665 
0.323794 0.225402 0.225402 0.225402
A 4
0.25000000 0.25000000 0.25000000 0.25000000
B 4
0.25000000 0.25000000 0.25000000 0.25000000
C 4
0.25000000 0.25000000 0.25000000 0.25000000
D 4
0.25000000 0.25000000 0.25000000 0.25000000
E 4
0.25265590 0.24911470 0.24911470 0.24911470
F 4
0.25000000 0.25000000 0.25000000 0.25000000
G 4
0.38893119 0.20368956 0.20368956 0.20368969
K 4
0.35720517 0.21426503 0.21426503 0.21426477
W 4
0.40715396 0.19761554 0.19761554 0.19761497
S 4
0.25000000 0.25000000 0.25000000 0.25000000
H 4
0.42689766 0.19103399 0.19103399 0.19103435
0 1092.329767 10.451800 
###===
33 0 0 0.000 0 0 0
E 0 4
A B C D 
1 3 0 0 
0.077883 0.523665 
0.409405 0.196865 0.196865 0.196865
A 4
0.25000000 0.25000000 0.25000000 0.25000000
B 4
0.25000000 0.25000000 0.25000000 0.25000000
C 4
0.25000000 0.25000000 0.25000000 0.25000000
D 4
0.25000000 0.25000000 0.25000000 0.25000000
E 4
0.25327857 0.24890714 0.24890714 0.24890714
F 4
0.25000000 0.25000000 0.25000000 0.25000000
G 4
0.38893119 0.20368956 0.20368956 0.20368969
K 4
0.35714256 0.21428590 0.21428590 0.21428564
W 4
0.40715670 0.19761462 0.19761462 0.19761405
S 4
0.25000000 0.25000000 0.25000000 0.25000000
H 4
0.42689766 0.19103399 0.19103399 0.19103435
0 1092.355194 10.451800 
###===
34 0 0 0.000 0 0 0
E 0 4
A B C D 
2 3 0 0 
0.077883 0.523665 
0.261682 0.246106 0.246106 0.246106
A 4
0.25000000 0.25000000 0.25000000 0.25000000
B 4
0.25000000 0.25000000 0.25000000 0.25000000
C 4
0.25000000 0.25000000 0.25000000 0.25000000
D 4
0.25000000 0.25000000 0.25000000 0.25000000
E 4
0.25332421 0.24889193 0.24889193 0.24889193
F 4
0.25000000 0.25000000 0.25000000 0.25000000
G 4
0.38893119 0.20368956 0.20368956 0.20368969
K 4
0.35713797 0.21428743 0.21428743 0.21428717
W 4
0.40715690 0.19761456 0.19761456 0.19761399
S 4
0.25000000 0.25000000 0.25000000 0.25000000
H 4
0.42689766 0.19103399 0.19103399 0.19103435
0 1092.354749 10.451800 
###===
35 0 0 0.000 0 0 0
E 0 4
A B C D 
3 3 0 0 
0.077883 0.523665 
0.304170 0.231943 0.231943 0.231944
A 4
0.25000000 0.25000000 0.25000000 0.25000000
B 4
0.25000000 0.25000000 0.25000000 0.25000000
C 4
0.25000000 0.25000000 0.25000000 0.25000000
D 4
0.25000000 0.25000000 0.25000000 0.25000000
E 4
0.25353581 0.24882139 0.24882139 0.24882140
F 4
0.25000000 0.25000000 0.25000000 0.25000000
G 4
0.38893119 0.20368956 0.20368956 0.20368969
K 4
0.35711669 0.21429452 0.21429452 0.21429427
W 4
0.40715783 0.19761425 0.19761425 0.19761367
S 4
0.25000000 0.25000000 0.25000000 0.25000000
H 4
0.42689766 0.19103399 0.19103399 0.19103435
0 1092.355964 10.451800 
###===
36 0 0 0.000 0 0 0
E 0 4
A B C D 
0 0 1 0 
0.077883 0.523665 
0.135377 0.288208 0.288208 0.288207
A 4
0.25000000 0.25000000 0.25000000 0.25000000
B 4
0.25000000 0.25000000 0.25000000 0.25000000
C 4
0.25000000 0.25000000 0.25000000 0.25000000
D 4
0.25000000 0.25000000 0.25000000 0.25000000
E 4
0.25308806 0.24897064 0.24897064 0.24897065
F 4
0.25000000 0.25000000 0.25000000 0.25000000
G 4
0.38893119 0.20368956 0.20368956 0.20368969
K 4
0.35716172 0.21427951 0.21427951 0.21427926
W 4
0.40715586 0.19761490 0.19761490 0.19761433
S 4
0.25000000 0.25000000 0.25000000 0.25000000
H 4
0.42689766 0.19103399 0.19103399 0.19103435
0 1092.384826 10.451800 
###===
37 0 0 0.000 0 0 0
E 0 4
A B C D 
1 0 1 0 
0.077883 0.523665 
0.173653 0.275449 0.275449 0.275449
A 4
0.25000000 0.25000000 0.25000000 0.25000000
B 4
0.25000000 0.25000000 0.25000000 0.25000000
C 4
0.25000000 0.25000000 0.25000000 0.25000000
D 4
0.25000000 0.25000000 0.25000000 0.25000000
E 4
0.25278983 0.24907005 0.24907005 0.24907006
F 4
0.25000000 0.25000000 0.25000000 0.25000000
G 4
0.38893119 0.20368956 0.20368956 0.20368969
K 4
0.35719171 0.21426952 0.21426952 0.21426926
W 4
0.40715455 0.19761534 0.19761534 0.19761477
S 4
0.25000000 0.25000000 0.25000000 0.25000000
H 4
0.42689766 0.19103399 0.19103399 0.19103435
0 1092.398547 10.451800 
###===
38 0 0 0.000 0 0 0
E 0 4
A B C D 
2 0 1 0 
0.077883 0.523665 
0.208421 0.263860 0.263860 0.263859
A 4
0.25000000 0.25000000 0.25000000 0.25000000
B 4
0.25000000 0.25000000 0.25000000 0.25000000
C 4
0.25000000 0.25000000 0.25000000 0.25000000
D 4
0.25000000 0.25000000 0.25000000 0.25000000
E 4
0.25262741 0.24912420 0.24912420 0.24912420
F 4
0.25000000 0.25000000 0.25000000 0.25000000
G 4
0.38893119 0.20368956 0.20368956 0.20368969
K 4
0.35720804 0.21426407 0.21426407 0.21426382
W 4
0.40715383 0.19761558 0.19761558 0.19761501
S 4
0.25000000 0.25000000 0.25000000 0.25000000
H 4
0.42689766 0.19103399 0.19103399 0.19103435
0 1092.403559 10.451800 
###===
39 0 0 0.000 0 0 0
E 0 4
A B C D 
3 0 1 0 
0.077883 0.523665 
0.278470 0.240510 0.240510 0.240510
A 4
0.25000000 0.25000000 0.25000000 0.25000000
B 4
0.25000000 0.25000000 0.25000000 0.25000000
C 4
0.25000000 0.25000000 0.25000000 0.25000000
D 4
0.25000000 0.25000000 0.25000000 0.25000000
E 4
0.25273862 0.24908712 0.24908713 0.24908713
F 4
0.25000000 0.25000000 0.25000000 0.25000000
G 4
0.38893119 0.20368956 0.20368956 0.20368969
K 4
0.35719686 0.21426780 0.21426780 0.21426755
W 4
0.40715432 0.19761542 0.19761542 0.19761485
S 4
0.25000000 0.25000000 0.25000000 0.25000000
H 4
0.42689766 0.19103399 0.19103399 0.19103435
0 1092.403168 10.451800 
###===
40 0 0 0.000 0 0 0
E 0 4
A B C D 
0 1 1 0 
0.077883 0.523665 
0.184997 0.271668 0.271668 0.271667
A 4
0.25000000 0.25000000 0.25000000 0.25000000
B 4
0.25000000 0.25000000 0.25000000 0.25000000
C 4
0.25000000 0.25000000 0.25000000 0.25000000
D 4
0.25000000 0.25000000 0.25000000 0.25000000
E 4
0.25248471 0.24917177 0.24917177 0.24917176
F 4
0.25000000 0.25000000 0.25000000 0.25000000
G 4
0.38893119 0.20368956 0.20368956 0.20368969
K 4
0.35722239 0.21425929 0.21425929 0.21425903
W 4
0.40715320 0.19761579 0.19761579 0.19761522
S 4
0.25000000 0.25000000 0.25000000 0.25000000
H 4
0.42689766 0.19103399 0.19103399 0.19103435
0 1092.413558 10.451800 
###===
41 0 0 0.000 0 0 0
E 0 4
A B C D 
1 1 1 0 
0.077883 0.523665 
0.195241 0.268253 0.268253 0.268253
A 4
0.25000000 0.25000000 0.25000000 0.25000000
B 4
0.25000000 0.25000000 0.25000000 0.25000000
C 4
0.25000000 0.25000000 0.25000000 0.25000000
D 4
0.25000000 0.25000000 0.25000000 0.25000000
E 4
0.25227080 0.24924307 0.24924307 0.24924306
F 4
0.25000000 0.25000000 0.25000000 0.25000000
G 4
0.38893119 0.20368956 0.20368956 0.20368969
K 4
0.35724390 0.21425212 0.21425212 0.21425186
W 4
0.40715226 0.19761610 0.19761610 0.19761553
S 4
0.25000000 0.25000000 0.25000000 0.25000000
H 4
0.42689766 0.19103399 0.19103399 0.19103435
0 1092.421355 10.451800 
###===
42 0 0 0.000 0 0 0
E 0 4
A B C D 
2 1 1 0 
0.077883 0.523665 
0.475335 0.174888 0.174888 0.174889
A 4
0.25000000 0.25000000 0.25000000 0.25000000
B 4
0.25000000 0.25000000 0.25000000 0.25000000
C 4
0.25000000 0.25000000 0.25000000 0.25000000
D 4
0.25000000 0.25000000 0.25000000 0.25000000
E 4
0.25315102 0.24894966 0.24894966 0.24894966
F 4
0.25000000 0.25000000 0.25000000 0.25000000
G 4
0.38893119 0.20368956 0.20368956 0.20368969
K 4
0.35715539 0.21428162 0.21428162 0.21428137
W 4
0.40715614 0.19761481 0.19761481 0.19761424
S 4
0.25000000 0.25000000 0.25000000 0.25000000
H 4
0.42689766 0.19103399 0.19103399 0.19103435
0 1092.475326 10.451800 
###===
43 0 0 0.000 0 0 0
E 0 4
A B C D 
3 1 1 0 
0.077883 0.523665 
0.339174 0.220275 0.220275 0.220276
A 4
0.25000000 0.25000000 0.25000000 0.25000000
B 4
0.25000000 0.25000000 0.25000000 0.25000000
C 4
0.25000000 0.25000000 0.25000000 0.25000000
D 4
0.25000000 0.25000000 0.25000000 0.25000000
E 4
0.25349936 0.24883355 0.24883355 0.24883355
F 4
0.25000000 0.25000000 0.25000000 0.25000000
G 4
0.38893119 0.20368956 0.20368956 0.20368969
K 4
0.35712036 0.21429330 0.21429330 0.21429305
W 4
0.40715767 0.19761430 0.19761430 0.19761373
S 4
0.25000000 0.25000000 0.25000000 0.25000000
H 4
0.42689766 0.19103399 0.19103399 0.19103435
0 1092.481545 10.451800 
###===
44 0 0 0.000 0 0 0
E 0 4
A B C D 
0 2 1 0 
0.077883 0.523665 
0.496328 0.167891 0.167891 0.167890
A 4
0.25000000 0.25000000 0.25000000 0.25000000
B 4
0.25000000 0.25000000 0.25000000 0.25000000
C 4
0.25000000 0.25000000 0.25000000 0.25000000
D 4
0.25000000 0.25000000 0.25000000 0.25000000
E 4
0.25446157 0.24851281 0.24851281 0.24851281
F 4
0.25000000 0.25000000 0.25000000 0.25000000
G 4
0.38893119 0.20368956 0.20368956 0.20368969
K 4
0.35702360 0.21432555 0.21432555 0.21432530
W 4
0.40716191 0.19761289 0.19761289 0.19761232
S 4
0.25000000 0.25000000 0.25000000 0.25000000
H 4
0.42689766 0.19103399 0.19103399 0.19103435
0 1092.546678 8.051222 
###===
45 0 0 0.000 0 0 0
E 0 4
A B C D 
1 2 1 0 
0.077883 0.523665 
0.353412 0.215529 0.215529 0.215530
A 4
0.25000000 0.25000000 0.25000000 0.25000000
B 4
0.25000000 0.25000000 0.25000000 0.25000000
C 4
0.25000000 0.25000000 0.25000000 0.25000000
D 4
0.25000000 0.25000000 0.25000000 0.25000000
E 4
0.25486553 0.24837816 0.24837816 0.24837816
F 4
0.25000000 0.25000000 0.25000000 0.25000000
G 4
0.38893119 0.20368956 0.20368956 0.20368969
K 4
0.35698298 0.21433909 0.21433909 0.21433884
W 4
0.40716369 0.19761229 0.19761229 0.19761172
S 4
0.25000000 0.25000000 0.25000000 0.25000000
H 4
0.42689766 0.19103399 0.19103399 0.19103435
0 1092.555823 8.051222 
###===
46 0 0 0.000 0 0 0
E 0 4
A B C D 
2 2 1 0 
0.077883 0.523665 
0.189649 0.270117 0.270117 0.270117
A 4
0.25000000 0.25000000 0.25000000 0.25000000
B 4
0.25000000 0.25000000 0.25000000 0.25000000
C 4
0.25000000 0.25000000 0.25000000 0.25000000
D 4
0.25000000 0.25000000 0.25000000 0.25000000
E 4
0.25462978 0.24845674 0.24845674 0.24845674
F 4
0.25000000 0.25000000 0.25000000 0.25000000
G 4
0.38893119 0.20368956 0.20368956 0.20368969
K 4
0.35700668 0.21433119 0.21433119 0.21433094
W 4
0.40716265 0.19761264 0.19761264 0.19761207
S 4
0.25000000 0.25000000 0.25000000 0.25000000
H 4
0.42689766 0.19103399 0.19103399 0.19103435
0 1092.564988 8.051222 
###===
47 0 0 0.000 0 0 0
E 0 4
A B C D 
3 2 1 0 
0.077883 0.523665 
0.123592 0.292136 0.292136 0.292136
A 4
0.25000000 0.25000000 0.25000000 0.25000000
B 4
0.25000000 0.25000000 0.25000000 0.25000000
C 4
0.25000000 0.25000000 0.25000000 0.25000000
D 4
0.25000000 0.25000000 0.25000000 0.25000000
E 4
0.25413600 0.24862133 0.24862133 0.24862134
F 4
0.25000000 0.25000000 0.25000000 0.25000000
G 4
0.38893119 0.20368956 0.20368956 0.20368969
K 4
0.35705634 0.21431464 0.21431464 0.21431438
W 4
0.40716048 0.19761336 0.19761336 0.19761279
S 4
0.25000000 0.25000000 0.25000000 0.25000000
H 4
0.42689766 0.19103399 0.19103399 0.19103435
0 1092.599866 8.051222 
###===
48 0 0 0.000 0 0 0
E 0 4
A B C D 
0 3 1 0 
0.077883 0.523665 
0.321442 0.226186 0.226186 0.226186
A 4
0.25000000 0.25000000 0.25000000 0.25000000
B 4
0.25000000 0.25000000 0.25000000 0.25000000
C 4
0.25000000 0.25000000 0.25000000 0.25000000
D 4
0.25000000 0.25000000 0.25000000 0.25000000
E 4
0.25441507 0.24852831 0.24852831 0.24852831
F 4
0.25000000 0.25000000 0.25000000 0.25000000
G 4
0.38893119 0.20368956 0.20368956 0.20368969
K 4
0.35702827 0.21432399 0.21432399 0.21432374
W 4
0.40716171 0.19761296 0.19761296 0.19761238
S 4
0.25000000 0.25000000 0.25000000 0.25000000
H 4
0.42689766 0.19103399 0.19103399 0.19103435
0 1092.603154 8.051222 
###===
49 0 0 0.000 0 0 0
E 0 4
A B C D 
1 3 1 0 
0.077883 0.523665 
0.275207 0.241598 0.241598 0.241597
A 4
0.25000000 0.25000000 0.25000000 0.25000000
B 4
0.25000000 0.25000000 0.25000000 0.25000000
C 4
0.25000000 0.25000000 0.25000000 0.25000000
D 4
0.25000000 0.25000000 0.25000000 0.25000000
E 4
0.25451354 0.24849549 0.24849549 0.24849549
F 4
0.25000000 0.25000000 0.25000000 0.25000000
G 4
0.38893119 0.20368956 0.20368956 0.20368969
K 4
0.35701837 0.21432729 0.21432729 0.21432704
W 4
0.40716214 0.19761281 0.19761281 0.19761224
S 4
0.25000000 0.25000000 0.25000000 0.25000000
H 4
0.42689766 0.19103399 0.19103399 0.19103435
0 1092.602690 8.051222 
###===
50 0 0 0.000 0 0 0
E 0 4
A B C D 
2 3 1 0 
0.077883 0.523665 
0.386144 0.204619 0.204619 0.204618
A 4
0.25000000 0.25000000 0.25000000 0.25000000
B 4
0.25000000 0.25000000 0.25000000 0.25000000
C 4
0.25000000 0.25000000 0.25000000 0.25000000
D 4
0.25000000 0.25000000 0.25000000 0.25000000
E 4
0.25504535 0.24831822 0.24831822 0.24831821
F 4
0.25000000 0.25000000 0.25000000 0.25000000
G 4
0.38893119 0.20368956 0.20368956 0.20368969
K 4
0.35696490 0.21434512 0.21434512 0.21434486
W 4
0.40716448 0.19761203 0.19761203 0.19761146
S 4
0.25000000 0.25000000 0.25000000 0.25000000
H 4
0.42689766 0.19103399 0.19103399 0.19103435
0 1092.620444 8.051222 
###===
51 0 0 0.000 0 0 0
E 0 4
A B C D 
3 3 1 0 
0.077883 0.523665 
0.416428 0.194524 0.194524 0.194524
A 4
0.25000000 0.25000000 0.25000000 0.25000000
B 4
0.25000000 0.25000000 0.25000000 0.25000000
C 4
0.25000000 0.25000000 0.25000000 0.25000000
D 4
0.25000000 0.25000000 0.25000000 0.25000000
E 4
0.25569546 0.24810152 0.24810152 0.24810151
F 4
0.25000000 0.25000000 0.25000000 0.25000000
G 4
0.38893119 0.20368956 0.20368956 0.20368969
K 4
0.35689952 0.21436691 0.21436691 0.21436666
W 4
0.40716735 0.19761108 0.19761108 0.19761050
S 4
0.25000000 0.25000000 0.25000000 0.25000000
H 4
0.42689766 0.19103399 0.19103399 0.19103435
0 1092.648437 8.051222 
###===
52 0 0 0.000 0 0 0
E 0 4
A B C D 
0 0 2 0 
0.077883 0.523665 
0.255938 0.248021 0.248021 0.248020
A 4
0.25000000 0.25000000 0.25000000 0.25000000
B 4
0.25000000 0.25000000 0.25000000 0.25000000
C 4
0.25000000 0.25000000 0.25000000 0.25000000
D 4
0.25000000 0.25000000 0.25000000 0.25000000
E 4
0.25571865 0.24809379 0.24809379 0.24809378
F 4
0.25000000 0.25000000 0.25000000 0.25000000
G 4
0.38893119 0.20368956 0.20368956 0.20368969
K 4
0.35689719 0.21436769 0.21436769 0.21436743
W 4
0.40716745 0.19761104 0.19761104 0.19761047
S 4
0.25000000 0.25000000 0.25000000 0.25000000
H 4
0.42689766 0.19103399 0.19103399 0.19103435
0 1092.648161 8.051222 
###===
53 0 0 0.000 0 0 0
E 0 4
A B C D 
1 0 2 0 
0.077883 0.523665 
0.330826 0.223058 0.223058 0.223058
A 4
0.25000000 0.25000000 0.25000000 0.25000000
B 4
0.25000000 0.25000000 0.25000000 0.25000000
C 4
0.25000000 0.25000000 0.25000000 0.25000000
D 4
0.25000000 0.25000000 0.25000000 0.25000000
E 4
0.25603438 0.24798854 0.24798854 0.24798854
F 4
0.25000000 0.25000000 0.25000000 0.25000000
G 4
0.38893119 0.20368956 0.20368956 0.20368969
K 4
0.35686544 0.21437827 0.21437827 0.21437802
W 4
0.40716884 0.19761058 0.19761058 0.19761001
S 4
0.25000000 0.25000000 0.25000000 0.25000000
H 4
0.42689766 0.19103399 0.19103399 0.19103435
0 1092.652900 8.051222 
###===
54 0 0 0.000 0 0 0
E 0 4
A B C D 
2 0 2 0 
0.077883 0.523665 
0.169529 0.276824 0.276824 0.276823
A 4
0.25000000 0.25000000 0.25000000 0.25000000
B 4
0.25000000 0.25000000 0.25000000 0.25000000
C 4
0.25000000 0.25000000 0.25000000 0.25000000
D 4
0.25000000 0.25000000 0.25000000 0.25000000
E 4
0.25572004 0.24809332 0.24809332 0.24809331
F 4
0.25000000 0.25000000 0.25000000 0.25000000
G 4
0.38893119 0.20368956 0.20368956 0.20368969
K 4
0.35689705 0.21436774 0.21436774 0.21436748
W 4
0.40716745 0.19761104 0.19761104 0.19761047
S 4
0.25000000 0.25000000 0.25000000 0.25000000
H 4
0.42689766 0.19103399 0.19103399 0.19103435
0 1092.667955 8.051222 
###===
55 0 0 0.000 0 0 0
E 0 4
A B C D 
3 0 2 0 
0.077883 0.523665 
0.498492 0.167169 0.167169 0.167170
A 4
0.25000000 0.25000000 0.25000000 0.25000000
B 4
0.25000000 0.25000000 0.25000000 0.25000000
C 4
0.25000000 0.25000000 0.25000000 0.25000000
D 4
0.25000000 0.25000000 0.25000000 0.25000000
E 4
0.25669071 0.24776977 0.24776977 0.24776976
F 4
0.25000000 0.25000000 0.25000000 0.25000000
G 4
0.38893119 0.20368956 0.20368956 0.20368969
K 4
0.35679944 0.21440027 0.21440027 0.21440002
W 4
0.40717173 0.19760961 0.19760961 0.19760904
S 4
0.25000000 0.25000000 0.25000000 0.25000000
H 4
0.42689766 0.19103399 0.19103399 0.19103435
0 1092.734295 7.429467 
###===
56 0 0 0.000 0 0 0
E 0 4
A B C D 
0 1 2 0 
0.077883 0.523665 
0.306483 0.231172 0.231172 0.231173
A 4
0.25000000 0.25000000 0.25000000 0.25000000
B 4
0.25000000 0.25000000 0.25000000 0.25000000
C 4
0.25000000 0.25000000 0.25000000 0.25000000
D 4
0.25000000 0.25000000 0.25000000 0.25000000
E 4
0.25691135 0.24769622 0.24769622 0.24769621
F 4
0.25000000 0.25000000 0.25000000 0.25000000
G 4
0.38893119 0.20368956 0.20368956 0.20368969
K 4
0.35677725 0.21440767 0.21440767 0.21440741
W 4
0.40717270 0.19760929 0.19760929 0.19760872
S 4
0.25000000 0.25000000 0.25000000 0.25000000
H 4
0.42689766 0.19103399 0.19103399 0.19103435
0 1092.735742 7.429467 
###===
57 0 0 0.000 0 0 0
E 0 4
A B C D 
1 1 2 0 
0.077883 0.523665 
0.201029 0.266324 0.266324 0.266323
A 4
0.25000000 0.25000000 0.25000000 0.25000000
B 4
0.25000000 0.25000000 0.25000000 0.25000000
C 4
0.25000000 0.25000000 0.25000000 0.25000000
D 4
0.25000000 0.25000000 0.25000000 0.25000000
E 4
0.25672005 0.24775998 0.24775998 0.24775998
F 4
0.25000000 0.25000000 0.25000000 0.25000000
G 4
0.38893119 0.20368956 0.20368956 0.20368969
K 4
0.35679649 0.21440126 0.21440126 0.21440100
W 4
0.40717186 0.19760957 0.19760957 0.19760900
S 4
0.25000000 0.25000000 0.25000000 0.25000000
H 4
0.42689766 0.19103399 0.19103399 0.19103435
0 1092.742241 7.429467 
###===
58 0 0 0.000 0 0 0
E 0 4
A B C D 
2 1 2 0 
0.077883 0.523665 
0.180029 0.273324 0.273324 0.273323
A 4
0.25000000 0.25000000 0.25000000 0.25000000
B 4
0.25000000 0.25000000 0.25000000 0.25000000
C 4
0.25000000 0.25000000 0.25000000 0.25000000
D 4
0.25000000 0.25000000 0.25000000 0.25000000
E 4
0.25644673 0.24785109 0.24785109 0.24785108
F 4
0.25000000 0.25000000 0.25000000 0.25000000
G 4
0.38893119 0.20368956 0.20368956 0.20368969
K 4
0.35682397 0.21439209 0.21439209 0.21439184
W 4
0.40717065 0.19760997 0.19760997 0.19760940
S 4
0.25000000 0.25000000 0.25000000 0.25000000
H 4
0.42689766 0.19103399 0.19103399 0.19103435
0 1092.754029 7.429467 
###===
59 0 0 0.000 0 0 0
E 0 4
A B C D 
3 1 2 0 
0.077883 0.523665 
0.502682 0.165773 0.165773 0.165772
A 4
0.25000000 0.25000000 0.25000000 0.25000000
B 4
0.25000000 0.25000000 0.25000000 0.25000000
C 4
0.25000000 0.25000000 0.25000000 0.25000000
D 4
0.25000000 0.25000000 0.25000000 0.25000000
E 4
0.25743377 0.24752208 0.24752208 0.24752207
F 4
0.25000000 0.25000000 0.25000000 0.25000000
G 4
0.38893119 0.20368956 0.20368956 0.20368969
K 4
0.35672472 0.21442518 0.21442518 0.21442492
W 4
0.40717500 0.19760852 0.19760852 0.19760795
S 4
0.25000000 0.25000000 0.25000000 0.25000000
H 4
0.42689766 0.19103399 0.19103399 0.19103435
0 1092.822736 6.219638 
###===
60 0 0 0.000 0 0 0
E 0 4
A B C D 
0 2 2 0 
0.077883 0.523665 
0.385215 0.204928 0.204928 0.204929
A 4
0.25000000 0.25000000 0.25000000 0.25000000
B 4
0.25000000 0.25000000 0.25000000 0.25000000
C 4
0.25000000 0.25000000 0.25000000 0.25000000
D 4
0.25000000 0.25000000 0.25000000 0.25000000
E 4
0.25796195 0.24734602 0.24734602 0.24734601
F 4
0.25000000 0.25000000 0.25000000 0.25000000
G 4
0.38893119 0.20368956 0.20368956 0.20368969
K 4
0.35667161 0.21444288 0.21444288 0.21444263
W 4
0.40717733 0.19760775 0.19760775 0.19760718
S 4
0.25000000 0.25000000 0.25000000 0.25000000
H 4
0.42689766 0.19103399 0.19103399 0.19103435
0 1092.840211 6.219638 
###===
61 0 0 0.000 0 0 0
E 0 4
A B C D 
1 2 2 0 
0.077883 0.523665 
0.393440 0.202187 0.202187 0.202186
A 4
0.25000000 0.25000000 0.25000000 0.25000000
B 4
0.25000000 0.25000000 0.25000000 0.25000000
C 4
0.25000000 0.25000000 0.25000000 0.25000000
D 4
0.25000000 0.25000000 0.25000000 0.25000000
E 4
0.25852227 0.24715925 0.24715925 0.24715923
F 4
0.25000000 0.25000000 0.25000000 0.25000000
G 4
0.38893119 0.20368956 0.20368956 0.20368969
K 4
0.35661526 0.21446167 0.21446167 0.21446141
W 4
0.40717980 0.19760692 0.19760692 0.19760635
S 4
0.25000000 0.25000000 0.25000000 0.25000000
H 4
0.42689766 0.19103399 0.19103399 0.19103435
0 1092.860235 6.219638 
###===
62 0 0 0.000 0 0 0
E 0 4
A B C D 
2 2 2 0 
0.077883 0.523665 
0.370727 0.209758 0.209758 0.209757
A 4
0.25000000 0.25000000 0.25000000 0.25000000
B 4
0.25000000 0.25000000 0.25000000 0.25000000
C 4
0.25000000 0.25000000 0.25000000 0.25000000
D 4
0.25000000 0.25000000 0.25000000 0.25000000
E 4
0.25899386 0.24700205 0.24700205 0.24700204
F 4
0.25000000 0.25000000 0.25000000 0.25000000
G 4
0.38893119 0.20368956 0.20368956 0.20368969
K 4
0.35656784 0.21447747 0.21447747 0.21447721
W 4
0.40718187 0.19760623 0.19760623 0.19760566
S 4
0.25000000 0.25000000 0.25000000 0.25000000
H 4
0.42689766 0.19103399 0.19103399 0.19103435
0 1092.873612 6.219638 
###===
63 0 0 0.000 0 0 0
E 0 4
A B C D 
3 2 2 0 
0.077883 0.523665 
0.425133 0.191622 0.191622 0.191623
A 4
0.25000000 0.25000000 0.25000000 0.25000000
B 4
0.25000000 0.25000000 0.25000000 0.25000000
C 4
0.25000000 0.25000000 0.25000000 0.25000000
D 4
0.25000000 0.25000000 0.25000000 0.25000000
E 4
0.25967797 0.24677402 0.24677402 0.24677400
F 4
0.25000000 0.25000000 0.25000000 0.25000000
G 4
0.38893119 0.20368956 0.20368956 0.20368969
K 4
0.35649905 0.21450040 0.21450040 0.21450015
W 4
0.40718489 0.19760523 0.19760523 0.19760466
S 4
0.25000000 0.25000000 0.25000000 0.25000000
H 4
0.42689766 0.19103399 0.19103399 0.19103435
0 1092.904944 6.219638 
###===
64 0 0 0.000 0 0 0
E 0 4
A B C D 
0 3 2 0 
0.077883 0.523665 
0.336646 0.221118 0.221118 0.221118
A 4
0.25000000 0.25000000 0.25000000 0.25000000
B 4
0.25000000 0.25000000 0.25000000 0.25000000
C 4
0.25000000 0.25000000 0.25000000 0.25000000
D 4
0.25000000 0.25000000 0.25000000 0.25000000
E 4
0.26001643 0.24666120 0.24666120 0.24666118
F 4
0.25000000 0.25000000 0.25000000 0.25000000
G 4
0.38893119 0.20368956 0.20368956 0.20368969
K 4
0.35646501 0.21451175 0.21451175 0.21451149
W 4
0.40718638 0.19760473 0.19760473 0.19760416
S 4
0.25000000 0.25000000 0.25000000 0.25000000
H 4
0.42689766 0.19103399 0.19103399 0.19103435
0 1092.910696 6.219638 
###===
65 0 0 0.000 0 0 0
E 0 4
A B C D 
1 3 2 0 
0.077883 0.523665 
0.302214 0.232595 0.232595 0.232596
A 4
0.25000000 0.25000000 0.25000000 0.25000000
B 4
0.25000000 0.25000000 0.25000000 0.25000000
C 4
0.25000000 0.25000000 0.25000000 0.25000000
D 4
0.25000000 0.25000000 0.25000000 0.25000000
E 4
0.26022039 0.24659321 0.24659321 0.24659320
F 4
0.25000000 0.25000000 0.25000000 0.25000000
G 4
0.38893119 0.20368956 0.20368956 0.20368969
K 4
0.35644450 0.21451859 0.21451859 0.21451833
W 4
0.40718728 0.19760443 0.19760443 0.19760386
S 4
0.25000000 0.25000000 0.25000000 0.25000000
H 4
0.42689766 0.19103399 0.19103399 0.19103435
0 1092.911726 6.219638 
###===
66 0 0 0.000 0 0 0
E 0 4
A B C D 
2 3 2 0 
0.077883 0.523665 
0.469606 0.176798 0.176798 0.176798
A 4
0.25000000 0.25000000 0.25000000 0.25000000
B 4
0.25000000 0.25000000 0.25000000 0.25000000
C 4
0.25000000 0.25000000 0.25000000 0.25000000
D 4
0.25000000 0.25000000 0.25000000 0.25000000
E 4
0.26107823 0.24630726 0.24630726 0.24630725
F 4
0.25000000 0.25000000 0.25000000 0.25000000
G 4
0.38893119 0.20368956 0.20368956 0.20368969
K 4
0.35635824 0.21454734 0.21454734 0.21454708
W 4
0.40719106 0.19760317 0.19760317 0.19760260
S 4
0.25000000 0.25000000 0.25000000 0.25000000
H 4
0.42689766 0.19103399 0.19103399 0.19103435
0 1092.962824 6.219638 
###===
67 0 0 0.000 0 0 0
E 0 4
A B C D 
3 3 2 0 
0.077883 0.523665 
0.253053 0.248982 0.248982 0.248983
A 4
0.25000000 0.25000000 0.25000000 0.25000000
B 4
0.25000000 0.25000000 0.25000000 0.25000000
C 4
0.25000000 0.25000000 0.25000000 0.25000000
D 4
0.25000000 0.25000000 0.25000000 0.25000000
E 4
0.26109015 0.24630329 0.24630329 0.24630328
F 4
0.25000000 0.25000000 0.25000000 0.25000000
G 4
0.38893119 0.20368956 0.20368956 0.20368969
K 4
0.35635704 0.21454774 0.21454774 0.21454748
W 4
0.40719111 0.19760315 0.19760315 0.19760258
S 4
0.25000000 0.25000000 0.25000000 0.25000000
H 4
0.42689766 0.19103399 0.19103399 0.19103435
0 1092.962668 6.219638 
###===
68 0 0 0.000 0 0 0
E 0 4
A B C D 
0 0 3 0 
0.077883 0.523665 
0.186046 0.271318 0.271318 0.271318
A 4
0.25000000 0.25000000 0.25000000 0.25000000
B 4
0.25000000 0.25000000 0.25000000 0.25000000
C 4
0.25000000 0.25000000 0.25000000 0.25000000
D 4
0.25000000 0.25000000 0.25000000 0.25000000
E 4
0.26084033 0.24638656 0.24638656 0.24638655
F 4
0.25000000 0.25000000 0.25000000 0.25000000
G 4
0.38893119 0.20368956 0.20368956 0.20368969
K 4
0.35638216 0.21453937 0.21453937 0.21453911
W 4
0.40719001 0.19760352 0.19760352 0.19760295
S 4
0.25000000 0.25000000 0.25000000 0.25000000
H 4
0.42689766 0.19103399 0.19103399 0.19103435
0 1092.972775 6.219638 
###===
69 0 0 0.000 0 0 0
E 0 4
A B C D 
1 0 3 0 
0.077883 0.523665 
0.203427 0.265524 0.265524 0.265525
A 4
0.25000000 0.25000000 0.25000000 0.25000000
B 4
0.25000000 0.25000000 0.25000000 0.25000000
C 4
0.25000000 0.25000000 0.25000000 0.25000000
D 4
0.25000000 0.25000000 0.25000000 0.25000000
E 4
0.26065841 0.24644720 0.24644720 0.24644720
F 4
0.25000000 0.25000000 0.25000000 0.25000000
G 4
0.38893119 0.20368956 0.20368956 0.20368969
K 4
0.35640045 0.21453327 0.21453327 0.21453301
W 4
0.40718921 0.19760379 0.19760379 0.19760322
S 4
0.25000000 0.25000000 0.25000000 0.25000000
H 4
0.42689766 0.19103399 0.19103399 0.19103435
0 1092.978771 6.219638 
###===
70 0 0 0.000 0 0 0
E 0 4
A B C D 
2 0 3 0 
0.077883 0.523665 
0.481214 0.172929 0.172929 0.172928
A 4
0.25000000 0.25000000 0.25000000 0.25000000
B 4
0.25000000 0.25000000 0.25000000 0.25000000
C 4
0.25000000 0.25000000 0.25000000 0.25000000
D 4
0.25000000 0.25000000 0.25000000 0.25000000
E 4
0.26156159 0.24614614 0.24614614 0.24614613
F 4
0.25000000 0.25000000 0.25000000 0.25000000
G 4
0.38893119 0.20368956 0.20368956 0.20368969
K 4
0.35630963 0.21456354 0.21456354 0.21456328
W 4
0.40719319 0.19760246 0.19760246 0.19760189
S 4
0.25000000 0.25000000 0.25000000 0.25000000
H 4
0.42689766 0.19103399 0.19103399 0.19103435
0 1093.035768 6.219638 
###===
71 0 0 0.000 0 0 0
E 0 4
A B C D 
3 0 3 0 
0.077883 0.523665 
0.391123 0.202959 0.202959 0.202959
A 4
0.25000000 0.25000000 0.25000000 0.25000000
B 4
0.25000000 0.25000000 0.25000000 0.25000000
C 4
0.25000000 0.25000000 0.25000000 0.25000000
D 4
0.25000000 0.25000000 0.25000000 0.25000000
E 4
0.26211285 0.24596239 0.24596239 0.24596238
F 4
0.25000000 0.25000000 0.25000000 0.25000000
G 4
0.38893119 0.20368956 0.20368956 0.20368969
K 4
0.35625420 0.21458202 0.21458202 0.21458176
W 4
0.40719561 0.19760165 0.19760165 0.19760108
S 4
0.25000000 0.25000000 0.25000000 0.25000000
H 4
0.42689766 0.19103399 0.19103399 0.19103435
0 1093.055058 6.219638 
###===
72 0 0 0.000 0 0 0
E 0 4
A B C D 
0 1 3 0 
0.077883 0.523665 
0.458160 0.180613 0.180613 0.180614
A 4
0.25000000 0.25000000 0.25000000 0.25000000
B 4
0.25000000 0.25000000 0.25000000 0.25000000
C 4
0.25000000 0.25000000 0.25000000 0.25000000
D 4
0.25000000 0.25000000 0.25000000 0.25000000
E 4
0.26292597 0.24569134 0.24569134 0.24569134
F 4
0.25000000 0.25000000 0.25000000 0.25000000
G 4
0.38893119 0.20368956 0.20368956 0.20368969
K 4
0.35617243 0.21460928 0.21460928 0.21460902
W 4
0.40719920 0.19760046 0.19760046 0.19759989
S 4
0.25000000 0.25000000 0.25000000 0.25000000
H 4
0.42689766 0.19103399 0.19103399 0.19103435
0 1093.100638 6.219638 
###===
73 0 0 0.000 0 0 0
E 0 4
A B C D 
1 1 3 0 
0.077883 0.523665 
0.246694 0.251102 0.251102 0.251102
A 4
0.25000000 0.25000000 0.25000000 0.25000000
B 4
0.25000000 0.25000000 0.25000000 0.25000000
C 4
0.25000000 0.25000000 0.25000000 0.25000000
D 4
0.25000000 0.25000000 0.25000000 0.25000000
E 4
0.26291306 0.24569565 0.24569565 0.24569564
F 4
0.25000000 0.25000000 0.25000000 0.25000000
G 4
0.38893119 0.20368956 0.20368956 0.20368969
K 4
0.35617373 0.21460885 0.21460885 0.21460858
W 4
0.40719914 0.19760048 0.19760048 0.19759991
S 4
0.25000000 0.25000000 0.25000000 0.25000000
H 4
0.42689766 0.19103399 0.19103399 0.19103435
0 1093.100838 6.219638 
###===
74 0 0 0.000 0 0 0
E 0 4
A B C D 
2 1 3 0 
0.077883 0.523665 
0.360073 0.213309 0.213309 0.213309
A 4
0.25000000 0.25000000 0.25000000 0.25000000
B 4
0.25000000 0.25000000 0.25000000 0.25000000
C 4
0.25000000 0.25000000 0.25000000 0.25000000
D 4
0.25000000 0.25000000 0.25000000 0.25000000
E 4
0.26334303 0.24555232 0.24555232 0.24555232
F 4
0.25000000 0.25000000 0.25000000 0.25000000
G 4
0.38893119 0.20368956 0.20368956 0.20368969
K 4
0.35613049 0.21462326 0.21462326 0.21462299
W 4
0.40720103 0.19759985 0.19759985 0.19759928
S 4
0.25000000 0.25000000 0.25000000 0.25000000
H 4
0.42689766 0.19103399 0.19103399 0.19103435
0 1093.111525 6.219638 
###===
75 0 0 0.000 0 0 0
E 0 4
A B C D 
3 1 3 0 
0.077883 0.523665 
0.091951 0.302683 0.302683 0.302683
A 4
0.25000000 0.25000000 0.25000000 0.25000000
B 4
0.25000000 0.25000000 0.25000000 0.25000000
C 4
0.25000000 0.25000000 0.25000000 0.25000000
D 4
0.25000000 0.25000000 0.25000000 0.25000000
E 4
0.26272565 0.24575812 0.24575812 0.24575811
F 4
0.25000000 0.25000000 0.25000000 0.25000000
G 4
0.38893119 0.20368956 0.20368956 0.20368969
K 4
0.35619257 0.21460256 0.21460256 0.21460230
W 4
0.40719831 0.19760075 0.19760075 0.19760018
S 4
0.25000000 0.25000000 0.25000000 0.25000000
H 4
0.42689766 0.19103399 0.19103399 0.19103435
0 1093.166323 6.219638 
###===
76 0 0 0.000 0 0 0
E 0 4
A B C D 
0 2 3 0 
0.077883 0.523665 
0.488018 0.170661 0.170661 0.170660
A 4
0.25000000 0.25000000 0.25000000 0.25000000
B 4
0.25000000 0.25000000 0.25000000 0.25000000
C 4
0.25000000 0.25000000 0.25000000 0.25000000
D 4
0.25000000 0.25000000 0.25000000 0.25000000
E 4
0.26365541 0.24544820 0.24544820 0.24544819
F 4
0.25000000 0.25000000 0.25000000 0.25000000
G 4
0.38893119 0.20368956 0.20368956 0.20368969
K 4
0.35609908 0.21463373 0.21463373 0.21463347
W 4
0.40720241 0.19759939 0.19759939 0.19759882
S 4
0.25000000 0.25000000 0.25000000 0.25000000
H 4
0.42689766 0.19103399 0.19103399 0.19103435
0 1093.226918 6.219638 
###===
77 0 0 0.000 0 0 0
E 0 4
A B C D 
1 2 3 0 
0.077883 0.523665 
0.287288 0.237571 0.237571 0.237570
A 4
0.25000000 0.25000000 0.25000000 0.25000000
B 4
0.25000000 0.25000000 0.25000000 0.25000000
C 4
0.25000000 0.25000000 0.25000000 0.25000000
D 4
0.25000000 0.25000000 0.25000000 0.25000000
E 4
0.26380107 0.24539965 0.24539965 0.24539964
F 4
0.25000000 0.25000000 0.25000000 0.25000000
G 4
0.38893119 0.20368956 0.20368956 0.20368969
K 4
0.35608443 0.21463861 0.21463861 0.21463835
W 4
0.40720305 0.19759917 0.19759917 0.19759860
S 4
0.25000000 0.25000000 0.25000000 0.25000000
H 4
0.42689766 0.19103399 0.19103399 0.19103435
0 1093.226875 6.219638 
###===
78 0 0 0.000 0 0 0
E 0 4
A B C D 
2 2 3 0 
0.077883 0.523665 
0.309647 0.230118 0.230118 0.230117
A 4
0.25000000 0.25000000 0.25000000 0.25000000
B 4
0.25000000 0.25000000 0.25000000 0.25000000
C 4
0.25000000 0.25000000 0.25000000 0.25000000
D 4
0.25000000 0.25000000 0.25000000 0.25000000
E 4
0.26403406 0.24532198 0.24532198 0.24532197
F 4
0.25000000 0.25000000 0.25000000 0.25000000
G 4
0.38893119 0.20368956 0.20368956 0.20368969
K 4
0.35606100 0.21464642 0.21464642 0.21464616
W 4
0.40720408 0.19759883 0.19759883 0.19759826
S 4
0.25000000 0.25000000 0.25000000 0.25000000
H 4
0.42689766 0.19103399 0.19103399 0.19103435
0 1093.228662 6.219638 
###===
79 0 0 0.000 0 0 0
E 0 4
A B C D 
3 2 3 0 
0.077883 0.523665 
0.419492 0.193503 0.193503 0.193502
A 4
0.25000000 0.25000000 0.25000000 0.25000000
B 4
0.25000000 0.25000000 0.25000000 0.25000000
C 4
0.25000000 0.25000000 0.25000000 0.25000000
D 4
0.25000000 0.25000000 0.25000000 0.25000000
E 4
0.26469614 0.24510129 0.24510129 0.24510127
F 4
0.25000000 0.25000000 0.25000000 0.25000000
G 4
0.38893119 0.20368956 0.20368956 0.20368969
K 4
0.35599442 0.21466861 0.21466861 0.21466835
W 4
0.40720699 0.19759786 0.19759786 0.19759729
S 4
0.25000000 0.25000000 0.25000000 0.25000000
H 4
0.42689766 0.19103399 0.19103399 0.19103435
0 1093.257811 6.219638 
###===
80 0 0 0.000 0 0 0
E 0 4
A B C D 
0 3 3 0 
0.077883 0.523665 
0.227762 0.257413 0.257413 0.257412
A 4
0.25000000 0.25000000 0.25000000 0.25000000
B 4
0.25000000 0.25000000 0.25000000 0.25000000
C 4
0.25000000 0.25000000 0.25000000 0.25000000
D 4
0.25000000 0.25000000 0.25000000 0.25000000
E 4
0.26460927 0.24513025 0.24513025 0.24513023
F 4
0.25000000 0.25000000 0.25000000 0.25000000
G 4
0.38893119 0.20368956 0.20368956 0.20368969
K 4
0.35600316 0.21466570 0.21466570 0.21466544
W 4
0.40720661 0.19759799 0.19759799 0.19759742
S 4
0.25000000 0.25000000 0.25000000 0.25000000
H 4
0.42689766 0.19103399 0.19103399 0.19103435
0 1093.259803 6.219638 
###===
81 0 0 0.000 0 0 0
E 0 4
A B C D 
1 3 3 0 
0.077883 0.523665 
0.356936 0.214355 0.214355 0.214354
A 4
0.25000000 0.25000000 0.25000000 0.25000000
B 4
0.25000000 0.25000000 0.25000000 0.25000000
C 4
0.25000000 0.25000000 0.25000000 0.25000000
D 4
0.25000000 0.25000000 0.25000000 0.25000000
E 4
0.26502699 0.24499101 0.24499101 0.24499098
F 4
0.25000000 0.25000000 0.25000000 0.25000000
G 4
0.38893119 0.20368956 0.20368956 0.20368969
K 4
0.35596115 0.21467970 0.21467970 0.21467944
W 4
0.40720845 0.19759737 0.19759737 0.19759680
S 4
0.25000000 0.25000000 0.25000000 0.25000000
H 4
0.42689766 0.19103399 0.19103399 0.19103435
0 1093.269750 6.219638 
###===
82 0 0 0.000 0 0 0
E 0 4
A B C D 
2 3 3 0 
0.077883 0.523665 
0.223610 0.258797 0.258797 0.258796
A 4
0.25000000 0.25000000 0.25000000 0.25000000
B 4
0.25000000 0.25000000 0.25000000 0.25000000
C 4
0.25000000 0.25000000 0.25000000 0.25000000
D 4
0.25000000 0.25000000 0.25000000 0.25000000
E 4
0.26492391 0.24502538 0.24502538 0.24502534
F 4
0.25000000 0.25000000 0.25000000 0.25000000
G 4
0.38893119 0.20368956 0.20368956 0.20368969
K 4
0.35597152 0.21467625 0.21467625 0.21467598
W 4
0.40720800 0.19759752 0.19759752 0.19759695
S 4
0.25000000 0.25000000 0.25000000 0.25000000
H 4
0.42689766 0.19103399 0.19103399 0.19103435
0 1093.272288 6.219638 
###===
83 0 0 0.000 0 0 0
E 0 4
A B C D 
3 3 3 0 
0.077883 0.523665 
0.216569 0.261144 0.261144 0.261143
A 4
0.25000000 0.25000000 0.25000000 0.25000000
B 4
0.25000000 0.25000000 0.25000000 0.25000000
C 4
0.25000000 0.25000000 0.25000000 0.25000000
D 4
0.25000000 0.25000000 0.25000000 0.25000000
E 4
0.26479332 0.24506891 0.24506891 0.24506887
F 4
0.25000000 0.25000000 0.25000000 0.25000000
G 4
0.38893119 0.20368956 0.20368956 0.20368969
K 4
0.35598465 0.21467187 0.21467187 0.21467161
W 4
0.40720742 0.19759772 0.19759772 0.19759715
S 4
0.25000000 0.25000000 0.25000000 0.25000000
H 4
0.42689766 0.19103399 0.19103399 0.19103435
0 1093.275877 6.219638 
###===
84 0 0 0.000 0 0 0
E 0 4
A B C D 
0 0 0 1 
0.009574 0.941446 
0.611637 0.129454 0.129454 0.129455
A 4
0.25000000 0.25000000 0.25000000 0.25000000
B 4
0.25000000 0.25000000 0.25000000 0.25000000
C 4
0.25000000 0.25000000 0.25000000 0.25000000
D 4
0.25000000 0.25000000 0.25000000 0.25000000
E 4
0.26620596 0.24459802 0.24459802 0.24459799
F 4
0.25000000 0.25000000 0.25000000 0.25000000
G 4
0.38893119 0.20368956 0.20368956 0.20368969
K 4
0.35584260 0.21471922 0.21471922 0.21471896
W 4
0.40721364 0.19759564 0.19759564 0.19759507
S 4
0.25000000 0.25000000 0.25000000 0.25000000
H 4
0.42689766 0.19103399 0.19103399 0.19103435
0 1093.420152 6.219638 
###===
85 0 0 0.000 0 0 0
E 0 4
A B C D 
1 0 0 1 
0.009574 0.941446 
0.413719 0.195427 0.195427 0.195427
A 4
0.25000000 0.25000000 0.25000000 0.25000000
B 4
0.25000000 0.25000000 0.25000000 0.25000000
C 4
0.25000000 0.25000000 0.25000000 0.25000000
D 4
0.25000000 0.25000000 0.25000000 0.25000000
E 4
0.26684549 0.24438485 0.24438485 0.24438482
F 4
0.25000000 0.25000000 0.25000000 0.25000000
G 4
0.38893119 0.20368956 0.20368956 0.20368969
K 4
0.35577829 0.21474066 0.21474066 0.21474039
W 4
0.40721646 0.19759470 0.19759470 0.19759413
S 4
0.25000000 0.25000000 0.25000000 0.25000000
H 4
0.42689766 0.19103399 0.19103399 0.19103435
0 1093.447142 6.219638 
###===
86 0 0 0.000 0 0 0
E 0 4
A B C D 
2 0 0 1 
0.009574 0.941446 
0.105451 0.298183 0.298183 0.298183
A 4
0.25000000 0.25000000 0.25000000 0.25000000
B 4
0.25000000 0.25000000 0.25000000 0.25000000
C 4
0.25000000 0.25000000 0.25000000 0.25000000
D 4
0.25000000 0.25000000 0.25000000 0.25000000
E 4
0.26628084 0.24457306 0.24457306 0.24457303
F 4
0.25000000 0.25000000 0.25000000 0.25000000
G 4
0.38893119 0.20368956 0.20368956 0.20368969
K 4
0.35583507 0.21472173 0.21472173 0.21472147
W 4
0.40721397 0.19759553 0.19759553 0.19759496
S 4
0.25000000 0.25000000 0.25000000 0.25000000
H 4
0.42689766 0.19103399 0.19103399 0.19103435
0 1093.492716 6.219638 
###===
87 0 0 0.000 0 0 0
E 0 4
A B C D 
3 0 0 1 
0.009574 0.941446 
0.229636 0.256788 0.256788 0.256788
A 4
0.25000000 0.25000000 0.25000000 0.25000000
B 4
0.25000000 0.25000000 0.25000000 0.25000000
C 4
0.25000000 0.25000000 0.25000000 0.25000000
D 4
0.25000000 0.25000000 0.25000000 0.25000000
E 4
0.26620130 0.24459958 0.24459958 0.24459955
F 4
0.25000000 0.25000000 0.25000000 0.25000000
G 4
0.38893119 0.20368956 0.20368956 0.20368969
K 4
0.35584307 0.21471907 0.21471907 0.21471880
W 4
0.40721362 0.19759565 0.19759565 0.19759508
S 4
0.25000000 0.25000000 0.25000000 0.25000000
H 4
0.42689766 0.19103399 0.19103399 0.19103435
0 1093.494481 6.219638 
###===
88 0 0 0.000 0 0 0
E 0 4
A B C D 
0 1 0 1 
0.009574 0.941446 
0.915152 0.028283 0.028283 0.028282
A 4
0.25000000 0.25000000 0.25000000 0.25000000
B 4
0.25000000 0.25000000 0.25000000 0.25000000
C 4
0.25000000 0.25000000 0.25000000 0.25000000
D 4
0.25000000 0.25000000 0.25000000 0.25000000
E 4
0.26879955 0.24373350 0.24373350 0.24373346
F 4
0.25000000 0.25000000 0.25000000 0.25000000
G 4
0.38893119 0.20368956 0.20368956 0.20368969
K 4
0.35558179 0.21480616 0.21480616 0.21480589
W 4
0.40722507 0.19759183 0.19759183 0.19759126
S 4
0.25000000 0.25000000 0.25000000 0.25000000
H 4
0.42689766 0.19103399 0.19103399 0.19103435
0 1094.022599 6.219638 
###===
89 0 0 0.000 0 0 0
E 0 4
A B C D 
1 1 0 1 
0.009574 0.941446 
0.660857 0.113048 0.113048 0.113047
A 4
0.25000000 0.25000000 0.25000000 0.25000000
B 4
0.25000000 0.25000000 0.25000000 0.25000000
C 4
0.25000000 0.25000000 0.25000000 0.25000000
D 4
0.25000000 0.25000000 0.25000000 0.25000000
E 4
0.27040446 0.24319853 0.24319853 0.24319849
F 4
0.25000000 0.25000000 0.25000000 0.25000000
G 4
0.38893119 0.20368956 0.20368956 0.20368969
K 4
0.35542040 0.21485996 0.21485996 0.21485969
W 4
0.40723214 0.19758948 0.19758948 0.19758891
S 4
0.25000000 0.25000000 0.25000000 0.25000000
H 4
0.42689766 0.19103399 0.19103399 0.19103435
0 1094.210138 6.219638 
###===
90 0 0 0.000 0 0 0
E 0 4
A B C D 
2 1 0 1 
0.009574 0.941446 
0.624097 0.125301 0.125301 0.125301
A 4
0.25000000 0.25000000 0.25000000 0.25000000
B 4
0.25000000 0.25000000 0.25000000 0.25000000
C 4
0.25000000 0.25000000 0.25000000 0.25000000
D 4
0.25000000 0.25000000 0.25000000 0.25000000
E 4
0.27186577 0.24271142 0.24271142 0.24271138
F 4
0.25000000 0.25000000 0.25000000 0.25000000
G 4
0.38893119 0.20368956 0.20368956 0.20368969
K 4
0.35527345 0.21490894 0.21490894 0.21490867
W 4
0.40723857 0.19758733 0.19758733 0.19758676
S 4
0.25000000 0.25000000 0.25000000 0.25000000
H 4
0.42689766 0.19103399 0.19103399 0.19103435
0 1094.364810 6.219638 
###===
91 0 0 0.000 0 0 0
E 0 4
A B C D 
3 1 0 1 
0.009574 0.941446 
0.313455 0.228848 0.228848 0.228849
A 4
0.25000000 0.25000000 0.25000000 0.25000000
B 4
0.25000000 0.25000000 0.25000000 0.25000000
C 4
0.25000000 0.25000000 0.25000000 0.25000000
D 4
0.25000000 0.25000000 0.25000000 0.25000000
E 4
0.27211364 0.24262880 0.24262880 0.24262876
F 4
0.25000000 0.25000000 0.25000000 0.25000000
G 4
0.38893119 0.20368956 0.20368956 0.20368969
K 4
0.35524853 0.21491725 0.21491725 0.21491698
W 4
0.40723967 0.19758697 0.19758697 0.19758640
S 4
0.25000000 0.25000000 0.25000000 0.25000000
H 4
0.42689766 0.19103399 0.19103399 0.19103435
0 1094.367042 6.219638 
###===
92 0 0 0.000 0 0 0
E 0 4
A B C D 
0 2 0 1 
0.009574 0.941446 
0.028045 0.323985 0.323985 0.323985
A 4
0.25000000 0.25000000 0.25000000 0.25000000
B 4
0.25000000 0.25000000 0.25000000 0.25000000
C 4
0.25000000 0.25000000 0.25000000 0.25000000
D 4
0.25000000 0.25000000 0.25000000 0.25000000
E 4
0.27124663 0.24291780 0.24291780 0.24291777
F 4
0.25000000 0.25000000 0.25000000 0.25000000
G 4
0.38893119 0.20368956 0.20368956 0.20368969
K 4
0.35533571 0.21488819 0.21488819 0.21488791
W 4
0.40723585 0.19758824 0.19758824 0.19758767
S 4
0.25000000 0.25000000 0.25000000 0.25000000
H 4
0.42689766 0.19103399 0.19103399 0.19103435
0 1094.486781 6.219638 
###===
93 0 0 0.000 0 0 0
E 0 4
A B C D 
1 2 0 1 
0.009574 0.941446 
0.541182 0.152939 0.152939 0.152940
A 4
0.25000000 0.25000000 0.25000000 0.25000000
B 4
0.25000000 0.25000000 0.25000000 0.25000000
C 4
0.25000000 0.25000000 0.25000000 0.25000000
D 4
0.25000000 0.25000000 0.25000000 0.25000000
E 4
0.27238406 0.24253866 0.24253866 0.24253863
F 4
0.25000000 0.25000000 0.25000000 0.25000000
G 4
0.38893119 0.20368956 0.20368956 0.20368969
K 4
0.35522134 0.21492631 0.21492631 0.21492604
W 4
0.40724086 0.19758657 0.19758657 0.19758600
S 4
0.25000000 0.25000000 0.25000000 0.25000000
H 4
0.42689766 0.19103399 0.19103399 0.19103435
0 1094.579094 6.219638 
###===
94 0 0 0.000 0 0 0
E 0 4
A B C D 
2 2 0 1 
0.009574 0.941446 
0.043433 0.318856 0.318856 0.318855
A 4
0.25000000 0.25000000 0.25000000 0.25000000
B 4
0.25000000 0.25000000 0.25000000 0.25000000
C 4
0.25000000 0.25000000 0.25000000 0.25000000
D 4
0.25000000 0.25000000 0.25000000 0.25000000
E 4
0.27157716 0.24280762 0.24280762 0.24280759
F 4
0.25000000 0.25000000 0.25000000 0.25000000
G 4
0.38893119 0.20368956 0.20368956 0.20368969
K 4
0.35530248 0.21489926 0.21489926 0.21489899
W 4
0.40723730 0.19758776 0.19758776 0.19758719
S 4
0.25000000 0.25000000 0.25000000 0.25000000
H 4
0.42689766 0.19103399 0.19103399 0.19103435
0 1094.678863 6.219638 
###===
95 0 0 0.000 0 0 0
E 0 4
A B C D 
3 2 0 1 
0.009574 0.941446 
0.256280 0.247907 0.247907 0.247906
A 4
0.25000000 0.25000000 0.25000000 0.25000000
B 4
0.25000000 0.25000000 0.25000000 0.25000000
C 4
0.25000000 0.25000000 0.25000000 0.25000000
D 4
0.25000000 0.25000000 0.25000000 0.25000000
E 4
0.27160169 0.24279945 0.24279945 0.24279941
F 4
0.25000000 0.25000000 0.25000000 0.25000000
G 4
0.38893119 0.20368956 0.20368956 0.20368969
K 4
0.35530001 0.21490009 0.21490009 0.21489982
W 4
0.40723741 0.19758772 0.19758772 0.19758715
S 4
0.25000000 0.25000000 0.25000000 0.25000000
H 4
0.42689766 0.19103399 0.19103399 0.19103435
0 1094.678573 6.219638 
###===
96 0 0 0.000 0 0 0
E 0 4
A B C D 
0 3 0 1 
0.009574 0.941446 
0.187243 0.270919 0.270919 0.270919
A 4
0.25000000 0.25000000 0.25000000 0.25000000
B 4
0.25000000 0.25000000 0.25000000 0.25000000
C 4
0.25000000 0.25000000 0.25000000 0.25000000
D 4
0.25000000 0.25000000 0.25000000 0.25000000
E 4
0.27135655 0.24288116 0.24288116 0.24288113
F 4
0.25000000 0.25000000 0.25000000 0.25000000
G 4
0.38893119 0.20368956 0.20368956 0.20368969
K 4
0.35532466 0.21489187 0.21489187 0.21489160
W 4
0.40723633 0.19758808 0.19758808 0.19758751
S 4
0.25000000 0.25000000 0.25000000 0.25000000
H 4
0.42689766 0.19103399 0.19103399 0.19103435
0 1094.688362 6.219638 
###===
97 0 0 0.000 0 0 0
E 0 4
A B C D 
1 3 0 1 
0.009574 0.941446 
0.428264 0.190579 0.190579 0.190578
A 4
0.25000000 0.25000000 0.25000000 0.25000000
B 4
0.25000000 0.25000000 0.25000000 0.25000000
C 4
0.25000000 0.25000000 0.25000000 0.25000000
D 4
0.25000000 0.25000000 0.25000000 0.25000000
E 4
0.27205289 0.24264905 0.24264905 0.24264901
F 4
0.25000000 0.25000000 0.25000000 0.25000000
G 4
0.38893119 0.20368956 0.20368956 0.20368969
K 4
0.35525464 0.21491521 0.21491521 0.21491494
W 4
0.40723940 0.19758706 0.19758706 0.19758649
S 4
0.25000000 0.25000000 0.25000000 0.25000000
H 4
0.42689766 0.19103399 0.19103399 0.19103435
0 1094.720937 6.219638 
###===
98 0 0 0.000 0 0 0
E 0 4
A B C D 
2 3 0 1 
0.009574 0.941446 
0.725863 0.091379 0.091379 0.091379
A 4
0.25000000 0.25000000 0.25000000 0.25000000
B 4
0.25000000 0.25000000 0.25000000 0.25000000
C 4
0.25000000 0.25000000 0.25000000 0.25000000
D 4
0.25000000 0.25000000 0.25000000 0.25000000
E 4
0.27391173 0.24202944 0.24202944 0.24202939
F 4
0.25000000 0.25000000 0.25000000 0.25000000
G 4
0.38893119 0.20368956 0.20368956 0.20368969
K 4
0.35506772 0.21497752 0.21497752 0.21497725
W 4
0.40724759 0.19758433 0.19758433 0.19758376
S 4
0.25000000 0.25000000 0.25000000 0.25000000
H 4
0.42689766 0.19103399 0.19103399 0.19103435
0 1094.975060 6.219638 
###===
99 0 0 0.000 0 0 0
E 0 4
A B C D 
3 3 0 1 
0.009574 0.941446 
0.594730 0.135090 0.135090 0.135090
A 4
0.25000000 0.25000000 0.25000000 0.25000000
B 4
0.25000000 0.25000000 0.25000000 0.25000000
C 4
0.25000000 0.25000000 0.25000000 0.25000000
D 4
0.25000000 0.25000000 0.25000000 0.25000000
E 4
0.27525833 0.24158057 0.24158057 0.24158053
F 4
0.25000000 0.25000000 0.25000000 0.25000000
G 4
0.38893119 0.20368956 0.20368956 0.20368969
K 4
0.35493230 0.21502266 0.21502266 0.21502238
W 4
0.40725352 0.19758235 0.19758235 0.19758178
S 4
0.25000000 0.25000000 0.25000000 0.25000000
H 4
0.42689766 0.19103399 0.19103399 0.19103435
0 1095.105816 6.219638 
###===
100 0 0 0.000 0 0 0
E 0 4
A B C D 
0 0 1 1 
0.009574 0.941446 
0.302834 0.232389 0.232389 0.232388
A 4
0.25000000 0.25000000 0.25000000 0.25000000
B 4
0.25000000 0.25000000 0.25000000 0.25000000
C 4
0.25000000 0.25000000 0.25000000 0.25000000
D 4
0.25000000 0.25000000 0.25000000 0.25000000
E 4
0.27546471 0.24151178 0.24151178 0.24151173
F 4
0.25000000 0.25000000 0.25000000 0.25000000
G 4
0.38893119 0.20368956 0.20368956 0.20368969
K 4
0.35491155 0.21502958 0.21502958 0.21502930
W 4
0.40725443 0.19758205 0.19758205 0.19758148
S 4
0.25000000 0.25000000 0.25000000 0.25000000
H 4
0.42689766 0.19103399 0.19103399 0.19103435
0 1095.106903 6.219638 
###===
101 0 0 0.000 0 0 0
E 0 4
A B C D 
1 0 1 1 
0.009574 0.941446 
0.281721 0.239426 0.239426 0.239427
A 4
0.25000000 0.25000000 0.25000000 0.25000000
B 4
0.25000000 0.25000000 0.25000000 0.25000000
C 4
0.25000000 0.25000000 0.25000000 0.25000000
D 4
0.25000000 0.25000000 0.25000000 0.25000000
E 4
0.27558862 0.24147047 0.24147047 0.24147043
F 4
0.25000000 0.25000000 0.25000000 0.25000000
G 4
0.38893119 0.20368956 0.20368956 0.20368969
K 4
0.35489909 0.21503373 0.21503373 0.21503345
W 4
0.40725497 0.19758187 0.19758187 0.19758130
S 4
0.25000000 0.25000000 0.25000000 0.25000000
H 4
0.42689766 0.19103399 0.19103399 0.19103435
0 1095.106615 6.219638 
###===
102 0 0 0.000 0 0 0
E 0 4
A B C D 
2 0 1 1 
0.009574 0.941446 
0.082482 0.305839 0.305839 0.305840
A 4
0.25000000 0.25000000 0.25000000 0.25000000
B 4
0.25000000 0.25000000 0.25000000 0.25000000
C 4
0.25000000 0.25000000 0.25000000 0.25000000
D 4
0.25000000 0.25000000 0.25000000 0.25000000
E 4
0.27493426 0.24168859 0.24168859 0.24168855
F 4
0.25000000 0.25000000 0.25000000 0.25000000
G 4
0.38893119 0.20368956 0.20368956 0.20368969
K 4
0.35496489 0.21501179 0.21501179 0.21501152
W 4
0.40725209 0.19758283 0.19758283 0.19758226
S 4
0.25000000 0.25000000 0.25000000 0.25000000
H 4
0.42689766 0.19103399 0.19103399 0.19103435
0 1095.168609 6.219638 
###===
103 0 0 0.000 0 0 0
E 0 4
A B C D 
3 0 1 1 
0.009574 0.941446 
0.169804 0.276732 0.276732 0.276732
A 4
0.25000000 0.25000000 0.25000000 0.25000000
B 4
0.25000000 0.25000000 0.25000000 0.25000000
C 4
0.25000000 0.25000000 0.25000000 0.25000000
D 4
0.25000000 0.25000000 0.25000000 0.25000000
E 4
0.27462099 0.24179302 0.24179302 0.24179298
F 4
0.25000000 0.25000000 0.25000000 0.25000000
G 4
0.38893119 0.20368956 0.20368956 0.20368969
K 4
0.35499639 0.21500129 0.21500129 0.21500102
W 4
0.40725071 0.19758329 0.19758329 0.19758272
S 4
0.25000000 0.25000000 0.25000000 0.25000000
H 4
0.42689766 0.19103399 0.19103399 0.19103435
0 1095.183573 6.219638 
###===
104 0 0 0.000 0 0 0
E 0 4
A B C D 
0 1 1 1 
0.009574 0.941446 
0.681715 0.106095 0.106095 0.106095
A 4
0.25000000 0.25000000 0.25000000 0.25000000
B 4
0.25000000 0.25000000 0.25000000 0.25000000
C 4
0.25000000 0.25000000 0.25000000 0.25000000
D 4
0.25000000 0.25000000 0.25000000 0.25000000
E 4
0.27630738 0.24123089 0.24123089 0.24123085
F 4
0.25000000 0.25000000 0.25000000 0.25000000
G 4
0.38893119 0.20368956 0.20368956 0.20368969
K 4
0.35482681 0.21505782 0.21505782 0.21505755
W 4
0.40725814 0.19758081 0.19758081 0.19758024
S 4
0.25000000 0.25000000 0.25000000 0.25000000
H 4
0.42689766 0.19103399 0.19103399 0.19103435
0 1095.391263 6.219638 
###===
105 0 0 0.000 0 0 0
E 0 4
A B C D 
1 1 1 1 
0.009574 0.941446 
0.092928 0.302357 0.302357 0.302358
A 4
0.25000000 0.25000000 0.25000000 0.25000000
B 4
0.25000000 0.25000000 0.25000000 0.25000000
C 4
0.25000000 0.25000000 0.25000000 0.25000000
D 4
0.25000000 0.25000000 0.25000000 0.25000000
E 4
0.27569382 0.24143541 0.24143541 0.24143537
F 4
0.25000000 0.25000000 0.25000000 0.25000000
G 4
0.38893119 0.20368956 0.20368956 0.20368969
K 4
0.35488851 0.21503726 0.21503726 0.21503698
W 4
0.40725544 0.19758171 0.19758171 0.19758114
S 4
0.25000000 0.25000000 0.25000000 0.25000000
H 4
0.42689766 0.19103399 0.19103399 0.19103435
0 1095.445354 6.219638 
###===
106 0 0 0.000 0 0 0
E 0 4
A B C D 
2 1 1 1 
0.009574 0.941446 
0.864858 0.045047 0.045047 0.045048
A 4
0.25000000 0.25000000 0.25000000 0.25000000
B 4
0.25000000 0.25000000 0.25000000 0.25000000
C 4
0.25000000 0.25000000 0.25000000 0.25000000
D 4
0.25000000 0.25000000 0.25000000 0.25000000
E 4
0.27809561 0.24063481 0.24063481 0.24063478
F 4
0.25000000 0.25000000 0.25000000 0.25000000
G 4
0.38893119 0.20368956 0.20368956 0.20368969
K 4
0.35464699 0.21511776 0.21511776 0.21511749
W 4
0.40726602 0.19757818 0.19757818 0.19757761
S 4
0.25000000 0.25000000 0.25000000 0.25000000
H 4
0.42689766 0.19103399 0.19103399 0.19103435
0 1095.885617 6.219638 
###===
107 0 0 0.000 0 0 0
E 0 4
A B C D 
3 1 1 1 
0.009574 0.941446 
0.409978 0.196674 0.196674 0.196674
A 4
0.25000000 0.25000000 0.25000000 0.25000000
B 4
0.25000000 0.25000000 0.25000000 0.25000000
C 4
0.25000000 0.25000000 0.25000000 0.25000000
D 4
0.25000000 0.25000000 0.25000000 0.25000000
E 4
0.27872052 0.24042650 0.24042650 0.24042647
F 4
0.25000000 0.25000000 0.25000000 0.25000000
G 4
0.38893119 0.20368956 0.20368956 0.20368969
K 4
0.35458415 0.21513871 0.21513871 0.21513843
W 4
0.40726877 0.19757727 0.19757727 0.19757670
S 4
0.25000000 0.25000000 0.25000000 0.25000000
H 4
0.42689766 0.19103399 0.19103399 0.19103435
0 1095.911250 6.219638 
###===
108 0 0 0.000 0 0 0
E 0 4
A B C D 
0 2 1 1 
0.009574 0.941446 
0.083865 0.305378 0.305378 0.305379
A 4
0.25000000 0.25000000 0.25000000 0.25000000
B 4
0.25000000 0.25000000 0.25000000 0.25000000
C 4
0.25000000 0.25000000 0.25000000 0.25000000
D 4
0.25000000 0.25000000 0.25000000 0.25000000
E 4
0.27807155 0.24064282 0.24064282 0.24064280
F 4
0.25000000 0.25000000 0.25000000 0.25000000
G 4
0.38893119 0.20368956 0.20368956 0.20368969
K 4
0.35464941 0.21511696 0.21511696 0.21511668
W 4
0.40726591 0.19757822 0.19757822 0.19757765
S 4
0.25000000 0.25000000 0.25000000 0.25000000
H 4
0.42689766 0.19103399 0.19103399 0.19103435
0 1095.972152 6.219638 
###===
109 0 0 0.000 0 0 0
E 0 4
A B C D 
1 2 1 1 
0.009574 0.941446 
0.542739 0.152420 0.152420 0.152421
A 4
0.25000000 0.25000000 0.25000000 0.25000000
B 4
0.25000000 0.25000000 0.25000000 0.25000000
C 4
0.25000000 0.25000000 0.25000000 0.25000000
D 4
0.25000000 0.25000000 0.25000000 0.25000000
E 4
0.27921507 0.24026165 0.24026165 0.24026163
F 4
0.25000000 0.25000000 0.25000000 0.25000000
G 4
0.38893119 0.20368956 0.20368956 0.20368969
K 4
0.35453442 0.21515529 0.21515529 0.21515501
W 4
0.40727095 0.19757654 0.19757654 0.19757597
S 4
0.25000000 0.25000000 0.25000000 0.25000000
H 4
0.42689766 0.19103399 0.19103399 0.19103435
0 1096.065490 6.219638 
###===
110 0 0 0.000 0 0 0
E 0 4
A B C D 
2 2 1 1 
0.009574 0.941446 
0.784680 0.071773 0.071773 0.071774
A 4
0.25000000 0.25000000 0.25000000 0.25000000
B 4
0.25000000 0.25000000 0.25000000 0.25000000
C 4
0.25000000 0.25000000 0.25000000 0.25000000
D 4
0.25000000 0.25000000 0.25000000 0.25000000
E 4
0.28130366 0.23956545 0.23956545 0.23956543
F 4
0.25000000 0.25000000 0.25000000 0.25000000
G 4
0.38893119 0.20368956 0.20368956 0.20368969
K 4
0.35432439 0.21522530 0.21522530 0.21522502
W 4
0.40728015 0.19757347 0.19757347 0.19757290
S 4
0.25000000 0.25000000 0.25000000 0.25000000
H 4
0.42689766 0.19103399 0.19103399 0.19103435
0 1096.390189 6.219638 
###===
111 0 0 0.000 0 0 0
E 0 4
A B C D 
3 2 1 1 
0.009574 0.941446 
0.333276 0.222241 0.222241 0.222242
A 4
0.25000000 0.25000000 0.25000000 0.25000000
B 4
0.25000000 0.25000000 0.25000000 0.25000000
C 4
0.25000000 0.25000000 0.25000000 0.25000000
D 4
0.25000000 0.25000000 0.25000000 0.25000000
E 4
0.28162896 0.23945702 0.23945702 0.23945700
F 4
0.25000000 0.25000000 0.25000000 0.25000000
G 4
0.38893119 0.20368956 0.20368956 0.20368969
K 4
0.35429168 0.21523620 0.21523620 0.21523592
W 4
0.40728158 0.19757300 0.19757300 0.19757243
S 4
0.25000000 0.25000000 0.25000000 0.25000000
H 4
0.42689766 0.19103399 0.19103399 0.19103435
0 1096.395344 6.219638 
###===
112 0 0 0.000 0 0 0
E 0 4
A B C D 
0 3 1 1 
0.009574 0.941446 
0.736331 0.087890 0.087890 0.087889
A 4
0.25000000 0.25000000 0.25000000 0.25000000
B 4
0.25000000 0.25000000 0.25000000 0.25000000
C 4
0.25000000 0.25000000 0.25000000 0.25000000
D 4
0.25000000 0.25000000 0.25000000 0.25000000
E 4
0.28352869 0.23882378 0.23882378 0.23882376
F 4
0.25000000 0.25000000 0.25000000 0.25000000
G 4
0.38893119 0.20368956 0.20368956 0.20368969
K 4
0.35410064 0.21529988 0.21529988 0.21529960
W 4
0.40728995 0.19757021 0.19757021 0.19756964
S 4
0.25000000 0.25000000 0.25000000 0.25000000
H 4
0.42689766 0.19103399 0.19103399 0.19103435
0 1096.661268 6.219638 
###===
113 0 0 0.000 0 0 0
E 0 4
A B C D 
1 3 1 1 
0.009574 0.941446 
0.669656 0.110115 0.110115 0.110114
A 4
0.25000000 0.25000000 0.25000000 0.25000000
B 4
0.25000000 0.25000000 0.25000000 0.25000000
C 4
0.25000000 0.25000000 0.25000000 0.25000000
D 4
0.25000000 0.25000000 0.25000000 0.25000000
E 4
0.28516797 0.23827735 0.23827735 0.23827733
F 4
0.25000000 0.25000000 0.25000000 0.25000000
G 4
0.38893119 0.20368956 0.20368956 0.20368969
K 4
0.35393580 0.21535483 0.21535483 0.21535454
W 4
0.40729717 0.19756780 0.19756780 0.19756723
S 4
0.25000000 0.25000000 0.25000000 0.25000000
H 4
0.42689766 0.19103399 0.19103399 0.19103435
0 1096.857173 6.219638 
###===
114 0 0 0.000 0 0 0
E 0 4
A B C D 
2 3 1 1 
0.009574 0.941446 
0.560257 0.146581 0.146581 0.146581
A 4
0.25000000 0.25000000 0.25000000 0.25000000
B 4
0.25000000 0.25000000 0.25000000 0.25000000
C 4
0.25000000 0.25000000 0.25000000 0.25000000
D 4
0.25000000 0.25000000 0.25000000 0.25000000
E 4
0.28637991 0.23787337 0.23787337 0.23787335
F 4
0.25000000 0.25000000 0.25000000 0.25000000
G 4
0.38893119 0.20368956 0.20368956 0.20368969
K 4
0.35381393 0.21539545 0.21539545 0.21539517
W 4
0.40730251 0.19756602 0.19756602 0.19756545
S 4
0.25000000 0.25000000 0.25000000 0.25000000
H 4
0.42689766 0.19103399 0.19103399 0.19103435
0 1096.962425 6.219638 
###===
115 0 0 0.000 0 0 0
E 0 4
A B C D 
3 3 1 1 
0.009574 0.941446 
0.360884 0.213039 0.213039 0.213038
A 4
0.25000000 0.25000000 0.25000000 0.25000000
B 4
0.25000000 0.25000000 0.25000000 0.25000000
C 4
0.25000000 0.25000000 0.25000000 0.25000000
D 4
0.25000000 0.25000000 0.25000000 0.25000000
E 4
0.28681305 0.23772899 0.23772899 0.23772896
F 4
0.25000000 0.25000000 0.25000000 0.25000000
G 4
0.38893119 0.20368956 0.20368956 0.20368969
K 4
0.35377037 0.21540997 0.21540997 0.21540969
W 4
0.40730442 0.19756538 0.19756538 0.19756482
S 4
0.25000000 0.25000000 0.25000000 0.25000000
H 4
0.42689766 0.19103399 0.19103399 0.19103435
0 1096.973307 6.219638 
###===
116 0 0 0.000 0 0 0
E 0 4
A B C D 
0 0 2 1 
0.009574 0.941446 
0.376569 0.207810 0.207810 0.207811
A 4
0.25000000 0.25000000 0.25000000 0.25000000
B 4
0.25000000 0.25000000 0.25000000 0.25000000
C 4
0.25000000 0.25000000 0.25000000 0.25000000
D 4
0.25000000 0.25000000 0.25000000 0.25000000
E 4
0.28730746 0.23756419 0.23756419 0.23756416
F 4
0.25000000 0.25000000 0.25000000 0.25000000
G 4
0.38893119 0.20368956 0.20368956 0.20368969
K 4
0.35372065 0.21542655 0.21542655 0.21542626
W 4
0.40730659 0.19756466 0.19756466 0.19756409
S 4
0.25000000 0.25000000 0.25000000 0.25000000
H 4
0.42689766 0.19103399 0.19103399 0.19103435
0 1096.988275 6.219638 
###===
117 0 0 0.000 0 0 0
E 0 4
A B C D 
1 0 2 1 
0.009574 0.941446 
0.408703 0.197099 0.197099 0.197099
A 4
0.25000000 0.25000000 0.25000000 0.25000000
B 4
0.25000000 0.25000000 0.25000000 0.25000000
C 4
0.25000000 0.25000000 0.25000000 0.25000000
D 4
0.25000000 0.25000000 0.25000000 0.25000000
E 4
0.28792739 0.23735754 0.23735754 0.23735752
F 4
0.25000000 0.25000000 0.25000000 0.25000000
G 4
0.38893119 0.20368956 0.20368956 0.20368969
K 4
0.35365831 0.21544733 0.21544733 0.21544704
W 4
0.40730932 0.19756375 0.19756375 0.19756318
S 4
0.25000000 0.25000000 0.25000000 0.25000000
H 4
0.42689766 0.19103399 0.19103399 0.19103435
0 1097.013453 6.219638 
###===
118 0 0 0.000 0 0 0
E 0 4
A B C D 
2 0 2 1 
0.009574 0.941446 
0.403780 0.198740 0.198740 0.198740
A 4
0.25000000 0.25000000 0.25000000 0.25000000
B 4
0.25000000 0.25000000 0.25000000 0.25000000
C 4
0.25000000 0.25000000 0.25000000 0.25000000
D 4
0.25000000 0.25000000 0.25000000 0.25000000
E 4
0.28852810 0.23715731 0.23715731 0.23715729
F 4
0.25000000 0.25000000 0.25000000 0.25000000
G 4
0.38893119 0.20368956 0.20368956 0.20368969
K 4
0.35359791 0.21546746 0.21546746 0.21546717
W 4
0.40731197 0.19756287 0.19756287 0.19756230
S 4
0.25000000 0.25000000 0.25000000 0.25000000
H 4
0.42689766 0.19103399 0.19103399 0.19103435
0 1097.036908 6.219638 
###===
119 0 0 0.000 0 0 0
E 0 4
A B C D 
3 0 2 1 
0.009574 0.941446 
0.213583 0.262139 0.262139 0.262139
A 4
0.25000000 0.25000000 0.25000000 0.25000000
B 4
0.25000000 0.25000000 0.25000000 0.25000000
C 4
0.25000000 0.25000000 0.25000000 0.25000000
D 4
0.25000000 0.25000000 0.25000000 0.25000000
E 4
0.28838584 0.23720473 0.23720473 0.23720470
F 4
0.25000000 0.25000000 0.25000000 0.25000000
G 4
0.38893119 0.20368956 0.20368956 0.20368969
K 4
0.35361221 0.21546269 0.21546269 0.21546240
W 4
0.40731134 0.19756308 0.19756308 0.19756251
S 4
0.25000000 0.25000000 0.25000000 0.25000000
H 4
0.42689766 0.19103399 0.19103399 0.19103435
0 1097.040993 6.219638 
###===
120 0 0 0.000 0 0 0
E 0 4
A B C D 
0 1 2 1 
0.009574 0.941446 
0.472495 0.175835 0.175835 0.175835
A 4
0.25000000 0.25000000 0.25000000 0.25000000
B 4
0.25000000 0.25000000 0.25000000 0.25000000
C 4
0.25000000 0.25000000 0.25000000 0.25000000
D 4
0.25000000 0.25000000 0.25000000 0.25000000
E 4
0.28925496 0.23691502 0.23691502 0.23691500
F 4
0.25000000 0.25000000 0.25000000 0.25000000
G 4
0.38893119 0.20368956 0.20368956 0.20368969
K 4
0.35352481 0.21549183 0.21549183 0.21549154
W 4
0.40731517 0.19756180 0.19756180 0.19756123
S 4
0.25000000 0.25000000 0.25000000 0.25000000
H 4
0.42689766 0.19103399 0.19103399 0.19103435
0 1097.093530 6.219638 
###===
121 0 0 0.000 0 0 0
E 0 4
A B C D 
1 1 2 1 
0.009574 0.941446 
0.046727 0.317758 0.317758 0.317757
A 4
0.25000000 0.25000000 0.25000000 0.25000000
B 4
0.25000000 0.25000000 0.25000000 0.25000000
C 4
0.25000000 0.25000000 0.25000000 0.25000000
D 4
0.25000000 0.25000000 0.25000000 0.25000000
E 4
0.28846093 0.23717970 0.23717970 0.23717967
F 4
0.25000000 0.25000000 0.25000000 0.25000000
G 4
0.38893119 0.20368956 0.20368956 0.20368969
K 4
0.35360466 0.21546521 0.21546521 0.21546492
W 4
0.40731167 0.19756297 0.19756297 0.19756240
S 4
0.25000000 0.25000000 0.25000000 0.25000000
H 4
0.42689766 0.19103399 0.19103399 0.19103435
0 1097.189488 6.219638 
###===
122 0 0 0.000 0 0 0
E 0 4
A B C D 
2 1 2 1 
0.009574 0.941446 
0.535911 0.154696 0.154696 0.154697
A 4
0.25000000 0.25000000 0.25000000 0.25000000
B 4
0.25000000 0.25000000 0.25000000 0.25000000
C 4
0.25000000 0.25000000 0.25000000 0.25000000
D 4
0.25000000 0.25000000 0.25000000 0.25000000
E 4
0.28957777 0.23680742 0.23680742 0.23680739
F 4
0.25000000 0.25000000 0.25000000 0.25000000
G 4
0.38893119 0.20368956 0.20368956 0.20368969
K 4
0.35349235 0.21550265 0.21550265 0.21550236
W 4
0.40731659 0.19756133 0.19756133 0.19756076
S 4
0.25000000 0.25000000 0.25000000 0.25000000
H 4
0.42689766 0.19103399 0.19103399 0.19103435
0 1097.278370 6.219638 
###===
123 0 0 0.000 0 0 0
E 0 4
A B C D 
3 1 2 1 
0.009574 0.941446 
0.055369 0.314877 0.314877 0.314877
A 4
0.25000000 0.25000000 0.25000000 0.25000000
B 4
0.25000000 0.25000000 0.25000000 0.25000000
C 4
0.25000000 0.25000000 0.25000000 0.25000000
D 4
0.25000000 0.25000000 0.25000000 0.25000000
E 4
0.28881749 0.23706084 0.23706084 0.23706082
F 4
0.25000000 0.25000000 0.25000000 0.25000000
G 4
0.38893119 0.20368956 0.20368956 0.20368969
K 4
0.35356880 0.21547716 0.21547716 0.21547687
W 4
0.40731324 0.19756244 0.19756244 0.19756187
S 4
0.25000000 0.25000000 0.25000000 0.25000000
H 4
0.42689766 0.19103399 0.19103399 0.19103435
0 1097.364959 6.219638 
###===
124 0 0 0.000 0 0 0
E 0 4
A B C D 
0 2 2 1 
0.009574 0.941446 
0.822429 0.059190 0.059190 0.059191
A 4
0.25000000 0.25000000 0.25000000 0.25000000
B 4
0.25000000 0.25000000 0.25000000 0.25000000
C 4
0.25000000 0.25000000 0.25000000 0.25000000
D 4
0.25000000 0.25000000 0.25000000 0.25000000
E 4
0.29105354 0.23631549 0.23631549 0.23631547
F 4
0.25000000 0.25000000 0.25000000 0.25000000
G 4
0.38893119 0.20368956 0.20368956 0.20368969
K 4
0.35334395 0.21555211 0.21555211 0.21555182
W 4
0.40732309 0.19755916 0.19755916 0.19755859
S 4
0.25000000 0.25000000 0.25000000 0.25000000
H 4
0.42689766 0.19103399 0.19103399 0.19103435
0 1097.740933 6.219638 
###===
125 0 0 0.000 0 0 0
E 0 4
A B C D 
1 2 2 1 
0.009574 0.941446 
0.811007 0.062998 0.062998 0.062997
A 4
0.25000000 0.25000000 0.25000000 0.25000000
B 4
0.25000000 0.25000000 0.25000000 0.25000000
C 4
0.25000000 0.25000000 0.25000000 0.25000000
D 4
0.25000000 0.25000000 0.25000000 0.25000000
E 4
0.29324498 0.23558502 0.23558502 0.23558499
F 4
0.25000000 0.25000000 0.25000000 0.25000000
G 4
0.38893119 0.20368956 0.20368956 0.20368969
K 4
0.35312358 0.21562557 0.21562557 0.21562528
W 4
0.40733275 0.19755594 0.19755594 0.19755537
S 4
0.25000000 0.25000000 0.25000000 0.25000000
H 4
0.42689766 0.19103399 0.19103399 0.19103435
0 1098.100850 6.219638 
###===
126 0 0 0.000 0 0 0
E 0 4
A B C D 
2 2 2 1 
0.009574 0.941446 
0.324787 0.225071 0.225071 0.225071
A 4
0.25000000 0.25000000 0.25000000 0.25000000
B 4
0.25000000 0.25000000 0.25000000 0.25000000
C 4
0.25000000 0.25000000 0.25000000 0.25000000
D 4
0.25000000 0.25000000 0.25000000 0.25000000
E 4
0.29353711 0.23548764 0.23548764 0.23548761
F 4
0.25000000 0.25000000 0.25000000 0.25000000
G 4
0.38893119 0.20368956 0.20368956 0.20368969
K 4
0.35309420 0.21563536 0.21563536 0.21563507
W 4
0.40733403 0.19755551 0.19755551 0.19755494
S 4
0.25000000 0.25000000 0.25000000 0.25000000
H 4
0.42689766 0.19103399 0.19103399 0.19103435
0 1098.104629 6.219638 
###===
127 0 0 0.000 0 0 0
E 0 4
A B C D 
3 2 2 1 
0.009574 0.941446 
0.917246 0.027585 0.027585 0.027584
A 4
0.25000000 0.25000000 0.25000000 0.25000000
B 4
0.25000000 0.25000000 0.25000000 0.25000000
C 4
0.25000000 0.25000000 0.25000000 0.25000000
D 4
0.25000000 0.25000000 0.25000000 0.25000000
E 4
0.29614354 0.23461883 0.23461883 0.23461880
F 4
0.25000000 0.25000000 0.25000000 0.25000000
G 4
0.38893119 0.20368956 0.20368956 0.20368969
K 4
0.35283211 0.21572273 0.21572273 0.21572243
W 4
0.40734552 0.19755168 0.19755168 0.19755112
S 4
0.25000000 0.25000000 0.25000000 0.25000000
H 4
0.42689766 0.19103399 0.19103399 0.19103435
0 1098.636750 6.219638 
###===
128 0 0 0.000 0 0 0
E 0 4
A B C D 
0 3 2 1 
0.009574 0.941446 
0.899302 0.033566 0.033566 0.033566
A 4
0.25000000 0.25000000 0.25000000 0.25000000
B 4
0.25000000 0.25000000 0.25000000 0.25000000
C 4
0.25000000 0.25000000 0.25000000 0.25000000
D 4
0.25000000 0.25000000 0.25000000 0.25000000
E 4
0.29867988 0.23377338 0.23377338 0.23377336
F 4
0.25000000 0.25000000 0.25000000 0.25000000
G 4
0.38893119 0.20368956 0.20368956 0.20368969
K 4
0.35257705 0.21580775 0.21580775 0.21580745
W 4
0.40735669 0.19754796 0.19754796 0.19754739
S 4
0.25000000 0.25000000 0.25000000 0.25000000
H 4
0.42689766 0.19103399 0.19103399 0.19103435
0 1099.135555 6.219638 
###===
129 0 0 0.000 0 0 0
E 0 4
A B C D 
1 3 2 1 
0.009574 0.941446 
0.930843 0.023052 0.023052 0.023053
A 4
0.25000000 0.25000000 0.25000000 0.25000000
B 4
0.25000000 0.25000000 0.25000000 0.25000000
C 4
0.25000000 0.25000000 0.25000000 0.25000000
D 4
0.25000000 0.25000000 0.25000000 0.25000000
E 4
0.30133942 0.23288687 0.23288687 0.23288684
F 4
0.25000000 0.25000000 0.25000000 0.25000000
G 4
0.38893119 0.20368956 0.20368956 0.20368969
K 4
0.35230961 0.21589690 0.21589690 0.21589660
W 4
0.40736840 0.19754406 0.19754406 0.19754349
S 4
0.25000000 0.25000000 0.25000000 0.25000000
H 4
0.42689766 0.19103399 0.19103399 0.19103435
0 1099.694495 6.219638 
###===
130 0 0 0.000 0 0 0
E 0 4
A B C D 
2 3 2 1 
0.009574 0.941446 
0.156547 0.281151 0.281151 0.281151
A 4
0.25000000 0.25000000 0.25000000 0.25000000
B 4
0.25000000 0.25000000 0.25000000 0.25000000
C 4
0.25000000 0.25000000 0.25000000 0.25000000
D 4
0.25000000 0.25000000 0.25000000 0.25000000
E 4
0.30097437 0.23300855 0.23300855 0.23300853
F 4
0.25000000 0.25000000 0.25000000 0.25000000
G 4
0.38893119 0.20368956 0.20368956 0.20368969
K 4
0.35234632 0.21588466 0.21588466 0.21588436
W 4
0.40736679 0.19754459 0.19754459 0.19754402
S 4
0.25000000 0.25000000 0.25000000 0.25000000
H 4
0.42689766 0.19103399 0.19103399 0.19103435
0 1099.714203 6.219638 
###===
131 0 0 0.000 0 0 0
E 0 4
A B C D 
3 3 2 1 
0.009574 0.941446 
0.012293 0.329236 0.329236 0.329235
A 4
0.25000000 0.25000000 0.25000000 0.25000000
B 4
0.25000000 0.25000000 0.25000000 0.25000000
C 4
0.25000000 0.25000000 0.25000000 0.25000000
D 4
0.25000000 0.25000000 0.25000000 0.25000000
E 4
0.30004583 0.23331807 0.23331807 0.23331804
F 4
0.25000000 0.25000000 0.25000000 0.25000000
G 4
0.38893119 0.20368956 0.20368956 0.20368969
K 4
0.35243970 0.21585353 0.21585353 0.21585323
W 4
0.40736270 0.19754595 0.19754595 0.19754539
S 4
0.25000000 0.25000000 0.25000000 0.25000000
H 4
0.42689766 0.19103399 0.19103399 0.19103435
0 1099.859772 6.219638 
###===
132 0 0 0.000 0 0 0
E 0 4
A B C D 
0 0 3 1 
0.009574 0.941446 
0.240846 0.253051 0.253051 0.253052
A 4
0.25000000 0.25000000 0.25000000 0.25000000
B 4
0.25000000 0.25000000 0.25000000 0.25000000
C 4
0.25000000 0.25000000 0.25000000 0.25000000
D 4
0.25000000 0.25000000 0.25000000 0.25000000
E 4
0.30001007 0.23332998 0.23332998 0.23332996
F 4
0.25000000 0.25000000 0.25000000 0.25000000
G 4
0.38893119 0.20368956 0.20368956 0.20368969
K 4
0.35244329 0.21585234 0.21585234 0.21585204
W 4
0.40736255 0.19754601 0.19754601 0.19754544
S 4
0.25000000 0.25000000 0.25000000 0.25000000
H 4
0.42689766 0.19103399 0.19103399 0.19103435
0 1099.860407 6.219638 
###===
133 0 0 0.000 0 0 0
E 0 4
A B C D 
1 0 3 1 
0.009574 0.941446 
0.332272 0.222576 0.222576 0.222576
A 4
0.25000000 0.25000000 0.25000000 0.25000000
B 4
0.25000000 0.25000000 0.25000000 0.25000000
C 4
0.25000000 0.25000000 0.25000000 0.25000000
D 4
0.25000000 0.25000000 0.25000000 0.25000000
E 4
0.30033145 0.23322286 0.23322286 0.23322284
F 4
0.25000000 0.25000000 0.25000000 0.25000000
G 4
0.38893119 0.20368956 0.20368956 0.20368969
K 4
0.35241097 0.21586311 0.21586311 0.21586281
W 4
0.40736396 0.19754554 0.19754554 0.19754497
S 4
0.25000000 0.25000000 0.25000000 0.25000000
H 4
0.42689766 0.19103399 0.19103399 0.19103435
0 1099.865390 6.219638 
###===
134 0 0 0.000 0 0 0
E 0 4
A B C D 
2 0 3 1 
0.009574 0.941446 
0.227016 0.257661 0.257661 0.257662
A 4
0.25000000 0.25000000 0.25000000 0.25000000
B 4
0.25000000 0.25000000 0.25000000 0.25000000
C 4
0.25000000 0.25000000 0.25000000 0.25000000
D 4
0.25000000 0.25000000 0.25000000 0.25000000
E 4
0.30024166 0.23325279 0.23325279 0.23325277
F 4
0.25000000 0.25000000 0.25000000 0.25000000
G 4
0.38893119 0.20368956 0.20368956 0.20368969
K 4
0.35242000 0.21586010 0.21586010 0.21585980
W 4
0.40736357 0.19754567 0.19754567 0.19754510
S 4
0.25000000 0.25000000 0.25000000 0.25000000
H 4
0.42689766 0.19103399 0.19103399 0.19103435
0 1099.867477 6.219638 
###===
135 0 0 0.000 0 0 0
E 0 4
A B C D 
3 0 3 1 
0.009574 0.941446 
0.713968 0.095344 0.095344 0.095344
A 4
0.25000000 0.25000000 0.25000000 0.25000000
B 4
0.25000000 0.25000000 0.25000000 0.25000000
C 4
0.25000000 0.25000000 0.25000000 0.25000000
D 4
0.25000000 0.25000000 0.25000000 0.25000000
E 4
0.30205404 0.23264866 0.23264866 0.23264864
F 4
0.25000000 0.25000000 0.25000000 0.25000000
G 4
0.38893119 0.20368956 0.20368956 0.20368969
K 4
0.35223775 0.21592085 0.21592085 0.21592055
W 4
0.40737155 0.19754301 0.19754301 0.19754244
S 4
0.25000000 0.25000000 0.25000000 0.25000000
H 4
0.42689766 0.19103399 0.19103399 0.19103435
0 1100.108567 6.219638 
###===
136 0 0 0.000 0 0 0
E 0 4
A B C D 
0 1 3 1 
0.009574 0.941446 
0.220110 0.259963 0.259963 0.259964
A 4
0.25000000 0.25000000 0.25000000 0.25000000
B 4
0.25000000 0.25000000 0.25000000 0.25000000
C 4
0.25000000 0.25000000 0.25000000 0.25000000
D 4
0.25000000 0.25000000 0.25000000 0.25000000
E 4
0.30193728 0.23268758 0.23268758 0.23268756
F 4
0.25000000 0.25000000 0.25000000 0.25000000
G 4
0.38893119 0.20368956 0.20368956 0.20368969
K 4
0.35224949 0.21591694 0.21591694 0.21591664
W 4
0.40737104 0.19754318 0.19754318 0.19754261
S 4
0.25000000 0.25000000 0.25000000 0.25000000
H 4
0.42689766 0.19103399 0.19103399 0.19103435
0 1100.111606 6.219638 
###===
137 0 0 0.000 0 0 0
E 0 4
A B C D 
1 1 3 1 
0.009574 0.941446 
0.427466 0.190845 0.190845 0.190844
A 4
0.25000000 0.25000000 0.25000000 0.25000000
B 4
0.25000000 0.25000000 0.25000000 0.25000000
C 4
0.25000000 0.25000000 0.25000000 0.25000000
D 4
0.25000000 0.25000000 0.25000000 0.25000000
E 4
0.30263051 0.23245650 0.23245650 0.23245648
F 4
0.25000000 0.25000000 0.25000000 0.25000000
G 4
0.38893119 0.20368956 0.20368956 0.20368969
K 4
0.35217978 0.21594017 0.21594017 0.21593987
W 4
0.40737409 0.19754216 0.19754216 0.19754159
S 4
0.25000000 0.25000000 0.25000000 0.25000000
H 4
0.42689766 0.19103399 0.19103399 0.19103435
0 1100.143862 6.219638 
###===
138 0 0 0.000 0 0 0
E 0 4
A B C D 
2 1 3 1 
0.009574 0.941446 
0.251343 0.249552 0.249552 0.249553
A 4
0.25000000 0.25000000 0.25000000 0.25000000
B 4
0.25000000 0.25000000 0.25000000 0.25000000
C 4
0.25000000 0.25000000 0.25000000 0.25000000
D 4
0.25000000 0.25000000 0.25000000 0.25000000
E 4
0.30263575 0.23245475 0.23245475 0.23245474
F 4
0.25000000 0.25000000 0.25000000 0.25000000
G 4
0.38893119 0.20368956 0.20368956 0.20368969
K 4
0.35217925 0.21594035 0.21594035 0.21594005
W 4
0.40737411 0.19754215 0.19754215 0.19754158
S 4
0.25000000 0.25000000 0.25000000 0.25000000
H 4
0.42689766 0.19103399 0.19103399 0.19103435
0 1100.143791 6.219638 
###===
139 0 0 0.000 0 0 0
E 0 4
A B C D 
3 1 3 1 
0.009574 0.941446 
0.331810 0.222730 0.222730 0.222730
A 4
0.25000000 0.25000000 0.25000000 0.25000000
B 4
0.25000000 0.25000000 0.25000000 0.25000000
C 4
0.25000000 0.25000000 0.25000000 0.25000000
D 4
0.25000000 0.25000000 0.25000000 0.25000000
E 4
0.30295532 0.23234823 0.23234823 0.23234821
F 4
0.25000000 0.25000000 0.25000000 0.25000000
G 4
0.38893119 0.20368956 0.20368956 0.20368969
K 4
0.35214712 0.21595106 0.21595106 0.21595076
W 4
0.40737552 0.19754168 0.19754168 0.19754111
S 4
0.25000000 0.25000000 0.25000000 0.25000000
H 4
0.42689766 0.19103399 0.19103399 0.19103435
0 1100.148695 6.219638 
###===
140 0 0 0.000 0 0 0
E 0 4
A B C D 
0 2 3 1 
0.009574 0.941446 
0.851013 0.049662 0.049662 0.049663
A 4
0.25000000 0.25000000 0.25000000 0.25000000
B 4
0.25000000 0.25000000 0.25000000 0.25000000
C 4
0.25000000 0.25000000 0.25000000 0.25000000
D 4
0.25000000 0.25000000 0.25000000 0.25000000
E 4
0.30530303 0.23156566 0.23156566 0.23156565
F 4
0.25000000 0.25000000 0.25000000 0.25000000
G 4
0.38893119 0.20368956 0.20368956 0.20368969
K 4
0.35191103 0.21602976 0.21602976 0.21602945
W 4
0.40738586 0.19753824 0.19753824 0.19753767
S 4
0.25000000 0.25000000 0.25000000 0.25000000
H 4
0.42689766 0.19103399 0.19103399 0.19103435
0 1100.567121 6.219638 
###===
141 0 0 0.000 0 0 0
E 0 4
A B C D 
1 2 3 1 
0.009574 0.941446 
0.021409 0.326197 0.326197 0.326197
A 4
0.25000000 0.25000000 0.25000000 0.25000000
B 4
0.25000000 0.25000000 0.25000000 0.25000000
C 4
0.25000000 0.25000000 0.25000000 0.25000000
D 4
0.25000000 0.25000000 0.25000000 0.25000000
E 4
0.30441010 0.23186330 0.23186330 0.23186329
F 4
0.25000000 0.25000000 0.25000000 0.25000000
G 4
0.38893119 0.20368956 0.20368956 0.20368969
K 4
0.35200083 0.21599983 0.21599983 0.21599952
W 4
0.40738193 0.19753955 0.19753955 0.19753898
S 4
0.25000000 0.25000000 0.25000000 0.25000000
H 4
0.42689766 0.19103399 0.19103399 0.19103435
0 1100.696874 6.219638 
###===
142 0 0 0.000 0 0 0
E 0 4
A B C D 
2 2 3 1 
0.009574 0.941446 
0.132789 0.289070 0.289070 0.289071
A 4
0.25000000 0.25000000 0.25000000 0.25000000
B 4
0.25000000 0.25000000 0.25000000 0.25000000
C 4
0.25000000 0.25000000 0.25000000 0.25000000
D 4
0.25000000 0.25000000 0.25000000 0.25000000
E 4
0.30395224 0.23201592 0.23201592 0.23201591
F 4
0.25000000 0.25000000 0.25000000 0.25000000
G 4
0.38893119 0.20368956 0.20368956 0.20368969
K 4
0.35204687 0.21598448 0.21598448 0.21598417
W 4
0.40737991 0.19754022 0.19754022 0.19753965
S 4
0.25000000 0.25000000 0.25000000 0.25000000
H 4
0.42689766 0.19103399 0.19103399 0.19103435
0 1100.726999 6.219638 
###===
143 0 0 0.000 0 0 0
E 0 4
A B C D 
3 2 3 1 
0.009574 0.941446 
0.371199 0.209600 0.209600 0.209601
A 4
0.25000000 0.25000000 0.25000000 0.25000000
B 4
0.25000000 0.25000000 0.25000000 0.25000000
C 4
0.25000000 0.25000000 0.25000000 0.25000000
D 4
0.25000000 0.25000000 0.25000000 0.25000000
E 4
0.30442568 0.23185811 0.23185811 0.23185811
F 4
0.25000000 0.25000000 0.25000000 0.25000000
G 4
0.38893119 0.20368956 0.20368956 0.20368969
K 4
0.35199926 0.21600035 0.21600035 0.21600004
W 4
0.40738200 0.19753952 0.19753952 0.19753896
S 4
0.25000000 0.25000000 0.25000000 0.25000000
H 4
0.42689766 0.19103399 0.19103399 0.19103435
0 1100.740501 6.219638 
###===
144 0 0 0.000 0 0 0
E 0 4
A B C D 
0 3 3 1 
0.009574 0.941446 
0.792925 0.069025 0.069025 0.069025
A 4
0.25000000 0.25000000 0.25000000 0.25000000
B 4
0.25000000 0.25000000 0.25000000 0.25000000
C 4
0.25000000 0.25000000 0.25000000 0.25000000
D 4
0.25000000 0.25000000 0.25000000 0.25000000
E 4
0.30654648 0.23115118 0.23115118 0.23115117
F 4
0.25000000 0.25000000 0.25000000 0.25000000
G 4
0.38893119 0.20368956 0.20368956 0.20368969
K 4
0.35178599 0.21607144 0.21607144 0.21607113
W 4
0.40739134 0.19753641 0.19753641 0.19753584
S 4
0.25000000 0.25000000 0.25000000 0.25000000
H 4
0.42689766 0.19103399 0.19103399 0.19103435
0 1101.075970 6.219638 
###===
145 0 0 0.000 0 0 0
E 0 4
A B C D 
1 3 3 1 
0.009574 0.941446 
0.208311 0.263896 0.263896 0.263897
A 4
0.25000000 0.25000000 0.25000000 0.25000000
B 4
0.25000000 0.25000000 0.25000000 0.25000000
C 4
0.25000000 0.25000000 0.25000000 0.25000000
D 4
0.25000000 0.25000000 0.25000000 0.25000000
E 4
0.30638363 0.23120546 0.23120546 0.23120546
F 4
0.25000000 0.25000000 0.25000000 0.25000000
G 4
0.38893119 0.20368956 0.20368956 0.20368969
K 4
0.35180237 0.21606598 0.21606598 0.21606567
W 4
0.40739062 0.19753665 0.19753665 0.19753608
S 4
0.25000000 0.25000000 0.25000000 0.25000000
H 4
0.42689766 0.19103399 0.19103399 0.19103435
0 1101.081003 6.219638 
###===
146 0 0 0.000 0 0 0
E 0 4
A B C D 
2 3 3 1 
0.009574 0.941446 
0.881093 0.039636 0.039636 0.039635
A 4
0.25000000 0.25000000 0.25000000 0.25000000
B 4
0.25000000 0.25000000 0.25000000 0.25000000
C 4
0.25000000 0.25000000 0.25000000 0.25000000
D 4
0.25000000 0.25000000 0.25000000 0.25000000
E 4
0.30884884 0.23038372 0.23038372 0.23038372
F 4
0.25000000 0.25000000 0.25000000 0.25000000
G 4
0.38893119 0.20368956 0.20368956 0.20368969
K 4
0.35155447 0.21614861 0.21614861 0.21614830
W 4
0.40740148 0.19753303 0.19753303 0.19753246
S 4
0.25000000 0.25000000 0.25000000 0.25000000
H 4
0.42689766 0.19103399 0.19103399 0.19103435
0 1101.548059 6.219638 
###===
147 0 0 0.000 0 0 0
E 0 4
A B C D 
3 3 3 1 
0.009574 0.941446 
0.913304 0.028899 0.028899 0.028898
A 4
0.25000000 0.25000000 0.25000000 0.25000000
B 4
0.25000000 0.25000000 0.25000000 0.25000000
C 4
0.25000000 0.25000000 0.25000000 0.25000000
D 4
0.25000000 0.25000000 0.25000000 0.25000000
E 4
0.31143987 0.22952005 0.22952005 0.22952004
F 4
0.25000000 0.25000000 0.25000000 0.25000000
G 4
0.38893119 0.20368956 0.20368956 0.20368969
K 4
0.35129392 0.21623546 0.21623546 0.21623515
W 4
0.40741289 0.19752922 0.19752922 0.19752866
S 4
0.25000000 0.25000000 0.25000000 0.25000000
H 4
0.42689766 0.19103399 0.19103399 0.19103435
0 1102.072670 6.219638 
