Gch_comingSoon999
0 1 1 0 0 0 0
N28 
3 
N28 0 0
0.1667 0.6667 
0.1814 0.4093 0.4093 
N28 3
0.1814 0.4093 0.4093 
1 108.3232 12.2209
###===
1 2 1 0 0 0 0
N34 N13
3 2
N13 0 0
0.4594 0.5406 
0.4661 0.5339 
N13 2
0.4661 0.5339 
N28 3
0.1814 0.4093 0.4093
N34 3
0.3333 0.3333 0.3334
1 108.6551 2.092
###===
2 1 1 0 0 0 0
N33 
3 
N34 0 1
N28 
2 
0.1456 0.7088 
0.1935 0.4032 0.4033 
N34 3
0.2761 0.3619 0.362 
N33 3
0.3333 0.3333 0.3334 
N28 3
0.1814 0.4093 0.4093 
N13 2
0.5 0.5
1 111.509 2.092
###===
3 1 7 0 0 0 0
N20 
2 
N20 1 0
0.25 0.75 
0.7167 0.2833 
N34 3
0.2761 0.3619 0.362 
N3 2
0.4661 0.5339 
N20 2
0.7167 0.2833 
N28 3
0.1814 0.4093 0.4093 
7 114.0092 18.0403
1 111.509 2.092
###===
4 1 4 0 0 0 0
N7 
4 
N7 0 1
N3 
1 
0.125 0.625 
0.1724 0.2758 0.2759 0.2759 
N34 3
0.2761 0.3619 0.362 
N3 2
0.4661 0.5339 
N20 2
0.7167 0.2833 
N7 4
0.2086 0.2638 0.2638 0.2638 
N28 3
0.1814 0.4093 0.4093 
7 114.0092 18.0403
1 111.509 2.092
4 101.3411 46.3832
###===
5 1 0 60.4476 0 0 0
N6 
3 
N6 2 0
0.1096 0.7808 
0.1331 0.1331 0.7338 
N34 3
0.2761 0.3619 0.362 
N3 2
0.4661 0.5339 
N20 2
0.7167 0.2833 
N6 3
0.1331 0.1331 0.7338 
N7 4
0.2086 0.2638 0.2638 0.2638 
N28 3
0.1814 0.4093 0.4093 
0 208.728 28.0021
7 114.0092 18.0403
1 111.509 2.092
4 101.3411 46.3832
