1 3
nod2 3 2
nod7 nod26 
2 2 
0.333333333333333310 
0.000325520833333333 0.999348958333333370 
0.28780
0.28780000
===###
2 9
nod23 3 2
nod2 nod1 
3 1 
0.250000000000000000 
0.000244140625000000 0.999267578125000000 
0.35950
0.35950000
===###
3 2
nod16 1 2
nod2 nod13 
2 2 
0.333333333333333310 
0.000325520833333333 0.999348958333333370 
0.28620
0.28620000
===###
4 7
nod5 2 0
0.500000000000000000 
0.000488281250000000 0.999511718750000000 
0.28710
0.28710000
===###
5 3
nod27 3 0
0.333333333333333310 
0.000377022044629759 0.999245955910740500 
0.45110
0.45110000
===###
6 6
nod1 2 2
nod21 nod2 
4 2 
0.500000000000000000 
0.000488281250000000 0.999511718750000000 
0.31740
0.31740000
===###
7 2
nod30 3 2
nod13 nod5 
2 1 
0.333333333333333310 
0.000379129784921190 0.999241740430157570 
0.27950
0.27950000
===###
8 9
nod2 2 0
0.336179166666666750 
0.000328299967447917 0.999240910383428440 
0.39730
0.39730000
===###
9 10
nod24 2 2
nod21 nod1 
4 2 
0.250000000000000000 
0.000244140625000000 0.999267578125000000 
0.41780
0.41780000
===###
10 8
nod26 1 2
nod2 nod13 
2 1 
0.247883692971258040 
0.000242073918917244 0.999265511418917280 
0.41870
0.41870000
===###
11 2
nod12 1 1
nod18 
1 
0.500000000000000000 
0.000678228595565634 0.999321771404434340 
0.28190
0.28190000
===###
12 8
nod2 2 2
nod21 nod8 
3 1 
0.397300000000000150 
0.000501999506733492 0.999411425781249970 
0.58640
0.58640000
===###
13 9
nod7 1 2
nod2 nod26 
2 4 
0.500000000000000000 
0.000413163815061561 0.999586836184938490 
0.54900
0.54900000
===###
14 3
nod21 1 2
nod2 nod1 
3 2 
0.260205072854830020 
0.000357453265041951 0.998983716538389580 
0.34300
0.34300000
===###
15 8
nod30 3 2
nod2 nod16 
2 3 
0.313489274505400710 
0.000396102343740125 0.999132574765755010 
0.30770
0.30770000
===###
16 7
nod25 4 0
0.250000000000000000 
0.000425183951584814 0.998724448145245520 
0.05740
0.05740000
===###
17 3
nod16 1 2
nod28 nod30 
3 2 
0.322739938626946830 
0.000499231753466889 0.998952377169584850 
0.08990
0.08990000
===###
18 6
nod12 1 1
nod13 
1 
0.427300000000000120 
0.000657349017407057 0.999118970788043460 
0.66530
0.66530000
===###
19 9
nod26 2 2
nod23 nod7 
3 1 
0.236748702875518500 
0.000254646281241919 0.999179048915135870 
0.38050
0.38050000
===###
20 7
nod6 1 1
nod15 
2 
0.333333333333333310 
0.002469128638703912 0.995061742722592180 
0.60800
0.60800000
===###
21 9
nod28 3 2
nod2 nod16 
3 3 
0.358542099019485640 
0.000475134019627910 0.999149950670371930 
0.11820
0.11820000
===###
22 3
nod13 1 1
nod12 
1 
0.607783700486278720 
0.003375138181561290 0.997821948487825020 
0.31470
0.31470000
===###
23 2
nod12 1 1
nod18 
2 
0.617149914844818850 
0.000837137439997304 0.999480680248866050 
0.85920
0.85920000
===###
24 9
nod2 2 0
0.421317404366400530 
0.000428931473949097 0.997673842743214020 
0.63850
0.63850000
===###
25 1
nod15 2 1
nod6 
1 
0.378109452736318410 
0.000369247512437811 0.999392685012437830 
0.20940
0.20940000
===###
26 3
nod13 2 2
nod26 nod2 
3 1 
0.664573513266605630 
0.002829773024471397 0.997241593716967970 
0.81670
0.81670000
===###
27 3
nod16 2 0
0.356503804615652680 
0.001494400200228507 0.990316290515791510 
0.19290
0.19290000
===###
28 7
nod18 2 1
nod12 
2 
0.131159833863895630 
0.001652298479800979 0.989054703384372850 
0.26630
0.26630000
===###
29 4
nod8 2 0
0.489364228848673200 
0.000477894754735032 0.999501332254735030 
0.67030
0.67030000
===###
30 2
nod8 1 1
nod15 
3 
0.329700000000000160 
0.001216049161568664 0.997527698656355820 
0.15650
0.15650000
===###
31 2
nod18 2 1
nod12 
1 
0.470975417216112750 
0.000966730325159935 0.997318600776010870 
0.75430
0.75430000
===###
32 10
nod30 1 0
0.350504839435474280 
0.000440943682060981 0.999182919162995400 
0.59140
0.59140000
===###
33 8
nod23 4 2
nod26 nod7 
3 2 
0.246382406413143460 
0.000350614923521182 0.998927563137375190 
0.09070
0.09070000
===###
34 9
nod1 1 2
nod21 nod2 
2 1 
0.500000000000000000 
0.001060664647631916 0.998939335352368120 
0.79080
0.79080000
===###
35 3
nod23 2 2
nod7 nod26 
2 3 
0.297280111369441660 
0.003566812332963481 0.991568659087754050 
0.05370
0.05370000
===###
36 7
nod21 2 2
nod8 nod15 
1 1 
0.237179295401524850 
0.002080477948319507 0.993308725992494530 
0.37420
0.37420000
===###
37 6
nod1 2 0
0.457287029221791370 
0.001203714463678559 0.999093136932430510 
0.21440
0.21440000
===###
38 2
nod2 1 0
0.196248396569658340 
0.001838879723628341 0.991228413000739940 
0.14660
0.14660000
===###
39 2
nod30 3 2
nod28 nod5 
1 1 
0.185767531758183310 
0.002330178359199237 0.991436114797965010 
0.43890
0.43890000
===###
40 8
nod26 2 2
nod7 nod2 
1 3 
0.299466201509281490 
0.000426155912948151 0.999003104126802150 
0.10100
0.10100000
===###
41 4
nod23 3 0
0.282012162313498850 
0.000426540397689325 0.998914051027762210 
0.12550
0.12550000
===###
42 7
nod23 3 1
nod25 
3 
0.125499999999999940 
0.000342025474286148 0.997616722890332760 
0.17940
0.17940000
===###
43 9
nod2 3 1
nod23 
2 
0.173798311546101540 
0.001062899521628008 0.996600020867573930 
0.22120
0.22120000
===###
44 7
nod30 3 2
nod28 nod31 
1 2 
0.374799625176249760 
0.005591240382962969 0.990673294879859330 
0.63920
0.63920000
===###
45 9
nod15 3 1
nod6 
3 
0.278561209377980960 
0.001792467990743215 0.995357731457448660 
0.06810
0.06810000
===###
46 4
nod1 2 2
nod2 nod21 
3 3 
0.237472740584807520 
0.000807105316409703 0.997408377047968920 
0.05810
0.05810000
===###
47 8
nod23 4 1
nod25 
4 
0.281391730072872990 
0.001187294550745198 0.996967929076011060 
0.11880
0.11880000
===###
48 8
nod16 1 2
nod31 nod28 
2 3 
0.352484648093041470 
0.003522753383015208 0.993528691508055670 
0.24170
0.24170000
===###
49 6
nod5 1 2
nod28 nod31 
2 1 
0.716849306508318240 
0.004024635627434735 0.998410295778187740 
0.65640
0.65640000
===###
50 8
nod7 1 0
0.513185533078072130 
0.007479627938623261 0.993499525910319540 
0.52510
0.52510000
===###
51 1
nod23 2 0
0.270350825512913340 
0.000476725739284393 0.998713366081033120 
0.35810
0.35810000
===###
52 6
nod15 4 2
nod1 nod2 
1 3 
0.295031491989157790 
0.000371935740579604 0.999111271199069280 
0.22470
0.22470000
===###
53 2
nod7 2 0
0.469275202541075410 
0.007162393446308099 0.991899721548188400 
0.44250
0.44250000
===###
54 7
nod2 3 2
nod21 nod1 
4 2 
0.267341676937661420 
0.006910800962088369 0.981060731338638580 
0.42220
0.42220000
===###
55 10
nod12 2 1
nod18 
1 
0.741765019611484440 
0.001483313712885239 0.999483605350172000 
0.86590
0.86590000
===###
56 6
nod28 1 2
nod16 nod31 
3 1 
0.348059396848145460 
0.001954123741629422 0.996002706614234850 
0.64480
0.64480000
===###
57 6
nod6 3 1
nod15 
2 
0.322153152220415070 
0.003625396015129668 0.992371754726376400 
0.35340
0.35340000
===###
58 7
nod23 3 2
nod21 nod2 
2 3 
0.146859740323989050 
0.003796334512256874 0.977946264888807090 
0.34830
0.34830000
===###
59 4
nod2 1 2
nod7 nod26 
1 4 
0.133160778785207740 
0.000452577303104883 0.987958166197678070 
0.04740
0.04740000
===###
60 2
nod12 1 1
nod18 
2 
0.828019500811821410 
0.001573947983859944 0.998017995792296330 
0.71840
0.71840000
===###
61 6
nod12 2 0
0.460085092871509390 
0.005427840914261912 0.996277430659219810 
0.34860
0.34860000
===###
62 9
nod12 2 1
nod2 
2 
0.348887371245745430 
0.000958706761009385 0.998210809187112690 
0.21180
0.21180000
===###
63 7
nod26 3 2
nod2 nod7 
1 2 
0.209804366104459660 
0.006877018442331235 0.974098775691619180 
0.11960
0.11960000
===###
64 1
nod25 3 1
nod23 
2 
0.296726888746955190 
0.000395021908415108 0.999063757626693860 
0.24850
0.24850000
===###
65 7
nod23 3 1
nod25 
4 
0.137754704075381870 
0.007920916726122766 0.950420762526028810 
0.32590
0.32590000
===###
66 7
nod7 2 2
nod26 nod23 
4 3 
0.465464676253587670 
0.006449031128549657 0.992593992373608350 
0.69360
0.69360000
===###
67 4
nod2 1 0
0.130190788297026570 
0.001243067423134324 0.987916908106237450 
0.16120
0.16120000
===###
68 4
nod12 1 1
nod18 
1 
0.271172559449358250 
0.003906298229486621 0.989501086148224630 
0.29930
0.29930000
===###
69 5
nod24 1 2
nod21 nod1 
1 1 
0.250000000000000000 
0.000244140625000000 0.999267578125000000 
0.33060
0.33060000
===###
70 8
nod2 3 2
nod1 nod21 
2 3 
0.050246404203116941 
0.000715719688998269 0.986999687005562400 
0.01160
0.01160000
===###
71 4
nod26 4 2
nod27 nod13 
3 2 
0.256850306868024570 
0.003848507556171611 0.988865042661387310 
0.43980
0.43980000
===###
72 1
nod21 3 2
nod1 nod2 
1 3 
0.266116658031223920 
0.000533408192280847 0.998528993300604850 
0.51410
0.51410000
===###
73 8
nod2 1 2
nod27 nod30 
1 1 
0.161970869309138790 
0.002217071887191134 0.948293625104349000 
0.19730
0.19730000
===###
74 10
nod25 4 0
0.060286897159408777 
0.000232153848977255 0.996381336176881740 
0.02340
0.02340000
===###
75 2
nod21 2 2
nod23 nod1 
4 1 
0.241739753773062920 
0.003912847973189424 0.987726648094527040 
0.15000
0.15000000
===###
76 10
nod18 3 1
nod12 
1 
0.182201029393596810 
0.000938695128256641 0.991886530824106270 
0.47440
0.47440000
===###
77 1
nod15 2 1
nod8 
1 
0.225602062633579380 
0.000682984452626817 0.998701652094718510 
0.39140
0.39140000
===###
78 9
nod7 1 2
nod2 nod23 
1 1 
0.463321740798456120 
0.007799133963080213 0.990966049572005180 
0.38040
0.38040000
===###
79 2
nod2 3 0
0.206449756546664280 
0.003788900125587171 0.979299723588530900 
0.18560
0.18560000
===###
80 9
nod2 2 1
nod25 
3 
0.648182084649992610 
0.002933978030779535 0.990739759884950110 
0.79810
0.79810000
===###
81 5
nod7 1 2
nod27 nod2 
1 1 
0.476081889436888010 
0.000520903480900670 0.999426756670323990 
0.35960
0.35960000
===###
82 10
nod16 3 2
nod28 nod5 
2 1 
0.383215326044356490 
0.005915536026619010 0.990478950836562460 
0.59470
0.59470000
===###
83 1
nod12 1 1
nod13 
1 
0.721426268308530290 
0.002184035550116333 0.999156649875295950 
0.56080
0.56080000
===###
84 2
nod2 2 2
nod23 nod26 
1 4 
0.704937370265326990 
0.008429717799518290 0.995346327979394490 
0.51140
0.51140000
===###
85 2
nod15 4 1
nod6 
1 
0.238618268908930230 
0.002878972159333517 0.980647332651979450 
0.20800
0.20800000
===###
86 1
nod28 3 2
nod27 nod13 
1 2 
0.286117734193063520 
0.000866188729808132 0.997838803054987840 
0.21110
0.21110000
===###
87 4
nod21 3 2
nod2 nod24 
2 2 
0.268127306383436290 
0.001303913753789895 0.996440873985937170 
0.13100
0.13100000
===###
88 10
nod12 2 1
nod2 
3 
0.404655336948889170 
0.003172604823624068 0.986014542792746700 
0.37480
0.37480000
===###
89 8
nod23 2 1
nod2 
3 
0.368045985701140390 
0.010009169041041790 0.959292324429863670 
0.64470
0.64470000
===###
90 5
nod25 1 1
nod23 
2 
0.363633136860212870 
0.000526745736266169 0.999078182107510090 
0.57970
0.57970000
===###
91 6
nod15 3 1
nod6 
1 
0.270925208512221130 
0.004023956371404430 0.988648014966166610 
0.32950
0.32950000
===###
92 2
nod2 1 2
nod15 nod8 
1 1 
0.150018425919826480 
0.001809999182313464 0.991763549521901820 
0.36280
0.36280000
===###
93 5
nod1 1 2
nod21 nod24 
2 1 
0.770495641332505140 
0.001508274450748187 0.999550736510442910 
0.90380
0.90380000
===###
94 1
nod2 1 2
nod28 nod26 
2 1 
0.158288269245262680 
0.000408150467037919 0.996721953739446720 
0.25460
0.25460000
===###
95 10
nod12 1 1
nod18 
1 
0.179922595503827410 
0.004226626887256915 0.994053384572727070 
0.39570
0.39570000
===###
96 6
nod21 3 2
nod24 nod2 
3 3 
0.425427274662126880 
0.004572305870367835 0.993824744200751950 
0.45260
0.45260000
===###
97 2
nod2 2 0
0.648681497036516670 
0.012501174823764456 0.991070247888251930 
0.91460
0.91460000
===###
98 8
nod1 2 2
nod24 nod21 
3 1 
0.267148752712803250 
0.004849160827405846 0.986697622487195390 
0.46120
0.46120000
===###
99 3
nod21 1 0
0.244611983316228520 
0.016247393647727773 0.949826307372802600 
0.39100
0.39100000
===###
100 2
nod23 1 2
nod1 nod2 
1 2 
0.267119312246258510 
0.003122898819352946 0.989982648586737120 
0.46990
0.46990000
===###
