Gch_comingSoon999
0 10 2 0 0 0 0
N1 N2 N6 N8 N12 N13 N15 N21 N23 N24
2 3 3 2 2 2 4 4 4 4
N24 2 0
0.000244 0.999268 
0.013667 0.013667 0.959000 0.013667
N1 2
0.500000 0.500000
N2 3
0.333333 0.333333 0.333333
N6 3
0.333333 0.333333 0.333333
N8 2
0.500000 0.500000
N12 2
0.500000 0.500000
N13 2
0.500000 0.500000
N15 4
0.250000 0.250000 0.250000 0.250000
N21 4
0.250000 0.250000 0.250000 0.250000
N23 4
0.250000 0.250000 0.250000 0.250000
N24 4
0.013667 0.013667 0.959000 0.013667
2 1168.815802 580.680522 
###===
1 0 0 0 0 0 0
N21 0 2
N23 N2 
1 1 
0.000244 0.999268 
0.000251 0.333250 0.333250 0.333250
N1 2
0.500000 0.500000
N2 3
0.333333 0.333333 0.333333
N6 3
0.333333 0.333333 0.333333
N8 2
0.500000 0.500000
N12 2
0.500000 0.500000
N13 2
0.500000 0.500000
N15 4
0.250000 0.250000 0.250000 0.250000
N21 4
0.229188 0.256937 0.256937 0.256937
N23 4
0.250000 0.250000 0.250000 0.250000
N24 4
0.013667 0.013667 0.959000 0.013667
0 1003.433927 3.997498 
2 1168.815802 580.680522 
###===
2 0 5 0 0 0 0
N8 0 0
0.000488 0.999512 
0.000509 0.999491
N1 2
0.500000 0.500000
N2 3
0.333333 0.333333 0.333333
N6 3
0.333333 0.333333 0.333333
N8 2
0.000509 0.999491
N12 2
0.500000 0.500000
N13 2
0.500000 0.500000
N15 4
0.250000 0.250000 0.250000 0.250000
N21 4
0.229188 0.256937 0.256937 0.256937
N23 4
0.250000 0.250000 0.250000 0.250000
N24 4
0.013667 0.013667 0.959000 0.013667
0 1003.433927 3.997498 
2 1168.815802 580.680522 
5 1099.369737 5.995328 
###===
3 0 9 0 0 0 0
N2 2 0
0.000326 0.999349 
0.020800 0.020800 0.958400
N1 2
0.500000 0.500000
N2 3
0.020800 0.020800 0.958400
N6 3
0.333333 0.333333 0.333333
N8 2
0.000509 0.999491
N12 2
0.500000 0.500000
N13 2
0.500000 0.500000
N15 4
0.250000 0.250000 0.250000 0.250000
N21 4
0.248701 0.250433 0.250433 0.250433
N23 4
0.250000 0.250000 0.250000 0.250000
N24 4
0.013667 0.013667 0.959000 0.013667
0 1000.214277 3.997498 
2 1168.815802 580.680522 
5 1099.369737 5.995328 
9 1129.378186 599.768984 
###===
4 0 4 0 0 0 0
N6 1 0
0.000326 0.999349 
0.014500 0.971000 0.014500
N1 2
0.500000 0.500000
N2 3
0.020800 0.020800 0.958400
N6 3
0.014500 0.971000 0.014500
N8 2
0.000509 0.999491
N12 2
0.500000 0.500000
N13 2
0.500000 0.500000
N15 4
0.250000 0.250000 0.250000 0.250000
N21 4
0.248701 0.250433 0.250433 0.250433
N23 4
0.250000 0.250000 0.250000 0.250000
N24 4
0.013667 0.013667 0.959000 0.013667
0 1000.214277 3.997498 
2 1168.815802 580.680522 
4 1136.661065 547.715921 
5 1099.369737 5.995328 
9 1129.378186 599.768984 
###===
5 0 0 0 0 0 0
N21 1 0
0.000245 0.270917 
0.246356 0.257500 0.248072 0.248072
N1 2
0.500000 0.500000
N2 3
0.020800 0.020816 0.958384
N6 3
0.014500 0.971000 0.014500
N8 2
0.000509 0.999491
N12 2
0.500000 0.500000
N13 2
0.500000 0.500000
N15 4
0.250000 0.250000 0.250000 0.250000
N21 4
0.246356 0.257500 0.248072 0.248072
N23 4
0.249996 0.250012 0.249996 0.249996
N24 4
0.013667 0.013667 0.959000 0.013667
0 1000.234036 2.630838 
2 1168.815802 580.680522 
4 1136.661065 547.715921 
5 1099.369737 5.995328 
9 1129.369555 599.768984 
###===
6 0 1 0 0 0 0
N1 1 2
N2 N21 
1 0 
0.000488 0.999512 
0.008500 0.991500
N1 2
0.498101 0.501899
N2 3
0.020800 0.020816 0.958384
N6 3
0.014500 0.971000 0.014500
N8 2
0.000509 0.999491
N12 2
0.500000 0.500000
N13 2
0.500000 0.500000
N15 4
0.250000 0.250000 0.250000 0.250000
N21 4
0.246356 0.257500 0.248072 0.248072
N23 4
0.249996 0.250012 0.249996 0.249996
N24 4
0.013667 0.013667 0.959000 0.013667
0 1000.234036 2.630838 
1 1000.359139 412.167856 
2 1168.815802 580.680522 
4 1136.661065 547.715921 
5 1099.369737 5.995328 
9 1129.369555 599.768984 
###===
7 0 0 0 0 0 0
N21 2 2
N2 N1 
1 1 
0.000223 0.240659 
0.402502 0.304205 0.000226 0.293067
N1 2
0.498101 0.501899
N2 3
0.020800 0.020816 0.958384
N6 3
0.014500 0.971000 0.014500
N8 2
0.000509 0.999491
N12 2
0.500000 0.500000
N13 2
0.500000 0.500000
N15 4
0.250000 0.250000 0.250000 0.250000
N21 4
0.247479 0.258348 0.245285 0.248889
N23 4
0.250111 0.249667 0.250111 0.250111
N24 4
0.013667 0.013667 0.959000 0.013667
0 1000.677080 1.618618 
1 1000.469964 412.167856 
2 1168.815802 580.680522 
4 1136.661065 547.715921 
5 1099.369737 5.995328 
9 1129.369555 599.768984 
###===
8 0 4 0 0 0 0
N24 3 0
0.000307 0.977857 
0.000560 0.000560 0.039280 0.959600
N1 2
0.498101 0.501899
N2 3
0.020800 0.020816 0.958384
N6 3
0.014500 0.971000 0.014500
N8 2
0.000509 0.999491
N12 2
0.500000 0.500000
N13 2
0.500000 0.500000
N15 4
0.250000 0.250000 0.250000 0.250000
N21 4
0.247479 0.258348 0.245285 0.248889
N23 4
0.250111 0.249667 0.250111 0.250111
N24 4
0.000560 0.000560 0.039280 0.959600
0 1000.677080 1.618618 
1 1000.469964 412.167856 
2 604.770416 580.680522 
4 1706.627924 86.751112 
5 1099.369737 5.995328 
9 1129.369555 599.768984 
###===
9 0 3 0 0 0 0
N21 3 0
0.000243 0.999266 
0.006721 0.007017 0.006662 0.979600
N1 2
0.498352 0.501648
N2 3
0.020699 0.025569 0.953733
N6 3
0.014500 0.971000 0.014500
N8 2
0.000509 0.999491
N12 2
0.500000 0.500000
N13 2
0.500000 0.500000
N15 4
0.250000 0.250000 0.250000 0.250000
N21 4
0.006721 0.007017 0.006662 0.979600
N23 4
0.249523 0.251432 0.249523 0.249523
N24 4
0.000560 0.000560 0.039280 0.959600
0 999.530223 1.618618 
1 1000.012764 412.167856 
2 604.770416 580.680522 
3 1183.023857 479.761445 
4 1706.627924 86.751112 
5 1099.369737 5.995328 
9 1126.798992 599.768984 
###===
10 0 4 0 0 0 0
N8 0 0
0.000279 0.452187 
0.000293 0.999707
N1 2
0.498352 0.501648
N2 3
0.020699 0.025569 0.953733
N6 3
0.014500 0.971000 0.014500
N8 2
0.000293 0.999707
N12 2
0.500000 0.500000
N13 2
0.500000 0.500000
N15 4
0.250000 0.250000 0.250000 0.250000
N21 4
0.006721 0.007017 0.006662 0.979600
N23 4
0.249523 0.251432 0.249523 0.249523
N24 4
0.000560 0.000560 0.039280 0.959600
0 999.530223 1.618618 
1 1000.012764 412.167856 
2 604.770416 580.680522 
3 1183.023857 479.761445 
4 1706.635744 7.074613 
5 1099.606026 5.995328 
9 1126.798992 599.768984 
###===
11 0 4 0 0 0 0
N1 1 0
0.477642 0.525497 
0.515206 0.484794
N1 2
0.515206 0.484794
N2 3
0.020701 0.025460 0.953839
N6 3
0.014500 0.971000 0.014500
N8 2
0.000293 0.999707
N12 2
0.500000 0.500000
N13 2
0.500000 0.500000
N15 4
0.250000 0.250000 0.250000 0.250000
N21 4
0.006718 0.007017 0.006665 0.979600
N23 4
0.249524 0.251427 0.249524 0.249524
N24 4
0.000560 0.000560 0.039280 0.959600
0 999.510935 1.618618 
1 1000.012300 412.167856 
2 604.770416 580.680522 
3 1183.024189 479.761445 
4 1706.717719 2.144172 
5 1099.606026 5.995328 
9 1126.857559 599.768984 
