1 8
nod21 4 1
nod8 
2 
0.250000000000000000 
0.000244140625000000 0.999267578125000000 
0.34360
0.34360000
===###
2 8
nod2 3 2
nod21 nod1 
1 1 
0.333333333333333310 
0.000371938794942109 0.999256122410115740 
0.37150
0.37150000
===###
3 5
nod8 1 1
nod21 
1 
0.533276450511945390 
0.000520777783703072 0.999544215283703070 
0.47560
0.47560000
===###
4 7
nod8 1 0
0.471185701736831610 
0.000460142286852375 0.999483579786852430 
0.39940
0.37928438
===###
5 1
nod23 1 2
nod21 nod2 
3 3 
0.250000000000000000 
0.000244140625000000 0.999267578125000000 
0.32580
0.32580000
===###
6 10
nod8 1 0
0.357368351331243560 
0.000348992530596918 0.999372430030596950 
0.28080
0.27612975
===###
7 7
nod1 2 0
0.500000000000000000 
0.000576041921447640 0.999423958078552330 
0.48330
0.48330000
===###
8 9
nod23 2 2
nod21 nod1 
4 1 
0.250000000000000000 
0.000244140625000000 0.999267578125000000 
0.33780
0.33780000
===###
9 7
nod1 2 0
0.483300000000000010 
0.000576041921447640 0.999423958078552330 
0.39020
0.39020000
===###
10 6
nod1 2 2
nod23 nod21 
2 1 
0.390199964168460980 
0.000381054652508263 0.999404492152508260 
0.46520
       NaN
===###
