1 8
D 2 0
0.500000000000000000 
0.000488281250000000 0.999511718750000000 
0.53460
0.53460000
===###
2 3
E 1 0
0.500000000000000000 
0.000488281250000000 0.999511718750000000 
0.71650
0.71650000
===###
3 5
D 2 1
F 
2 
0.568870205379710450 
0.000555537309941123 0.999578974809941180 
0.69140
0.74723428
===###
4 7
E 1 1
D 
2 
0.716500000000000030 
0.000699707031250000 0.999723144531250000 
0.45530
0.45530000
===###
5 3
D 2 1
F 
2 
0.869205847956718960 
0.001497061438968666 0.999774728987469550 
0.77130
0.94457715
===###
6 1
E 2 0
0.531136841698258480 
0.000518688321970956 0.999542125821970990 
0.69090
0.70177207
===###
7 3
D 2 1
F 
1 
0.997696185680509110 
0.001718364517334431 0.999996032065835320 
0.75270
0.99917882
===###
8 7
E 2 1
D 
1 
0.438427944063306600 
0.000428152289124323 0.999451589789124300 
0.63980
0.63980000
===###
9 10
D 2 1
E 
2 
0.999999893327181980 
0.000976562395827326 0.999999999895827330 
0.94260
0.99999999
===###
10 10
D 1 0
0.000000004920422417 
0.000000000004805100 0.998963969455737070 
0.17800
0.00000000
===###
