1 10
nod23 2 0
0.250000000000000000 
0.000244140625000000 0.999267578125000000 
0.34830 
===###
2 7
nod23 2 2
nod2 nod21 
2 3 
0.348299999999999940 
0.000340136718750000 0.999363574218749990 
0.27350 
===###
3 8
nod21 4 2
nod1 nod2 
2 2 
0.250000000000000000 
0.000244140625000000 0.999267578125000000 
0.48590 
===###
4 5
nod1 1 0
0.500000000000000000 
0.000488281250000000 0.999511718750000000 
0.84390 
===###
5 10
nod21 4 2
nod2 nod23 
2 4 
0.281658383245744990 
0.000316545590250602 0.999192682041071480 
0.87550 
===###
6 2
nod23 3 2
nod2 nod1 
2 1 
0.234570243402771690 
0.000229072503323019 0.999252510003323050 
0.89210 
===###
7 1
nod21 3 2
nod2 nod23 
1 4 
0.236621696854598130 
0.000231075875834568 0.999254513375834600 
0.92470 
===###
8 3
nod23 1 2
nod1 nod21 
1 4 
0.172649480261169020 
0.000168603008067548 0.999192040508067540 
0.03890 
===###
9 4
nod1 1 2
nod23 nod2 
1 3 
0.808825202557928110 
0.000789868361872977 0.999813305861873000 
0.11870 
===###
10 7
nod2 3 0
0.329995465057785880 
0.000322261196345494 0.999166752672530630 
0.02230 
===###
