Gch_comingSoon999
0 7 6 0 0 0 0
N1 N2 N6 N8 N15 N21 N23
2 3 3 2 4 4 4
N23 1 2
N2 N1 
1 1 
0.000244 0.999268 
0.229600 0.311200 0.229600 0.229600
N1 2
0.500000 0.500000
N2 3
0.333333 0.333333 0.333333
N6 3
0.333333 0.333333 0.333333
N8 2
0.500000 0.500000
N15 4
0.250000 0.250000 0.250000 0.250000
N21 4
0.250000 0.250000 0.250000 0.250000
N23 4
0.246600 0.260200 0.246600 0.246600
6 1000.228734 987.719455 
###===
1 0 3 0 0 0 0
N23 3 0
0.000241 0.999264 
0.040849 0.043102 0.040849 0.875200
N1 2
0.505752 0.494248
N2 3
0.337168 0.325664 0.337168
N6 3
0.333333 0.333333 0.333333
N8 2
0.500000 0.500000
N15 4
0.250000 0.250000 0.250000 0.250000
N21 4
0.250000 0.250000 0.250000 0.250000
N23 4
0.040849 0.043102 0.040849 0.875200
3 1127.566943 740.620190 
6 998.447901 987.719455 
###===
2 0 8 0 0 0 0
N2 0 2
N23 N21 
3 0 
0.000330 0.999353 
0.640100 0.176203 0.183697
N1 2
0.505063 0.494937
N2 3
0.403283 0.293295 0.303422
N6 3
0.333333 0.333333 0.333333
N8 2
0.500000 0.500000
N15 4
0.250000 0.250000 0.250000 0.250000
N21 4
0.250000 0.250000 0.250000 0.250000
N23 4
0.040849 0.043102 0.040849 0.875200
3 1127.566943 740.620190 
6 998.638202 987.719455 
8 1005.982184 912.061053 
###===
3 0 8 0 0 0 0
N21 0 0
0.000449 0.999268 
0.519600 0.160133 0.160133 0.160133
N1 2
0.504321 0.495679
N2 3
0.474581 0.258388 0.267030
N6 3
0.333333 0.333333 0.333333
N8 2
0.500000 0.500000
N15 4
0.250000 0.250000 0.250000 0.250000
N21 4
0.519600 0.160133 0.160133 0.160133
N23 4
0.040849 0.043102 0.040849 0.875200
3 1127.566943 740.620190 
6 998.843422 987.719455 
8 1036.402647 935.734556 
###===
4 0 6 0 0 0 0
N6 0 0
0.000354 0.999291 
0.915400 0.042300 0.042300
N1 2
0.504321 0.495679
N2 3
0.474581 0.258388 0.267030
N6 3
0.915400 0.042300 0.042300
N8 2
0.500000 0.500000
N15 4
0.250000 0.250000 0.250000 0.250000
N21 4
0.519600 0.160133 0.160133 0.160133
N23 4
0.040849 0.043102 0.040849 0.875200
3 1127.566943 740.620190 
6 1107.061301 689.895852 
8 1036.402647 935.734556 
###===
5 0 6 0 0 0 0
N21 1 1
N8 
1 
0.001342 0.992963 
0.534778 0.135600 0.164811 0.164811
N1 2
0.504300 0.495700
N2 3
0.476588 0.257406 0.266006
N6 3
0.915400 0.042300 0.042300
N8 2
0.500000 0.500000
N15 4
0.250000 0.250000 0.250000 0.250000
N21 4
0.527189 0.147867 0.162472 0.162472
N23 4
0.040849 0.043102 0.040849 0.875200
3 1127.566943 740.620190 
6 1107.235749 665.904205 
8 1037.872954 935.734556 
###===
6 0 7 0 0 0 0
N2 0 0
0.000465 0.999489 
0.069400 0.457655 0.472945
N1 2
0.507645 0.492355
N2 3
0.069400 0.457655 0.472945
N6 3
0.915400 0.042300 0.042300
N8 2
0.501638 0.498362
N15 4
0.250000 0.250000 0.250000 0.250000
N21 4
0.419587 0.181518 0.199448 0.199448
N23 4
0.050095 0.054100 0.050095 0.845710
3 1114.528881 740.620190 
6 1105.899395 665.904205 
7 1057.968426 722.026423 
8 984.986038 935.734556 
###===
7 0 5 0 0 0 0
N21 1 0
0.000177 0.999201 
0.315479 0.384600 0.149961 0.149961
N1 2
0.507815 0.492185
N2 3
0.062104 0.461133 0.476763
N6 3
0.915400 0.042300 0.042300
N8 2
0.511523 0.488477
N15 4
0.250000 0.250000 0.250000 0.250000
N21 4
0.315479 0.384600 0.149961 0.149961
N23 4
0.047790 0.051612 0.047790 0.852808
3 1117.666695 740.620190 
5 1016.342435 958.857411 
6 1103.187403 665.904205 
7 1060.602180 722.026423 
8 972.765754 935.734556 
###===
8 0 0 0 0 0 0
N8 0 1
N15 
3 
0.000500 0.999523 
0.537800 0.462200
N1 2
0.507816 0.492184
N2 3
0.062093 0.461138 0.476769
N6 3
0.915400 0.042300 0.042300
N8 2
0.518093 0.481907
N15 4
0.250000 0.250000 0.250000 0.250000
N21 4
0.315323 0.384903 0.149887 0.149887
N23 4
0.047787 0.051608 0.047787 0.852818
0 1000.049896 992.022761 
3 1117.671375 740.620190 
5 1016.387708 958.857411 
6 1103.226790 665.904205 
7 1060.606108 722.026423 
8 972.747528 935.734556 
###===
9 0 1 0 0 0 0
N23 0 0
0.000047 0.999070 
0.155500 0.045770 0.042381 0.756349
N1 2
0.508062 0.491938
N2 3
0.059608 0.462134 0.478258
N6 3
0.915400 0.042300 0.042300
N8 2
0.517783 0.482217
N15 4
0.250002 0.250002 0.250002 0.249994
N21 4
0.326635 0.378544 0.147411 0.147411
N23 4
0.155500 0.045770 0.042381 0.756349
0 1000.048725 992.022761 
1 1011.843957 982.681310 
3 1075.019874 740.620190 
5 1015.437251 958.857411 
6 1103.233567 665.904205 
7 1061.503126 722.026423 
8 976.538556 935.734556 
