1 10
nod13 1 1
nod12 
2 
0.500000000000000000 
0.000488281250000000 0.999511718750000000 
0.43940
0.43940000
===###
2 6
nod15 3 1
nod6 
3 
0.250000000000000000 
0.000244140625000000 0.999267578125000000 
0.31650
0.31650000
===###
3 7
nod12 2 0
0.500000000000000000 
0.000488281250000000 0.999511718750000000 
0.25820
0.25820000
===###
4 5
nod8 2 0
0.500000000000000000 
0.000488281250000000 0.999511718750000000 
0.48080
0.48080000
===###
5 8
nod2 1 0
0.333333333333333310 
0.000325520833333333 0.999348958333333370 
0.43060
0.43060000
===###
6 10
nod2 2 0
0.284699999999999900 
0.000316371579142012 0.999205126130803370 
0.39210
0.39210000
===###
7 5
nod2 1 2
nod1 nod15 
2 2 
0.365946791555990300 
0.000371640925154843 0.999356080920995150 
0.30080
0.30080000
===###
8 5
nod1 2 2
nod21 nod23 
1 2 
0.500000000000000000 
0.000617754197398343 0.999492219997920150 
0.52450
0.52450000
===###
9 10
nod6 1 0
0.333333333333333370 
0.000435857799636251 0.999128284400727540 
0.41900
0.41900000
===###
10 9
nod15 2 1
nod8 
1 
0.243560583333333330 
0.000237852132161458 0.999261289632161430 
0.34070
0.34070000
===###
11 2
nod13 1 0
0.484353080000000050 
0.000473001054687500 0.999496438554687510 
0.36210
0.36210000
===###
12 7
nod24 3 2
nod1 nod21 
1 3 
0.250000000000000000 
0.000472774254453912 0.998581677236638270 
0.28120
0.28120000
===###
13 8
nod21 4 2
nod1 nod23 
2 4 
0.250000000000000000 
0.000285845480622878 0.999142463558131410 
0.00840
0.00840000
===###
14 4
nod21 4 2
nod15 nod8 
4 2 
0.219799999999999970 
0.000214648437500000 0.999238085937499960 
0.12450
0.12450000
===###
15 7
nod1 2 2
nod21 nod2 
1 2 
0.532553832050078780 
0.001007110963616200 0.999116013945800520 
0.57780
0.57780000
===###
16 6
nod12 1 1
nod13 
2 
0.719290633986527150 
0.000770774242595977 0.999699198712237560 
0.65820
0.65820000
===###
17 5
nod2 2 2
nod1 nod21 
2 2 
0.403777140539908990 
0.000410059914526316 0.999263361651967390 
0.42130
0.42130000
===###
18 5
nod2 3 1
nod12 
1 
0.244615538688987060 
0.000261221616707175 0.999038456606688000 
0.28200
0.28200000
===###
19 3
nod1 2 2
nod21 nod2 
1 2 
0.577800000000000090 
0.000564257812500000 0.999587695312500020 
0.78520
0.78520000
===###
20 9
nod2 2 2
nod24 nod1 
4 2 
0.423818569323804020 
0.000474866026455319 0.999354419541033550 
0.67850
0.67850000
===###
21 2
nod6 1 1
nod8 
2 
0.419027644648027050 
0.000547364037176846 0.999241092138012270 
0.69550
0.69550000
===###
22 8
nod21 2 2
nod23 nod2 
2 3 
0.251533422336137900 
0.000287598768001563 0.999144216845510020 
0.23400
0.23400000
===###
23 4
nod15 4 2
nod1 nod21 
1 2 
0.239804956631243460 
0.000234184527960199 0.999257622027960200 
0.10630
0.10630000
===###
24 5
nod24 4 0
0.248684273815738990 
0.000333037215192366 0.998993840288573960 
0.13620
0.13620000
===###
25 10
nod13 2 0
0.637939080732271790 
0.000841139333141178 0.999456774266415440 
0.50010
0.50010000
===###
26 7
nod23 1 2
nod21 nod1 
3 2 
0.231040786655221680 
0.000436920542637471 0.998545823524821800 
0.24100
0.24100000
===###
27 2
nod23 4 2
nod1 nod21 
1 2 
0.251174741754528700 
0.000626004880953217 0.998133696631403940 
0.15670
0.15670000
===###
28 7
nod15 4 1
nod8 
1 
0.196561978923217700 
0.000411553880042563 0.998317792501076550 
0.21240
0.21240000
===###
29 9
nod21 2 2
nod24 nod2 
4 2 
0.263936593436320750 
0.000295726828489908 0.999175280343068240 
0.15160
0.15160000
===###
30 4
nod24 1 0
0.285917600385942990 
0.000629891611306630 0.998426838667184290 
0.18800
0.18800000
===###
31 6
nod8 1 1
nod15 
4 
0.503660326510644960 
0.000589803109528844 0.999418769620321950 
0.29260
0.29260000
===###
32 10
nod8 1 2
nod21 nod1 
3 1 
0.460008829155815040 
0.000773708297930766 0.999091766020103970 
0.73660
0.73660000
===###
33 6
nod12 1 1
nod13 
2 
0.657792773797218120 
0.001325933777892014 0.999481605685497270 
0.83790
0.83790000
===###
34 2
nod21 1 0
0.270955063805214670 
0.000675303540778883 0.997087519537382510 
0.45580
0.45580000
===###
35 1
nod1 2 2
nod24 nod2 
1 1 
0.496302708892175090 
0.000484670614152515 0.999508108114152470 
0.43470
0.43470000
===###
36 4
nod21 3 2
nod1 nod24 
2 3 
0.187681008091368370 
0.000161180563784287 0.998768378428664950 
0.37980
0.37980000
===###
37 3
nod1 1 2
nod21 nod2 
4 3 
0.598956911480827970 
0.000584918858867996 0.999608356358868020 
0.56280
0.56280000
===###
38 1
nod6 2 1
nod8 
2 
0.152434928153600820 
0.000169957971581551 0.999055003717722490 
0.02910
0.02910000
===###
39 7
nod6 1 1
nod8 
2 
0.797584041637073080 
0.001669950662859320 0.999576189283893360 
0.57360
0.57360000
===###
40 7
nod21 4 2
nod2 nod1 
3 2 
0.129265055635793490 
0.000339908684246316 0.997680317074236770 
0.23430
0.23430000
===###
41 7
nod8 1 1
nod15 
2 
0.623048330784475520 
0.001384749046890262 0.998858027489986640 
0.46080
0.46080000
===###
42 10
nod8 2 2
nod21 nod1 
2 2 
0.585949871784049340 
0.000985533862040780 0.999303591584214000 
0.41810
0.41810000
===###
43 2
nod6 1 0
0.502355449598644420 
0.001409118220241738 0.997336677636214590 
0.40700
0.40700000
===###
44 7
nod24 2 2
nod21 nod2 
1 2 
0.312434829389531320 
0.000909607305507996 0.997998256777510530 
0.43600
0.43600000
===###
45 5
nod15 3 1
nod8 
2 
0.235529062485211240 
0.000483152679756851 0.998130710189974900 
0.13230
0.13230000
===###
46 4
nod15 4 1
nod8 
2 
0.306633979844978980 
0.000915541533215948 0.998970217188165590 
0.52400
0.52400000
===###
47 6
nod2 2 2
nod23 nod21 
3 3 
0.412186103963545210 
0.001318167383169333 0.998120176547248490 
0.51400
0.51400000
===###
48 8
nod13 2 1
nod2 
1 
0.499206573910065230 
0.011231707414397045 0.988732589811790130 
0.49510
0.49510000
===###
49 6
nod2 2 1
nod12 
1 
0.407655537187292080 
0.000751933708816644 0.998678509269322890 
0.31090
0.31090000
===###
50 4
nod15 2 1
nod8 
2 
0.226930962252954890 
0.000490944547061233 0.998327535278501490 
0.18080
0.18080000
===###
51 6
nod13 1 0
0.501423878457964100 
0.001212729226819309 0.998071532744327920 
0.22400
0.22400000
===###
52 2
nod2 1 2
nod8 nod21 
1 3 
0.367442785135750740 
0.000793662348145661 0.998633700633691390 
0.65900
0.65900000
===###
53 10
nod13 2 0
0.775976378149406340 
0.002675657229430288 0.999500929498388540 
0.97720
0.97720000
===###
54 7
nod23 1 2
nod1 nod2 
1 1 
0.259412930536496720 
0.000711747479374437 0.997968062043561920 
0.25070
0.25070000
===###
55 1
nod23 4 0
0.251763997049626990 
0.001470422620474851 0.995629942497397450 
0.45870
0.45870000
===###
56 9
nod15 3 1
nod6 
2 
0.227921666986835390 
0.000457672704142299 0.998449646393204770 
0.34010
0.34010000
===###
57 10
nod13 2 0
0.977196370356638870 
0.002675647291156138 0.999500850048917870 
0.74300
0.74300000
===###
58 5
nod2 3 0
0.276894922273184190 
0.000961160550516644 0.997359258079746790 
0.01490
0.01490000
===###
59 5
nod23 2 2
nod2 nod1 
2 1 
0.187435289017594850 
0.000502454801587184 0.997928503924328080 
0.37760
0.37760000
===###
60 3
nod23 2 0
0.205123304114890740 
0.000393730446005854 0.998474248660624060 
0.38640
0.38640000
===###
61 5
nod23 3 2
nod1 nod2 
2 3 
0.141281679858726580 
0.008929582967827317 0.945725472026080480 
0.04120
0.04120000
===###
62 1
nod2 3 1
nod13 
1 
0.014254751645936169 
0.000100797967314419 0.992041818920701200 
0.29350
0.29350000
===###
63 7
nod2 3 2
nod21 nod24 
1 4 
0.072635938956016416 
0.000217200091953663 0.996708608645434310 
0.36080
0.36080000
===###
64 9
nod15 1 0
0.203320811238774410 
0.000477677152660340 0.998128300570155110 
0.34790
0.34790000
===###
65 5
nod15 2 2
nod2 nod1 
1 2 
0.158100529519728170 
0.000262784563716734 0.997788731218597010 
0.42220
0.42220000
===###
66 7
nod6 1 0
0.412008214950322030 
0.002121527341516805 0.996996672850930740 
0.37340
0.37340000
===###
67 7
nod8 2 0
0.478069276985092770 
0.002716221323682498 0.997058452895958070 
0.20200
0.20200000
===###
68 6
nod21 4 2
nod1 nod2 
1 3 
0.143023576708574770 
0.000590542062880374 0.995720277050614280 
0.43130
0.43130000
===###
69 1
nod6 2 1
nod15 
4 
0.196501701547537290 
0.002213441080404291 0.998272193471699490 
0.35280
0.35280000
===###
70 3
nod2 3 0
0.100555635769594670 
0.000135382448725479 0.997763480372525050 
0.34830
0.34830000
===###
71 3
nod2 3 2
nod21 nod1 
2 2 
0.308975407025750880 
0.000112847336172515 0.998793479946385450 
0.26400
0.26400000
===###
72 1
nod13 2 1
nod12 
1 
0.578504411824258940 
0.004670418520563918 0.995252175209018990 
0.75680
0.75680000
===###
73 6
nod1 1 2
nod8 nod2 
1 1 
0.524858971045519370 
0.002621135100715140 0.997627155297923900 
0.69610
0.69610000
===###
74 10
nod2 2 2
nod23 nod21 
2 3 
0.268089480628228570 
0.000595736714753572 0.997364287485160480 
0.42730
0.42730000
===###
75 2
nod2 3 2
nod8 nod1 
1 2 
0.259587467082599170 
0.001040100269139611 0.997033357259436980 
0.26640
0.26640000
===###
76 3
nod6 1 0
0.317445888763948910 
0.001089418384044513 0.997657594496558000 
0.04960
0.04960000
===###
77 6
nod8 1 1
nod6 
2 
0.934317164972753970 
0.006648293724462739 0.999738303356980660 
0.95660
0.95660000
===###
78 1
nod2 3 2
nod15 nod21 
4 2 
0.210051970953084810 
0.000827287798224081 0.991410510127546440 
0.16010
0.16010000
===###
79 5
nod15 2 1
nod6 
1 
0.270376015915545610 
0.027642131325271376 0.841863157737891890 
0.41290
0.41290000
===###
80 3
nod2 1 0
0.429390454843545490 
0.004798234370867824 0.987467086116840310 
0.52310
0.52310000
===###
81 6
nod15 2 2
nod1 nod2 
2 1 
0.450043023967041990 
0.002041405256126984 0.995705947690195380 
0.32160
0.32160000
===###
82 9
nod15 1 1
nod8 
1 
0.360435216706536500 
0.000494888381819175 0.998164279956694880 
0.46720
0.46720000
===###
83 4
nod13 2 0
0.741968984384092200 
0.002485957654857657 0.999135470360673410 
0.69370
0.69370000
===###
84 8
nod12 2 0
0.187461982573977700 
0.006379185774687642 0.972349961891011750 
0.41260
0.41260000
===###
85 6
nod1 2 2
nod21 nod8 
4 2 
0.314368717015493740 
0.001455447397099916 0.997025715927733700 
0.56140
0.56140000
===###
86 10
nod6 3 1
nod8 
1 
0.455722444115825910 
0.001023058304855975 0.998778142966440190 
0.51590
0.51590000
===###
87 6
nod23 3 2
nod2 nod1 
2 1 
0.092359348524271856 
0.000626317690927120 0.993845004256667440 
0.02480
0.02480000
===###
88 5
nod1 1 2
nod24 nod21 
2 1 
0.429262286914200040 
0.016392964187366427 0.928921136218951450 
0.67800
0.67800000
===###
89 5
nod21 4 0
0.186183352574564090 
0.048675081528655267 0.780796466012274260 
0.18720
0.18720000
===###
90 4
nod2 2 2
nod1 nod23 
2 1 
0.320812241178224930 
0.000931749144425753 0.998027405030236790 
0.05150
0.05150000
===###
91 6
nod2 3 2
nod1 nod21 
1 4 
0.443091786359399940 
0.000759911593588766 0.985935424740898130 
0.49400
0.49400000
===###
92 1
nod21 3 2
nod1 nod15 
1 2 
0.258760737779653860 
0.004424584447820498 0.987325450762445820 
0.21780
0.21780000
===###
93 3
nod24 2 2
nod2 nod1 
1 2 
0.311466015665102960 
0.002856981345290677 0.993684290902033470 
0.04480
0.04480000
===###
94 5
nod2 2 2
nod1 nod23 
2 3 
0.450844511205136080 
0.001430154115209207 0.851898592701044400 
0.24830
0.24830000
===###
95 10
nod2 2 1
nod13 
2 
0.293642269229288100 
0.000652519003630836 0.996749160274234320 
0.01120
0.01120000
===###
96 2
nod15 4 2
nod2 nod8 
3 2 
0.407914128302672150 
0.001832051973714225 0.997340783232086190 
0.51930
0.51930000
===###
97 7
nod13 1 0
0.372105194384460820 
0.005003564671485610 0.991556924455235580 
0.34050
0.34050000
===###
98 7
nod24 4 0
0.162440643228723790 
0.002387025737658270 0.991516706340026200 
0.31110
0.31110000
===###
99 8
nod2 3 2
nod1 nod23 
1 2 
0.256456550055566670 
0.000436008250592758 0.998823999729629650 
0.45350
0.45350000
===###
100 4
nod1 1 2
nod15 nod2 
1 3 
0.613449286640344590 
0.001339552516780589 0.999155912326868730 
0.83720
0.83720000
===###
