1 4
nod12 1 0
0.500000000000000000 
0.000488281250000000 0.999511718750000000 
0.48930
0.48930000
===###
2 7
nod13 2 2
nod27 nod30 
2 1 
0.500000000000000000 
0.000488281250000000 0.999511718750000000 
0.28350
0.28350000
===###
3 1
nod18 1 1
nod12 
2 
0.333333333333333310 
0.000325520833333333 0.999348958333333370 
0.21100
0.21100000
===###
4 5
nod12 2 0
0.510700000000000150 
0.000498730468750000 0.999522167968750040 
0.33190
0.33190000
===###
5 5
nod13 1 0
0.524055555555555610 
0.000787473554905887 0.999284820741558440 
0.67820
0.67820000
===###
6 1
nod25 1 0
0.250000000000000000 
0.000385688191153238 0.998842935426540230 
0.01550
0.01550000
===###
7 1
nod27 1 1
nod26 
4 
0.328377822587396170 
0.008171061187649797 0.983287952080989290 
0.21650
0.21650000
===###
8 3
nod31 1 0
0.500000000000000000 
0.000488281250000000 0.999511718750000000 
0.58670
0.58670000
===###
9 6
nod15 4 1
nod21 
4 
0.250000000000000000 
0.000244140625000000 0.999267578125000000 
0.30530
0.30530000
===###
10 7
nod26 1 1
nod30 
1 
0.249699743721952920 
0.000430065971743333 0.998707733520244220 
0.16730
0.16730000
===###
11 10
nod2 2 2
nod24 nod1 
4 1 
0.333333333333333310 
0.000325520833333333 0.999348958333333370 
0.57650
0.57650000
===###
12 10
nod13 2 1
nod2 
2 
0.320815308176816310 
0.000313296199391422 0.999336733699391470 
0.13700
0.13700000
===###
13 4
nod15 3 0
0.245391666666666670 
0.000244880747475135 0.999246962803473470 
0.08440
0.08440000
===###
14 6
nod13 2 1
nod2 
1 
0.320815308176816360 
0.000338235424706444 0.999283935906928990 
0.61690
0.61690000
===###
15 1
nod21 3 0
0.248998373322364160 
0.009397602512897485 0.971655980399041550 
0.18610
0.18610000
===###
16 6
nod15 2 1
nod6 
3 
0.297174172855761090 
0.000555457464291541 0.998686326446095230 
0.50830
0.50830000
===###
17 4
nod2 3 2
nod26 nod30 
1 2 
0.317245833616894960 
0.000920466787553049 0.998019036130264770 
0.09440
0.09440000
===###
18 4
nod1 1 2
nod21 nod24 
2 1 
0.500000000000000000 
0.004875353747632678 0.995124646252367300 
0.57330
0.57330000
===###
19 8
nod8 1 1
nod21 
3 
0.500000000000000000 
0.000488281250000000 0.999511718750000000 
0.67350
0.67350000
===###
20 8
nod21 4 0
0.272389333292819220 
0.000266005208293769 0.998911857133681140 
0.25860
0.25860000
===###
21 2
nod8 1 1
nod15 
1 
0.533679531470885200 
0.000521171417452036 0.999544608917452000 
0.74040
0.74040000
===###
22 8
nod12 1 1
nod2 
1 
0.668100000000000030 
0.000980561436454877 0.999512874808023640 
0.40910
0.40910000
===###
23 4
nod30 2 2
nod31 nod16 
1 2 
0.329091671556916270 
0.003760108540519600 0.997719013367266430 
0.52800
0.52800000
===###
24 3
nod18 3 0
0.358838132578597420 
0.000423938862625559 0.999242517981909330 
0.27230
0.27230000
===###
25 5
nod1 1 0
0.505725780803729320 
0.001123942165599637 0.998901508174171670 
0.58490
0.58490000
===###
26 9
nod8 2 0
0.411724146782205310 
0.000402074362091997 0.999425511862091940 
0.24180
0.24180000
===###
27 9
nod26 2 1
nod7 
1 
0.258830529785224530 
0.000430393383595235 0.998767554830692020 
0.12140
0.12140000
===###
28 10
nod26 1 2
nod27 nod30 
3 1 
0.175369112888924680 
0.000401039974881353 0.998114206402681230 
0.19720
0.19720000
===###
29 3
nod12 2 1
nod18 
2 
0.457984509013594050 
0.000476728088692954 0.999435801857978870 
0.54440
0.54440000
===###
30 2
nod2 1 2
nod1 nod23 
2 3 
0.352768540982809460 
0.000618827610812895 0.998864624673417080 
0.59540
0.59540000
===###
31 1
nod2 3 2
nod1 nod21 
1 3 
0.278348370878319600 
0.014055923426260167 0.963558327978127460 
0.55240
0.55240000
===###
32 9
nod23 3 1
nod2 
3 
0.221320355440024370 
0.000784636051370117 0.997239385774638330 
0.38350
0.38350000
===###
33 8
nod18 3 1
nod12 
2 
0.279497673808915100 
0.000410214998526967 0.998942528370095780 
0.10430
0.10430000
===###
34 5
nod12 1 0
0.551211739982472640 
0.000694284857917656 0.998812357901332270 
0.53500
0.53500000
===###
35 5
nod24 2 2
nod1 nod2 
1 3 
0.272655196157632170 
0.000505667051352000 0.998651064393936800 
0.45110
0.45110000
===###
36 7
nod30 1 0
0.319655632048657660 
0.000821715541065362 0.999335601203172550 
0.08860
0.08860000
===###
37 6
nod8 1 1
nod21 
3 
0.850673386221737940 
0.002105164947600826 0.999630460811209650 
0.71530
0.71530000
===###
38 8
nod26 1 1
nod7 
2 
0.241928189387860930 
0.000951510756024670 0.997018481048191800 
0.07770
0.07770000
===###
39 4
nod31 2 0
0.404690226797530030 
0.004623876292120124 0.993198158580302250 
0.63250
0.63250000
===###
40 9
nod27 2 0
0.352642276585790280 
0.001579090486953198 0.997101208531784300 
0.26680
0.26680000
===###
41 7
nod28 2 1
nod26 
3 
0.333333333333333310 
0.001866340578485834 0.996267318843028330 
0.07550
0.07550000
===###
42 2
nod1 1 2
nod23 nod2 
1 2 
0.603821400497180580 
0.001059225274414633 0.999305022337018790 
0.44510
0.44510000
===###
43 1
nod21 2 2
nod1 nod23 
1 1 
0.275473160167731550 
0.009593336590898316 0.941012132555381410 
0.07360
0.07360000
===###
44 3
nod15 4 1
nod6 
1 
0.309187659053223980 
0.000481368580671622 0.998924486969854250 
0.14570
0.14570000
===###
45 2
nod5 1 0
0.500000000000000000 
0.001403083695727831 0.998596916304272160 
0.51560
0.51560000
===###
46 10
nod26 1 1
nod28 
3 
0.163539053710049090 
0.000373986598389986 0.998035136152315870 
0.14200
0.14200000
===###
47 4
nod2 3 1
nod23 
3 
0.398163204190125080 
0.007369368636897845 0.995288652402021580 
0.22710
0.22710000
===###
48 4
nod30 1 1
nod28 
2 
0.090928570329807973 
0.001247989012518338 0.970500737637554400 
0.00540
0.00540000
===###
49 7
nod18 1 1
nod12 
1 
0.398539227904806390 
0.009851787194134487 0.985132044432732720 
0.53920
0.53920000
===###
50 1
nod16 3 0
0.328550247927565540 
0.042824634720003113 0.912480387561058540 
0.42710
0.42710000
===###
51 6
nod21 4 2
nod1 nod24 
2 3 
0.247453159511082790 
0.000661119933861892 0.997785215671711190 
0.29830
0.29830000
===###
52 4
nod27 2 1
nod7 
2 
0.266653122719416880 
0.061625956908803008 0.830516880516518170 
0.31400
0.31400000
===###
53 6
nod8 1 0
0.733211964846855800 
0.002314245929965362 0.999287223131423820 
0.56340
0.56340000
===###
54 6
nod18 1 0
0.415369263152840510 
0.001706188545765306 0.997598545787573340 
0.58140
0.58140000
===###
55 2
nod16 2 0
0.292547785191645370 
0.000847376192451869 0.997950836771048460 
0.54120
0.54120000
===###
56 10
nod13 1 1
nod2 
1 
0.363392349379034970 
0.000643375154323398 0.998872905425329920 
0.39110
0.39110000
===###
57 8
nod24 1 2
nod2 nod21 
1 4 
0.256899468338615880 
0.001343699865209118 0.996113249705468000 
0.03750
0.03750000
===###
58 8
nod23 1 1
nod25 
4 
0.233116480323022680 
0.008353028885015190 0.972521032479438660 
0.52320
0.52320000
===###
59 5
nod2 2 1
nod26 
3 
0.353495601252507230 
0.000902852167185639 0.998348783137792740 
0.36760
0.36760000
===###
60 5
nod5 1 0
0.515599999999999950 
0.001346248282976039 0.998735215926544570 
0.59940
0.59940000
===###
61 6
nod23 2 2
nod21 nod1 
4 2 
0.193984581942319350 
0.000941997137802519 0.996085955856735090 
0.16550
0.16550000
===###
62 8
nod27 1 2
nod30 nod26 
3 2 
0.358367111286182320 
0.006633257452596067 0.988123586102484520 
0.35180
0.35180000
===###
63 7
nod21 3 1
nod8 
2 
0.230384234882711430 
0.007433469113791284 0.975167940538992470 
0.44990
0.44990000
===###
64 2
nod30 1 0
0.069819880312956439 
0.000311840303808001 0.995845486273835070 
0.02260
0.02260000
===###
65 5
nod24 1 2
nod1 nod21 
1 4 
0.150896022654056470 
0.000458404204791169 0.997420522909257650 
0.05460
0.05460000
===###
66 4
nod31 1 0
0.376318266224321570 
0.092973168627279043 0.957182560667255160 
0.09850
0.09850000
===###
67 5
nod13 1 0
0.629037153693895010 
0.002759189758213390 0.996885514128790890 
0.37080
0.37080000
===###
68 10
nod23 4 1
nod2 
1 
0.188984375585328430 
0.000349816496008595 0.998498782541878070 
0.21910
0.21910000
===###
69 8
nod27 2 1
nod7 
1 
0.264438516658842270 
0.004894670035666154 0.986130845107403790 
0.02430
0.02430000
===###
70 9
nod28 3 1
nod30 
3 
0.363392772272078450 
0.002150787367775071 0.996232157356706120 
0.61570
0.61570000
===###
71 5
nod28 3 1
nod30 
2 
0.363061497291207570 
0.002701606162156197 0.995260425584450160 
0.10840
0.10840000
===###
72 1
nod1 1 0
0.554545577668899560 
0.084715681684955468 0.973636159887739440 
0.37750
0.37750000
===###
73 10
nod2 3 2
nod27 nod30 
1 1 
0.270743111115952510 
0.000479342482564308 0.998079349977280210 
0.22470
0.22470000
===###
74 10
nod24 1 2
nod21 nod1 
3 1 
0.228252521038243310 
0.000601150590965009 0.997967442151598940 
0.06680
0.06680000
===###
75 2
nod30 1 2
nod27 nod2 
3 1 
0.022222420198695490 
0.000191682039333666 0.997401909957191910 
0.09050
0.09050000
===###
76 4
nod18 3 0
0.110806508700304980 
0.104589159577599150 0.160699122752431260 
0.12880
0.12880000
===###
77 8
nod12 1 1
nod18 
3 
0.659550354238868650 
0.132851084605184740 0.936795908587869430 
0.60470
0.60470000
===###
78 7
nod6 1 1
nod15 
3 
0.421167805386688130 
0.019011932351253018 0.973870940784251520 
0.21160
0.21160000
===###
79 10
nod21 1 2
nod1 nod23 
1 4 
0.239350842816863470 
0.000630380334696162 0.993154720204226350 
0.42500
0.42500000
===###
80 8
nod23 1 2
nod1 nod21 
2 2 
0.336188110024564950 
0.008092212315298601 0.974300592878378450 
0.53230
0.53230000
===###
81 9
nod15 4 1
nod8 
2 
0.263299766809500960 
0.002581504265818822 0.992777073760240160 
0.29740
0.29740000
===###
82 10
nod30 1 2
nod27 nod13 
3 2 
0.065112293841360844 
0.000691361916192049 0.988870316649939300 
0.28680
0.28680000
===###
83 7
nod2 3 0
0.240556739638574770 
0.021613650570163342 0.931765199004695450 
0.02720
0.02720000
===###
84 7
nod15 1 1
nod6 
1 
0.384454691900239680 
0.153484627634936640 0.510875691199567770 
0.50800
0.50800000
===###
85 2
nod12 1 1
nod2 
2 
0.662530958847875500 
0.009141763517226877 0.995343519985899430 
0.73120
0.73120000
===###
86 5
nod26 4 1
nod30 
3 
0.280053426035873850 
0.002038464304631386 0.994642747536832130 
0.57040
0.57040000
===###
87 5
nod30 2 1
nod26 
1 
0.665184775645452090 
0.016216436803947489 0.995915833721553570 
0.51610
0.51610000
===###
88 6
nod24 3 2
nod2 nod1 
1 1 
0.314419701554025820 
0.001681910095772764 0.996332658482531270 
0.15910
0.15910000
===###
89 4
nod30 3 1
nod28 
2 
0.328548872712044250 
0.017180774704576761 0.353134159594065360 
0.19690
0.19690000
===###
90 7
nod23 2 1
nod25 
1 
0.202506982815906900 
0.201323349587584330 0.207168250399713760 
0.20180
0.20180000
===###
91 6
nod12 2 1
nod2 
2 
0.268800000000000090 
0.000869818447489522 0.997633886723198190 
0.38740
0.38740000
===###
92 2
nod6 2 1
nod15 
3 
0.484447119559895280 
0.004671916437948255 0.995028105484561780 
0.48210
0.48210000
===###
93 6
nod12 2 0
0.519098570897746800 
0.005487599793174948 0.994916197557016770 
0.32630
0.32630000
===###
94 8
nod2 3 2
nod27 nod30 
3 2 
0.031805788573210515 
0.000539533084819868 0.939139623440017330 
0.17220
0.17220000
===###
95 9
nod21 1 2
nod2 nod1 
1 1 
0.341844577358464910 
0.002782325836000416 0.994643171318762560 
0.48420
0.48420000
===###
96 8
nod27 2 2
nod30 nod2 
3 3 
0.187989693871489090 
0.011145484101278452 0.986225575751325630 
0.26600
0.26600000
===###
97 9
nod28 3 0
0.369780645911281900 
0.002318298827445765 0.993454871827349040 
0.61890
0.61890000
===###
98 8
nod12 1 1
nod2 
3 
0.813966536301475860 
0.022806543744341021 0.988970496364683260 
0.78270
0.78270000
===###
99 4
nod5 1 0
0.599400000000000150 
0.482793406474059660 0.677332267878698380 
0.57840
0.57840000
===###
100 2
nod15 4 0
0.235791035540390550 
0.002273924171254762 0.986761444309513850 
0.09920
0.09920000
===###
