Gch_comingSoon999
0 5 8 0 0 0 0
N1 N2 N8 N21 N23
2 3 2 4 4
N21 3 0
0.000244 0.999268 
0.006600 0.006600 0.006600 0.980200
N1 2
0.500000 0.500000
N2 3
0.333333 0.333333 0.333333
N8 2
0.500000 0.500000
N21 4
0.006600 0.006600 0.006600 0.980200
N23 4
0.250000 0.250000 0.250000 0.250000
8 1182.830162 475.668174 
###===
1 0 6 0 0 0 0
N8 0 0
0.000488 0.999512 
0.064300 0.935700
N1 2
0.500000 0.500000
N2 3
0.333333 0.333333 0.333333
N8 2
0.064300 0.935700
N21 4
0.006600 0.006600 0.006600 0.980200
N23 4
0.250000 0.250000 0.250000 0.250000
6 1065.571707 704.096255 
8 1182.830162 475.668174 
###===
2 0 8 0 0 0 0
N23 3 0
0.009248 0.972257 
0.174767 0.174767 0.174767 0.475700
N1 2
0.500000 0.500000
N2 3
0.333333 0.333333 0.333333
N8 2
0.064300 0.935700
N21 4
0.006600 0.006600 0.006600 0.980200
N23 4
0.174767 0.174767 0.174767 0.475700
6 1065.571707 704.096255 
8 1199.901025 424.018369 
###===
3 0 3 0 0 0 0
N23 2 2
N21 N2 
3 2 
0.000171 0.999194 
0.026176 0.026176 0.876400 0.071248
N1 2
0.500000 0.500000
N2 3
0.333333 0.333333 0.333333
N8 2
0.064300 0.935700
N21 4
0.006600 0.006600 0.006600 0.980200
N23 4
0.126217 0.126217 0.404014 0.343552
3 1055.547623 726.087665 
6 1065.571707 704.096255 
8 1180.810658 424.018369 
###===
4 0 0 0 0 0 0
N2 0 0
0.000326 0.999349 
0.151200 0.424400 0.424400
N1 2
0.500000 0.500000
N2 3
0.151200 0.424400 0.424400
N8 2
0.064300 0.935700
N21 4
0.006600 0.006600 0.006600 0.980200
N23 4
0.112953 0.112953 0.466644 0.307449
0 1012.332732 885.949255 
3 1070.723234 726.087665 
6 1065.571707 704.096255 
8 1175.595170 424.018369 
###===
5 0 9 0 0 0 0
N2 2 2
N21 N1 
0 1 
0.000414 0.999438 
0.204682 0.574518 0.220800
N1 2
0.500000 0.500000
N2 3
0.151376 0.424895 0.423728
N8 2
0.064300 0.935700
N21 4
0.006600 0.006600 0.006600 0.980200
N23 4
0.112953 0.112953 0.466644 0.307449
0 1012.306454 885.949255 
3 1070.723234 726.087665 
6 1065.571707 704.096255 
8 1175.595170 424.018369 
9 1000.043662 905.731552 
###===
6 0 8 0 0 0 0
N2 1 2
N23 N21 
3 2 
0.008250 0.988810 
0.211118 0.196300 0.592582
N1 2
0.500000 0.500000
N2 3
0.151565 0.424179 0.424256
N8 2
0.064300 0.935700
N21 4
0.006600 0.006600 0.006600 0.980200
N23 4
0.112953 0.112953 0.466644 0.307449
0 1012.278443 885.949255 
3 1070.723234 726.087665 
6 1065.571707 704.096255 
8 1175.648134 424.018369 
9 1000.043662 905.731552 
###===
7 0 9 0 0 0 0
N23 1 0
0.000212 0.998335 
0.101118 0.205900 0.417748 0.275234
N1 2
0.500000 0.500000
N2 3
0.160225 0.448618 0.391156
N8 2
0.064300 0.935700
N21 4
0.006978 0.006978 0.006978 0.979065
N23 4
0.101118 0.205900 0.417748 0.275234
0 1010.988928 885.949255 
3 1060.545821 726.087665 
6 1065.571707 704.096255 
8 1170.169599 424.018369 
9 1005.200644 889.762621 
###===
8 0 7 0 0 0 0
N1 1 0
0.000488 0.999512 
0.307100 0.692900
N1 2
0.307100 0.692900
N2 3
0.160297 0.448821 0.390882
N8 2
0.064300 0.935700
N21 4
0.006978 0.006978 0.006978 0.979065
N23 4
0.101118 0.205900 0.417748 0.275234
0 1010.978208 885.949255 
3 1060.545821 726.087665 
6 1065.571707 704.096255 
7 1011.020250 929.678042 
8 1170.169599 424.018369 
9 1005.218455 889.762621 
###===
9 0 9 0 0 0 0
N23 3 0
0.000577 0.998480 
0.089264 0.181762 0.368775 0.360200
N1 2
0.307100 0.692900
N2 3
0.169047 0.473036 0.357917
N8 2
0.064300 0.935700
N21 4
0.007358 0.007358 0.007358 0.977927
N23 4
0.089264 0.181762 0.368775 0.360200
0 1009.675386 885.949255 
3 1050.352274 726.087665 
6 1065.571707 704.096255 
7 1011.020250 929.678042 
8 1181.638183 424.018369 
9 1005.216726 871.773227 
