1 8
nod2 2 0
0.333333333333333370 
0.000325520833333333 0.999348958333333370 
0.25180
0.25180000
===###
2 1
nod23 3 2
nod2 nod21 
1 1 
0.250000000000000000 
0.000244140625000000 0.999267578125000000 
0.03560
0.03560000
===###
3 10
nod1 2 2
nod23 nod2 
3 3 
0.500000000000000000 
0.000488281250000000 0.999511718750000000 
0.08900
0.08900000
===###
4 6
nod23 3 0
0.229948240000000030 
0.000224558828125000 0.999247996328125000 
0.26230
0.26230000
===###
5 4
nod2 3 2
nod23 nod21 
3 4 
0.374099999999999990 
0.000365332031250000 0.999388769531250000 
0.40480
0.40480000
===###
6 7
nod1 2 2
nod21 nod23 
2 4 
0.500000000000000000 
0.000488281250000000 0.999511718750000000 
0.71420
0.71420000
===###
7 7
nod2 3 2
nod23 nod21 
1 2 
0.374099999999999990 
0.000365332031250000 0.999388769531250000 
0.62290
0.62290000
===###
8 6
nod1 2 2
nod23 nod2 
1 2 
0.500000000000000000 
0.000509694775569337 0.999490305224430610 
0.48820
0.48820000
===###
9 6
nod21 1 0
0.247252348387091650 
0.000258138529742217 0.999214109903012740 
0.10990
0.10990000
===###
10 7
nod2 1 0
0.361005504184558070 
0.000616767735619721 0.998908295902169780 
0.06840
0.06840000
===###
