1 1
nod8 2 1
nod6 
3 
0.500000000000000000 
0.000488281250000000 0.999511718750000000 
0.53880
0.53880000
===###
2 10
nod1 2 0
0.500000000000000000 
0.000488281250000000 0.999511718750000000 
0.31850
0.31850000
===###
3 5
nod23 3 0
0.250000000000000000 
0.000244140625000000 0.999267578125000000 
0.11780
0.11780000
===###
4 6
nod15 1 1
nod6 
3 
0.250000000000000000 
0.000244140625000000 0.999267578125000000 
0.26790
0.26790000
===###
5 9
nod1 1 2
nod21 nod2 
1 2 
0.681500000000000110 
0.000665527343750000 0.999688964843750030 
0.47630
0.47630000
===###
6 6
nod21 1 0
0.250000000000000060 
0.000250109914970632 0.999249670255088150 
0.15340
0.15340000
===###
7 6
nod8 2 0
0.512933333333333240 
0.000836308424938742 0.999205865693709060 
0.62220
0.62220000
===###
8 1
nod1 1 2
nod2 nod23 
2 4 
0.650022320000000040 
0.000688191047132481 0.999629471944790790 
0.37080
0.37080000
===###
9 7
nod1 1 0
0.643637447699555550 
0.000628552195019097 0.999651989695019120 
0.67870
0.67870000
===###
10 10
nod23 3 2
nod1 nod21 
1 3 
0.122978146695290460 
0.000088111406003022 0.999371631215247300 
0.36760
0.36760000
===###
11 2
nod23 3 2
nod21 nod1 
2 2 
0.109255664551111210 
0.000106694984913195 0.999130132484913220 
0.25500
0.25500000
===###
12 7
nod8 1 2
nod15 nod21 
4 1 
0.377995191940233180 
0.000409418680449534 0.999326286701050500 
0.43990
0.43990000
===###
13 10
nod8 1 0
0.380181113338537770 
0.000582842415219256 0.999049777266082680 
0.53060
0.53060000
===###
14 1
nod8 2 1
nod15 
4 
0.461598807110564450 
0.000790229548830341 0.999000747355145770 
0.30030
0.30030000
===###
15 1
nod6 3 0
0.330447832251409060 
0.000806943741089384 0.998238095546325810 
0.38950
0.38950000
===###
16 5
nod21 1 2
nod15 nod1 
3 2 
0.184175079053738590 
0.000381703046770833 0.998309201985650320 
0.40750
0.40750000
===###
17 7
nod21 3 2
nod2 nod8 
1 1 
0.273891363634513220 
0.000296660494833745 0.999213528515434770 
0.50710
0.50710000
===###
18 7
nod21 4 2
nod23 nod2 
4 3 
0.297131876908402700 
0.000321833037978342 0.999154558825326780 
0.20490
0.20490000
===###
19 5
nod21 3 2
nod2 nod1 
2 1 
0.300746053890005470 
0.000623296515814852 0.998550795454694270 
0.11240
0.11240000
===###
20 7
nod2 1 0
0.333697715977749660 
0.000532448241186975 0.998953450032802450 
0.34780
0.34780000
===###
21 5
nod1 1 0
0.679699295346470780 
0.003769165503481013 0.999085968277767080 
0.85300
0.85300000
===###
22 8
nod2 3 0
0.335746867461963800 
0.000327877800255824 0.999351315300255780 
0.23230
0.23230000
===###
23 5
nod21 3 2
nod2 nod23 
1 1 
0.348309557713668620 
0.000867578572633100 0.998376752370998100 
0.58190
0.58190000
===###
24 4
nod2 2 2
nod23 nod21 
4 2 
0.350045717178040890 
0.000341841520681681 0.999365279020681730 
0.52130
0.52130000
===###
25 10
nod15 2 0
0.247411387368014570 
0.000500843470189843 0.998476508715359530 
0.30570
0.30570000
===###
26 10
nod8 1 1
nod15 
3 
0.532509293400812770 
0.000634047175973903 0.998974192687376860 
0.72760
0.72760000
===###
27 9
nod1 1 2
nod23 nod21 
3 2 
0.776105155160062070 
0.000757915190585998 0.999781352690585990 
0.57430
0.57430000
===###
28 9
nod6 2 0
0.306355530863589130 
0.000428066308416472 0.999030780262332050 
0.53860
0.53860000
===###
29 2
nod23 4 2
nod1 nod2 
1 1 
0.248949730330185940 
0.000243114971025572 0.999266552471025580 
0.29750
0.29750000
===###
30 9
nod6 1 0
0.203776892930391390 
0.000428055021042002 0.998327448740877420 
0.43700
0.43700000
===###
31 4
nod15 4 0
0.231622463593363280 
0.000307114344942765 0.998981187920630400 
0.26660
0.26660000
===###
32 7
nod8 1 1
nod15 
1 
0.540302432188716990 
0.000866994009021600 0.999262348245149150 
0.24070
0.24070000
===###
33 4
nod23 2 2
nod21 nod2 
2 3 
0.301379654570771820 
0.000308352680609699 0.999029502526838530 
0.03070
0.03070000
===###
34 7
nod21 2 0
0.275840267315797920 
0.000947908279001077 0.997391598879053260 
0.24270
0.24270000
===###
35 4
nod8 2 0
0.437132069346901130 
0.004390581282201357 0.994346520024556480 
0.62040
0.62040000
===###
36 7
nod15 2 0
0.296839237033068080 
0.000516484169193233 0.997253679815883530 
0.51110
0.51110000
===###
37 9
nod1 2 2
nod21 nod23 
1 1 
0.190197479675205950 
0.000394903079868696 0.997594251820586360 
0.05240
0.05240000
===###
38 10
nod15 3 1
nod6 
1 
0.133322207887719370 
0.000502066430933502 0.998098262908145630 
0.21290
0.21290000
===###
39 3
nod21 2 2
nod2 nod1 
2 2 
0.279685891922614450 
0.000273130753830678 0.999296568253830730 
0.54670
0.54670000
===###
40 7
nod15 2 2
nod21 nod2 
1 2 
0.472934863398507380 
0.000290639780609723 0.998199479729453780 
0.46310
0.46310000
===###
41 5
nod23 3 0
0.185029667789940820 
0.001150496502817845 0.996835927626245290 
0.44600
0.44600000
===###
42 8
nod2 1 2
nod1 nod21 
2 4 
0.399452721121862810 
0.000337526206152051 0.999152362803494730 
0.45420
0.45420000
===###
43 6
nod6 2 1
nod8 
2 
0.378599930311046000 
0.000496736574683799 0.999164766773483760 
0.20530
0.20530000
===###
44 6
nod23 3 2
nod1 nod2 
2 1 
0.462740549328848060 
0.001119630567174437 0.998700066150789660 
0.38380
0.38380000
===###
45 5
nod8 1 2
nod15 nod21 
3 3 
0.637648483512307180 
0.002336451611693098 0.998672282916703960 
0.64040
0.64040000
===###
46 7
nod8 1 1
nod15 
3 
0.563016982559138120 
0.001408937713319903 0.999035627672787090 
0.83390
0.83390000
===###
47 2
nod21 3 0
0.355435462454128440 
0.000371093610885215 0.999247401674378420 
0.56270
0.56270000
===###
48 10
nod2 2 0
0.284427798604575620 
0.001071101746409241 0.997305289291845590 
0.34940
0.34940000
===###
49 9
nod15 3 0
0.175619044086990940 
0.001323521018960857 0.993787202700855960 
0.07080
0.07080000
===###
50 6
nod8 2 0
0.596166439027493330 
0.001739151037672530 0.998976549128473560 
0.89510
0.89510000
===###
51 5
nod2 2 2
nod23 nod21 
3 2 
0.551238262187680910 
0.001421967921224917 0.998842379349884510 
0.42270
0.42270000
===###
52 10
nod21 1 0
0.097882116786227297 
0.000405416520505180 0.996263531017654860 
0.38100
0.38100000
===###
53 2
nod1 1 0
0.850190303800881120 
0.001308355605490453 0.999742175791170080 
0.72290
0.72290000
===###
54 6
nod8 2 1
nod15 
3 
0.538621840468352600 
0.001046525229319208 0.995498590281449820 
0.58340
0.58340000
===###
55 1
nod1 2 0
0.277131947516709660 
0.000456241445867471 0.997913801079297170 
0.20680
0.20680000
===###
56 1
nod15 4 1
nod6 
3 
0.136209097938839450 
0.000257168776070914 0.998760490985771350 
0.40630
0.40630000
===###
57 4
nod21 4 2
nod23 nod1 
4 1 
0.154226224086392110 
0.000233976545751088 0.998257841369053040 
0.13770
0.13770000
===###
58 9
nod2 2 2
nod21 nod15 
3 3 
0.200067918044368330 
0.001030389838432348 0.995880189603910780 
0.13970
0.13970000
===###
59 5
nod2 3 2
nod21 nod1 
1 1 
0.233889427032928860 
0.000227616984920385 0.998837891396592070 
0.53290
0.53290000
===###
60 7
nod1 2 2
nod21 nod23 
4 1 
0.137542079616943230 
0.000650047727649024 0.996514784053469830 
0.37360
0.37360000
===###
61 6
nod21 1 0
0.378265105510810220 
0.004087196884624987 0.996348234583443020 
0.50180
0.50180000
===###
62 8
nod8 2 2
nod15 nod21 
1 1 
0.976401818825917370 
0.001378133794758620 0.999966692553881150 
0.69850
0.69850000
===###
63 2
nod8 2 0
0.862637054547766180 
0.001561261621000613 0.999751390815231570 
0.57210
0.57210000
===###
64 2
nod6 2 1
nod15 
1 
0.322420030006149270 
0.000879884668223154 0.998150883407952880 
0.50170
0.50170000
===###
65 10
nod8 2 1
nod15 
3 
0.227487534586111350 
0.001373182741278158 0.998920937939578590 
0.02380
0.02380000
===###
66 2
nod23 1 0
0.195090040629091350 
0.000723949891772819 0.997013099817425810 
0.45080
0.45080000
===###
67 6
nod15 4 1
nod8 
2 
0.209323053671063210 
0.000306583252912724 0.998841941649726060 
0.06730
0.06730000
===###
68 9
nod2 3 2
nod1 nod23 
1 2 
0.396811036532984160 
0.002043656293412922 0.995551039523185690 
0.44640
0.44640000
===###
69 6
nod21 3 0
0.253346813351492670 
0.001857011504198920 0.993918456400229020 
0.18340
0.18340000
===###
70 1
nod15 1 1
nod8 
1 
0.336009598620694020 
0.000701510740033206 0.998613740798600320 
0.11950
0.11950000
===###
71 6
nod8 1 0
0.454218119228847640 
0.004599172698056521 0.996909186229973490 
0.69560
0.69560000
===###
72 7
nod2 1 2
nod23 nod21 
1 1 
0.131051158959528290 
0.000619370510644209 0.996520939126422370 
0.43030
0.43030000
===###
73 9
nod6 3 0
0.203727593426443620 
0.003808442825454941 0.994368043521269280 
0.09550
0.09550000
===###
74 8
nod8 1 0
0.689834917056360020 
0.001071326007961027 0.999388047268777720 
0.71720
0.71720000
===###
75 7
nod21 4 2
nod1 nod23 
2 2 
0.079314647930765383 
0.000374854784806708 0.994828192338703010 
0.02300
0.02300000
===###
76 10
nod8 2 0
0.282614544995750840 
0.016305941832871613 0.998492397847150940 
0.40400
0.40400000
===###
77 4
nod1 2 2
nod21 nod15 
1 4 
0.143788755296583940 
0.000180894682550104 0.998922836066095780 
0.21080
0.21080000
===###
78 6
nod21 1 2
nod2 nod1 
1 2 
0.448031198474271090 
0.003345997664358977 0.994395424532257710 
0.27950
0.27950000
===###
79 5
nod1 1 2
nod21 nod2 
3 1 
0.772798253306106520 
0.000757827931671243 0.999161124470411060 
0.47350
0.47350000
===###
80 4
nod21 2 2
nod23 nod1 
4 1 
0.114534770538704740 
0.000231401761611426 0.998495438665417230 
0.02620
0.02620000
===###
81 3
nod1 2 2
nod2 nod8 
1 1 
0.331296844227317640 
0.000323532074440740 0.999346969574440690 
0.56500
0.56500000
===###
82 9
nod15 3 1
nod8 
2 
0.002850421660905494 
0.000113671915434522 0.985777210689522400 
0.14250
0.14250000
===###
83 10
nod2 3 0
0.333839210526968130 
0.013474165218773568 0.973112923058200300 
0.25310
0.25310000
===###
84 7
nod15 4 2
nod8 nod21 
1 2 
0.296240079711669600 
0.000741334335254842 0.996046737423072150 
0.36890
0.36890000
===###
85 10
nod21 3 2
nod8 nod2 
1 1 
0.527791963994745590 
0.001190748024304959 0.998934654514861520 
0.70390
0.70390000
===###
86 7
nod15 4 2
nod2 nod8 
2 1 
0.293421718032513930 
0.001539893596568389 0.991676239531576580 
0.54150
0.54150000
===###
87 9
nod21 1 2
nod15 nod1 
3 1 
0.598305601587879820 
0.010247932366281650 0.993113402109553460 
0.65710
0.65710000
===###
88 3
nod23 3 2
nod21 nod2 
2 2 
0.270297982250137130 
0.000263962873291150 0.999287400373291110 
0.56620
0.56620000
===###
89 8
nod8 2 1
nod6 
2 
0.310825407802103770 
0.000672597090656883 0.998970537277401590 
0.38680
0.38680000
===###
90 1
nod15 2 0
0.476951114928255320 
0.000852350500427587 0.996929502841504390 
0.36340
0.36340000
===###
91 2
nod8 2 2
nod1 nod15 
1 1 
0.656614166113560600 
0.003571086985880143 0.999602402447536290 
0.73000
0.73000000
===###
92 2
nod1 1 2
nod23 nod21 
4 4 
0.752680729793025470 
0.003444020187246750 0.999421649741573660 
0.93800
0.93800000
===###
93 7
nod6 1 1
nod15 
3 
0.682009343299460170 
0.009416374196277978 0.995609563059757560 
0.91790
0.91790000
===###
94 7
nod2 3 2
nod23 nod21 
1 1 
0.313055829373403090 
0.007404722813310482 0.984049314965067530 
0.58350
0.58350000
===###
95 4
nod8 2 0
0.419841524019227360 
0.002971225559074326 0.991359551299944240 
0.49190
0.49190000
===###
96 5
nod6 3 1
nod15 
1 
0.063487830791968625 
0.000263341023940185 0.996115443377175720 
0.19240
0.19240000
===###
97 5
nod1 2 2
nod2 nod21 
2 4 
0.162270039318588490 
0.000594584798205830 0.999255211655988960 
0.00910
0.00910000
===###
98 7
nod23 4 0
0.143735030421578060 
0.003232279702379487 0.954209776454656540 
0.40720
0.40720000
===###
99 3
nod15 2 2
nod8 nod2 
2 3 
0.449438539637866510 
0.000438904823865104 0.999462342323865100 
0.35100
0.35100000
===###
100 6
nod23 2 0
0.092555147907466495 
0.000801261328425336 0.989136642734754210 
0.12590
0.12590000
===###
101 9
nod8 1 0
0.505684096161187810 
0.020166167203892603 0.991801106760212600 
0.47350
0.47350000
===###
102 6
nod2 1 0
0.357741944283382910 
0.004446034263258250 0.994384812221365540 
0.56500
0.56500000
===###
103 6
nod1 1 2
nod15 nod21 
1 2 
0.565348941559350560 
0.002772352019738479 0.997868562844699490 
0.56350
0.56350000
===###
104 2
nod8 2 1
nod6 
2 
0.482404553698182080 
0.003309336817940857 0.999244053316683310 
0.57960
0.57960000
===###
105 1
nod1 1 2
nod21 nod2 
3 3 
0.837982627435117870 
0.002305624279174637 0.999344496763859390 
0.75050
0.75050000
===###
106 8
nod8 2 2
nod2 nod21 
2 2 
0.569098988829280010 
0.000527404010533057 0.999606403134581050 
0.29450
0.29450000
===###
107 5
nod2 2 2
nod8 nod15 
1 4 
0.375013198227113600 
0.017795506305237921 0.997407618715667410 
0.16180
0.16180000
===###
108 3
nod8 2 0
0.552101767531662400 
0.000906932949396863 0.999264241324895110 
0.82130
0.82130000
===###
109 4
nod8 2 1
nod6 
3 
0.798396161928562220 
0.004822555565336430 0.996571644124009890 
0.66510
0.66510000
===###
110 9
nod15 2 1
nod6 
2 
0.438546524031044050 
0.001066299435626251 0.996266434234328810 
0.71270
0.71270000
===###
111 8
nod21 4 2
nod8 nod15 
1 1 
0.014100973809014063 
0.000023673233673705 0.998495724977100260 
0.06160
0.06160000
===###
112 5
nod23 1 0
0.319593100301770740 
0.035150315398830026 0.925165727603787240 
0.35420
0.35420000
===###
113 8
nod2 2 2
nod21 nod23 
3 2 
0.095232641419639108 
0.000091391201449222 0.998549638811756850 
0.29350
0.29350000
===###
114 1
nod6 1 0
0.555375654179036890 
0.002195381135133795 0.997855454303422480 
0.52770
0.52770000
===###
115 4
nod15 4 2
nod1 nod8 
1 1 
0.381877749016953320 
0.005385155302943655 0.989488577839043540 
0.26770
0.26770000
===###
116 3
nod15 3 1
nod6 
3 
0.020888662014007322 
0.000086004556732733 0.995968720420723370 
0.21300
0.21300000
===###
117 9
nod1 1 2
nod2 nod23 
3 2 
0.885147386296815890 
0.010815169945315853 0.998652369621017220 
0.81940
0.81940000
===###
118 9
nod8 1 1
nod6 
2 
0.166340245109777270 
0.002161650694727509 0.996038766059465950 
0.27740
0.27740000
===###
119 5
nod21 1 0
0.523776345247464640 
0.003403701230253806 0.944815963609056620 
0.61610
0.61610000
===###
120 5
nod21 1 0
0.616099999999999980 
0.003403701230253808 0.944815963609056730 
0.82510
0.82510000
===###
121 10
nod1 1 0
0.760127577626277580 
0.026227587381622813 0.987230025086957790 
0.95950
0.95950000
===###
122 6
nod21 3 2
nod23 nod1 
3 2 
0.142637953748496030 
0.001841238838294218 0.991859923851756030 
0.14530
0.14530000
===###
123 10
nod23 1 0
0.372139325729839760 
0.117338514906826830 0.802030492362575400 
0.60140
0.60140000
===###
124 4
nod15 1 1
nod8 
2 
0.238114876705423440 
0.001726540706427812 0.994475667807109720 
0.51170
0.51170000
===###
125 5
nod8 1 0
0.170513088578128000 
0.053799888423256517 0.844520273095151100 
0.44200
0.44200000
===###
126 6
nod2 2 0
0.146430603575378650 
0.001890196173826520 0.988981718521793280 
0.42820
0.42820000
===###
127 5
nod23 3 2
nod21 nod1 
4 2 
0.050368517758008560 
0.009880381754818913 0.735397054625032690 
0.07270
0.07270000
===###
128 8
nod15 2 2
nod21 nod8 
4 2 
0.305869331309766350 
0.000520985826979823 0.998817690420575670 
0.37330
0.37330000
===###
129 2
nod2 2 2
nod1 nod23 
1 1 
0.363253012058730230 
0.000490793197298368 0.999080230746937300 
0.26500
0.26500000
===###
130 4
nod21 1 0
0.834386821468785730 
0.001854964457739864 0.996668462134461250 
0.62540
0.62540000
===###
131 5
nod23 2 0
0.090754438301640594 
0.025896572501310083 0.740548847520217320 
0.08810
0.08810000
===###
132 8
nod21 2 2
nod1 nod2 
1 3 
0.033872191686798732 
0.000054297838795100 0.997909389847924210 
0.32960
0.32960000
===###
133 4
nod8 1 1
nod15 
2 
0.542755125029798390 
0.004080544830727495 0.997712984923966650 
0.44710
0.44710000
===###
134 6
nod23 1 2
nod21 nod2 
4 1 
0.413866590286597610 
0.002263729995428523 0.996794020556304840 
0.35550
0.35550000
===###
135 1
nod8 2 1
nod15 
4 
0.120403000216984870 
0.000273832952936442 0.999244821920702960 
0.10370
0.10370000
===###
136 2
nod6 3 1
nod15 
3 
0.158809839629992010 
0.001089449188051469 0.994229362995723840 
0.43500
0.43500000
===###
137 8
nod23 2 2
nod21 nod1 
1 2 
0.135540339020033680 
0.000293296607687762 0.998129390203082890 
0.11210
0.11210000
===###
138 8
nod2 3 2
nod23 nod21 
1 3 
0.048768281604524406 
0.000112661953024364 0.999087138524093920 
0.33260
0.33260000
===###
139 8
nod6 3 0
0.190215770656587760 
0.000593178730936126 0.997474726833448400 
0.04730
0.04730000
===###
140 9
nod1 1 2
nod2 nod23 
1 1 
0.919192070905780030 
0.012634686473683524 0.996558424055935980 
0.79850
0.79850000
===###
141 9
nod1 1 2
nod21 nod2 
4 1 
0.843869363359751490 
0.013352567101812622 0.998168031338232400 
0.58600
0.58600000
===###
142 9
nod1 2 0
0.090290440613430029 
0.003845432148518620 0.979271402841519480 
0.11250
0.11250000
===###
143 10
nod6 2 1
nod8 
2 
0.384716818652492460 
0.191074257823558160 0.694412171427611020 
0.48690
0.48690000
===###
144 3
nod2 1 0
0.346308476103545870 
0.001621135901952727 0.996651571421308780 
0.50900
0.50900000
===###
145 5
nod2 3 0
0.188375870918134460 
0.003105236649417335 0.761426979539373550 
0.10740
0.10740000
===###
146 4
nod21 2 2
nod23 nod1 
2 2 
0.058057737294771941 
0.000529875195262618 0.997357319553642820 
0.02350
0.02350000
===###
147 9
nod1 2 2
nod8 nod15 
2 1 
0.093700005191483637 
0.001171077725955845 0.993393085110199750 
0.18260
0.18260000
===###
148 8
nod21 4 2
nod23 nod1 
4 2 
0.029115731512395788 
0.000220894346092686 0.991774316538230010 
0.24150
0.24150000
===###
149 6
nod15 3 0
0.103173067316349860 
0.001294577360941186 0.982718622627587910 
0.09430
0.09430000
===###
150 1
nod21 1 0
0.527501972755773710 
0.002395198148654522 0.997854555132398960 
0.71300
0.71300000
===###
151 4
nod1 2 2
nod2 nod21 
2 1 
0.100273241607507430 
0.000281323118603854 0.997331370069562520 
0.04450
0.04450000
===###
152 10
nod15 4 1
nod8 
1 
0.249226046459092020 
0.008365593854288525 0.974799303439848890 
0.29130
0.29130000
===###
153 3
nod1 2 2
nod8 nod15 
1 2 
0.148509799846712810 
0.000956742051901912 0.994193168797008590 
0.11630
0.11630000
===###
154 7
nod1 1 2
nod21 nod2 
2 1 
0.824291347369846220 
0.017622052353049290 0.995606741328150750 
0.57330
0.57330000
===###
155 2
nod21 4 0
0.091558147053482739 
0.000935130675096961 0.994590422097952450 
0.14590
0.14590000
===###
156 8
nod21 1 0
0.671796830966221780 
0.008424853945865859 0.996229232210804280 
0.69580
0.69580000
===###
157 8
nod8 2 1
nod6 
1 
0.645200782103686250 
0.001690414591965372 0.999143520776589970 
0.36790
0.36790000
===###
158 10
nod1 1 2
nod21 nod23 
1 3 
0.950846913429695630 
0.006240367432840059 0.994839514449589510 
0.92620
0.92620000
===###
159 5
nod23 3 0
0.110093366816510270 
0.013565397022787596 0.762146859280157020 
0.02610
0.02610000
===###
160 6
nod6 2 1
nod8 
1 
0.356452163827897350 
0.004776686227286311 0.991165191310804940 
0.64540
0.64540000
===###
161 5
nod21 4 2
nod8 nod2 
2 2 
0.241923895791630730 
0.125739222057967920 0.958409876787499120 
0.53000
0.53000000
===###
162 4
nod1 2 0
0.128109446042289350 
0.002888596499431655 0.992245765095793760 
0.30180
0.30180000
===###
163 8
nod6 1 1
nod8 
1 
0.337383221537106480 
0.000457145577556853 0.992432214078863730 
0.47250
0.47250000
===###
164 8
nod23 4 2
nod1 nod2 
1 3 
0.186311067598381790 
0.002255883203527892 0.988326400669548130 
0.09580
0.09580000
===###
165 10
nod6 1 1
nod15 
3 
0.843078963615039640 
0.314433729266294760 0.906542274866090620 
0.59380
0.59380000
===###
166 6
nod6 2 0
0.570688618172097590 
0.010889130366316025 0.989303767832646730 
0.40480
0.40480000
===###
167 6
nod21 3 2
nod2 nod1 
2 1 
0.034488317221773666 
0.000212527533902581 0.995623872995222700 
0.29870
0.29870000
===###
168 4
nod1 2 0
0.309844659711210610 
0.002965593768752138 0.992335109382710300 
0.57170
0.57170000
===###
169 2
nod1 1 2
nod2 nod21 
1 1 
0.645504393070044480 
0.004088404519876267 0.999034597738426950 
0.94290
0.94290000
===###
170 6
nod23 4 2
nod1 nod2 
1 1 
0.272289094712609200 
0.003141116566760572 0.991605154871063930 
0.50630
0.50630000
===###
171 10
nod21 1 2
nod2 nod1 
1 2 
0.036494555560928364 
0.002303531490828682 0.655003639345081550 
0.09130
0.09130000
===###
172 5
nod6 2 1
nod8 
2 
0.454120323302861120 
0.107737238061914390 0.870493422858201420 
0.43840
0.43840000
===###
173 10
nod2 2 2
nod1 nod21 
2 1 
0.450141072343530120 
0.021029282412975532 0.948672992080788590 
0.20390
0.20390000
===###
174 9
nod15 3 2
nod21 nod1 
1 1 
0.119776820905763150 
0.002044896227807683 0.993309008002434820 
0.13650
0.13650000
===###
175 4
nod1 2 2
nod23 nod2 
1 3 
0.137124482959024320 
0.000088506081268685 0.994850005456480280 
0.43490
0.43490000
===###
176 3
nod8 1 1
nod6 
3 
0.392170446020079170 
0.003226190517803425 0.998888258342939710 
0.45800
0.45800000
===###
177 9
nod8 1 2
nod1 nod21 
2 3 
0.768090958836107450 
0.010358881363766911 0.999201471694380120 
0.92400
0.92400000
===###
178 2
nod8 1 1
nod6 
1 
0.629236548396297610 
0.002264943070548310 0.993731420758549140 
0.42930
0.42930000
===###
179 5
nod8 1 2
nod1 nod15 
2 1 
0.090693385627293940 
0.010302348365582704 0.811802372395486250 
0.20800
0.20800000
===###
180 6
nod21 3 2
nod2 nod23 
2 2 
0.440498278377320750 
0.001922220222093680 0.997527688243448170 
0.29330
0.29330000
===###
181 5
nod6 3 0
0.059327207789220925 
0.013681024950431366 0.768828721366837550 
0.15890
0.15890000
===###
182 7
nod15 4 2
nod1 nod8 
2 1 
0.436929942530155160 
0.004582328081757581 0.982798728890526330 
0.21720
0.21720000
===###
183 7
nod1 2 2
nod23 nod2 
4 2 
0.273879444466746500 
0.001781864968237646 0.995960699138096040 
0.41340
0.41340000
===###
184 8
nod15 4 1
nod6 
2 
0.097148828585295471 
0.000478567026352810 0.995327322495834670 
0.32810
0.32810000
===###
185 3
nod15 1 1
nod6 
2 
0.209990397214907530 
0.001151069736025552 0.994776156334609810 
0.23130
0.23130000
===###
186 8
nod21 4 2
nod1 nod23 
2 2 
0.072989276869814559 
0.000597447179907677 0.990582728485639220 
0.05420
0.05420000
===###
187 5
nod6 3 1
nod15 
3 
0.541302579391439330 
0.046605249178018462 0.873929771456646630 
0.32450
0.32450000
===###
188 3
nod15 2 2
nod21 nod8 
2 1 
0.342501859053516880 
0.001927110705843181 0.996160599110604510 
0.60330
0.60330000
===###
189 6
nod2 1 2
nod21 nod23 
2 3 
0.461398367548354450 
0.005193008669605925 0.990380237681206310 
0.36940
0.36940000
===###
190 4
nod1 2 2
nod2 nod21 
2 3 
0.101697280283406700 
0.000021751289463623 0.998362410494620380 
0.28420
0.28420000
===###
191 7
nod1 1 0
0.496392318964156480 
0.023478561686093264 0.961099344983496470 
0.71340
0.71340000
===###
192 3
nod21 1 2
nod15 nod8 
4 1 
0.494945915769645470 
0.002730278060229379 0.995111910511250700 
0.71210
0.71210000
===###
193 9
nod2 2 2
nod15 nod1 
3 1 
0.251899581891919800 
0.005538069418959766 0.982527242590362620 
0.15620
0.15620000
===###
194 10
nod2 3 0
0.077248599393282644 
0.040905296712408008 0.649668895126503610 
0.04270
0.04270000
===###
195 1
nod21 1 2
nod2 nod23 
2 2 
0.515560891948475540 
0.001452790774915310 0.996962293241131390 
0.49030
0.49030000
===###
196 7
nod8 1 1
nod15 
2 
0.441517215798055250 
0.002632543985545060 0.996995963375672530 
0.68260
0.68260000
===###
197 2
nod2 1 2
nod23 nod1 
1 1 
0.618160889656792390 
0.000833591318786188 0.999237932956352550 
0.90690
0.90690000
===###
198 8
nod21 3 0
0.201189434970861420 
0.004383287253814081 0.981189735527663310 
0.23740
0.23740000
===###
199 2
nod1 2 2
nod2 nod8 
2 2 
0.147519434000988460 
0.000863555361470118 0.993022047855018910 
0.04460
0.04460000
===###
200 1
nod15 4 1
nod6 
1 
0.124166207084635260 
0.000539794519798940 0.994001224147930910 
0.11230
0.11230000
===###
