Gch_comingSoon999
0 8 0 0 0 0 0
nod1 nod2 nod6 nod8 nod15 nod21 nod23 nod24
2 3 3 2 4 4 4 4
nod21 1 0
0.000244 0.999268 
0.001233 0.996300 0.001233 0.001233
nod1 2
0.500000 0.500000
nod2 3
0.333333 0.333333 0.333333
nod6 3
0.333333 0.333333 0.333333
nod8 2
0.500000 0.500000
nod15 4
0.250000 0.250000 0.250000 0.250000
nod21 4
0.001233 0.996300 0.001233 0.001233
nod23 4
0.250000 0.250000 0.250000 0.250000
nod24 4
0.250000 0.250000 0.250000 0.250000
0 1195.891800 233.677849 
###===
1 0 2 0 0 0 0
nod15 1 0
0.000244 0.999268 
0.285900 0.142300 0.285900 0.285900
nod1 2
0.500000 0.500000
nod2 3
0.333333 0.333333 0.333333
nod6 3
0.333333 0.333333 0.333333
nod8 2
0.500000 0.500000
nod15 4
0.285900 0.142300 0.285900 0.285900
nod21 4
0.001233 0.996300 0.001233 0.001233
nod23 4
0.250000 0.250000 0.250000 0.250000
nod24 4
0.250000 0.250000 0.250000 0.250000
0 1195.891800 233.677849 
2 1005.034691 918.700757 
###===
2 0 0 0 0 0 0
nod2 2 0
