1 6
D 2 0
0.500000000000000000 
0.000488281250000000 0.999511718750000000 
0.41550
0.41550000
===###
2 4
D 2 0
0.415499999999999980 
0.000405761718750000 0.999429199218749950 
0.43860
0.43860000
===###
3 5
F 1 1
D 
2 
0.500000000000000000 
0.000488281250000000 0.999511718750000000 
0.74430
0.74430000
===###
4 3
D 2 1
F 
1 
0.537676012111537930 
0.000525074230577674 0.999548511730577680 
0.60710
0.60710000
===###
5 7
F 1 1
D 
1 
0.459411809729595440 
0.000448644345439058 0.999472081845439010 
0.38400
0.38400000
===###
6 7
D 1 1
E 
2 
0.519249227141999950 
0.000606662056330363 0.999530516823380900 
0.58690
0.58690000
===###
7 1
D 1 1
F 
2 
0.765685000149706530 
0.000747739257958698 0.999771176757958680 
0.67570
0.67570000
===###
8 7
E 2 0
0.497260454982464570 
0.000565130520484741 0.999412626942446040 
0.45080
0.45080000
===###
9 8
D 1 0
0.509858664042323610 
0.000497908851603832 0.999521346351603830 
0.23260
0.23260000
===###
10 9
D 1 0
0.232600000000000030 
0.000227148437500000 0.999250585937500050 
0.04990
0.04990000
===###
